i	x_from_vent	y_from_vent	x_coord	y_coord	cloud_sigma2	mass_released
0	245.0797	-362.3877	678208.0797	3531800.6123	149953.9588	9.2843e+06
1	292.8664	-442.1790	678255.8664	3531720.8210	182688.2899	8.1844e+06
2	348.0175	-533.4552	678311.0175	3531629.5448	219884.5977	7.2160e+06
3	410.0775	-630.0470	678373.0775	3531532.9530	263149.1721	6.3631e+06
4	478.5665	-729.5902	678441.5665	3531433.4098	313986.3058	5.6119e+06
5	552.8595	-830.8357	678515.8595	3531332.1643	372848.0934	4.9502e+06
6	632.3062	-932.8850	678595.3062	3531230.1150	439545.3234	4.3671e+06
7	716.9212	-1035.1317	678679.9212	3531127.8683	513480.5445	3.8533e+06
8	805.7946	-1136.4943	678768.7946	3531026.5057	593440.2926	3.4004e+06
9	897.4597	-1236.4418	678860.4597	3530926.5582	678349.0069	3.0013e+06
10	991.7901	-1334.5759	678954.7901	3530828.4241	767586.0207	2.6493e+06
11	1088.8216	-1430.5403	679051.8216	3530732.4597	860779.4745	2.3390e+06
12	1187.4509	-1524.6610	679150.4509	3530638.3390	957570.6019	2.0653e+06
13	1288.5164	-1616.4015	679251.5164	3530546.5985	1057573.4856	1.8239e+06
14	1390.9636	-1706.1540	679353.9636	3530456.8460	1160436.1788	1.6110e+06
15	1495.1153	-1793.6733	679458.1153	3530369.3267	1265793.6473	1.4231e+06
16	1600.6144	-1879.0490	679563.6144	3530283.9510	1373299.3773	1.2573e+06
17	1707.3775	-1962.2814	679670.3775	3530200.7186	1482611.4872	1.1110e+06
18	1815.2463	-2043.3791	679778.2463	3530119.6209	1593397.6319	9.8186e+05
19	1924.1874	-2122.3261	679887.1874	3530040.6739	1705332.0534	8.6783e+05
20	2033.8084	-2199.3225	679996.8084	3529963.6775	1818102.5097	7.6716e+05
21	2144.5249	-2274.0332	680107.5249	3529888.9668	1931391.9452	6.7826e+05
22	2255.3567	-2347.1489	680218.3567	3529815.8511	2044912.9253	5.9974e+05
23	2367.4478	-2417.7267	680330.4478	3529745.2733	2158351.2726	5.3038e+05
24	2479.5539	-2486.7416	680442.5539	3529676.2584	2271438.5617	4.6910e+05
25	2592.0829	-2553.8121	680555.0829	3529609.1879	2383886.4907	4.1496e+05
26	2705.1123	-2618.8507	680668.1123	3529544.1493	2495419.2003	3.6712e+05
27	2817.9815	-2682.4194	680780.9815	3529480.5806	2605780.0185	3.2483e+05
28	2931.2391	-2744.0836	680894.2391	3529418.9164	2714699.6950	2.8745e+05
29	3044.5901	-2804.0623	681007.5901	3529358.9377	2821991.8926	2.5440e+05
30	3157.5565	-2862.8099	681120.5565	3529300.1901	2924226.2948	2.2519e+05
31	3270.2802	-2920.5956	681233.2802	3529242.4044	3028184.8498	1.9935e+05
32	3382.7794	-2977.4380	681345.7794	3529185.5620	3130203.4631	1.7650e+05
33	3494.6176	-3033.5215	681457.6176	3529129.4785	3230122.5152	1.5629e+05
34	3605.7912	-3088.8597	681568.7912	3529074.1403	3327787.9515	1.3840e+05
35	3716.8195	-3143.3792	681679.8195	3529019.6208	3423048.0059	1.2258e+05
36	3827.2669	-3197.1660	681790.2669	3528965.8340	3515778.2621	1.0858e+05
37	3937.0113	-3250.2540	681900.0113	3528912.7460	3605858.5252	9.6195e+04
38	4046.0501	-3302.6574	682009.0501	3528860.3426	3693175.4872	8.5229e+04
39	4154.6054	-3354.3459	682117.6054	3528808.6541	3777620.2308	7.5522e+04
40	4262.7250	-3405.3237	682225.7250	3528757.6763	3859094.6918	6.6928e+04
41	4370.1056	-3455.6641	682333.1056	3528707.3359	3937514.2824	5.9319e+04
42	4476.7454	-3505.3809	682439.7454	3528657.6191	4012795.9385	5.2580e+04
43	4582.6423	-3554.4877	682545.6423	3528608.5123	4084863.0550	4.6613e+04
44	4687.7941	-3602.9981	682650.7941	3528560.0019	4153645.1494	4.1327e+04
45	4792.4592	-3650.8662	682755.4592	3528512.1338	4219072.9427	3.6644e+04
46	4896.4568	-3698.1457	682859.4568	3528464.8543	4281090.5167	3.2496e+04
47	4999.6778	-3744.8743	682962.6778	3528418.1257	4339646.0266	2.8820e+04
48	5102.1198	-3791.0646	683065.1198	3528371.9354	4394690.8867	2.5563e+04
49	5203.7799	-3836.7296	683166.7799	3528326.2704	4446181.4942	2.2676e+04
50	5304.6554	-3881.8817	683267.6554	3528281.1183	4494079.0813	2.0117e+04
51	5404.7432	-3926.5334	683367.7432	3528236.4666	4538349.5877	1.7849e+04
52	5504.0401	-3970.6968	683467.0401	3528192.3032	4578963.5488	1.5838e+04
53	5602.5425	-4014.3842	683565.5425	3528148.6158	4615896.0012	1.4055e+04
54	5700.2469	-4057.6073	683663.2469	3528105.3927	4649126.4006	1.2474e+04
55	5793.7695	-4098.8505	683756.7695	3528064.1495	4678355.8445	1.1072e+04
56	5886.0957	-4139.4762	683849.0957	3528023.5238	4703822.4657	9.8282e+03
57	5978.3122	-4179.9890	683941.3122	3527983.0110	4725609.8525	8.7252e+03
58	6070.4091	-4220.3973	684033.4091	3527942.6027	4743714.0546	7.7466e+03
59	6162.3761	-4260.7098	684125.3761	3527902.2902	4758135.3182	6.8784e+03
60	6254.2034	-4300.9349	684217.2034	3527862.0651	4768878.0601	6.1081e+03
61	6345.8812	-4341.0812	684308.8812	3527821.9188	4775950.8483	5.4246e+03
62	6437.4841	-4381.1923	684400.4841	3527781.8077	4775950.8483	4.8179e+03
63	6529.0871	-4421.3034	684492.0871	3527741.6966	4775950.8483	4.2795e+03
64	6620.6900	-4461.4145	684583.6900	3527701.5855	4775950.8483	3.8016e+03
65	6712.2930	-4501.5256	684675.2930	3527661.4744	4775950.8483	3.3773e+03
66	6803.8959	-4541.6368	684766.8959	3527621.3632	4775950.8483	3.0007e+03
67	6895.4988	-4581.7479	684858.4988	3527581.2521	4775950.8483	2.6662e+03
68	6987.1018	-4621.8590	684950.1018	3527541.1410	4775950.8483	2.3693e+03
69	7078.7047	-4661.9701	685041.7047	3527501.0299	4775950.8483	2.1056e+03
70	7170.3077	-4702.0812	685133.3077	3527460.9188	4775950.8483	1.8714e+03
71	7261.9106	-4742.1923	685224.9106	3527420.8077	4775950.8483	1.6633e+03
72	7353.5136	-4782.3034	685316.5136	3527380.6966	4775950.8483	1.4785e+03
73	7445.1165	-4822.4145	685408.1165	3527340.5855	4775950.8483	1.3144e+03
74	7536.7194	-4862.5256	685499.7194	3527300.4744	4775950.8483	1.1686e+03
75	7628.3224	-4902.6367	685591.3224	3527260.3633	4775950.8483	1.0390e+03
76	7719.9253	-4942.7478	685682.9253	3527220.2522	4775950.8483	9.2383e+02
77	7811.5283	-4982.8590	685774.5283	3527180.1410	4775950.8483	8.2151e+02
78	7903.1312	-5022.9701	685866.1312	3527140.0299	4775950.8483	7.3058e+02
79	7994.7341	-5063.0812	685957.7341	3527099.9188	4775950.8483	6.4976e+02
80	8086.3371	-5103.1923	686049.3371	3527059.8077	4775950.8483	5.7792e+02
81	8177.9400	-5143.3034	686140.9400	3527019.6966	4775950.8483	5.1406e+02
82	8269.5430	-5183.4145	686232.5430	3526979.5855	4775950.8483	4.5728e+02
83	8361.1459	-5223.5256	686324.1459	3526939.4744	4775950.8483	4.0681e+02
84	8452.7489	-5263.6367	686415.7489	3526899.3633	4775950.8483	3.6193e+02
85	8544.3518	-5303.7478	686507.3518	3526859.2522	4775950.8483	3.2202e+02
86	8635.9547	-5343.8589	686598.9547	3526819.1411	4775950.8483	2.8654e+02
87	8727.5577	-5383.9700	686690.5577	3526779.0300	4775950.8483	2.5498e+02
88	8819.1606	-5424.0811	686782.1606	3526738.9189	4775950.8483	2.2691e+02
89	8910.7636	-5464.1923	686873.7636	3526698.8077	4775950.8483	2.0194e+02
90	9002.3665	-5504.3034	686965.3665	3526658.6966	4775950.8483	1.7973e+02
91	9093.9694	-5544.4145	687056.9694	3526618.5855	4775950.8483	1.5998e+02
92	9185.5724	-5584.5256	687148.5724	3526578.4744	4775950.8483	1.4240e+02
93	9277.1753	-5624.6367	687240.1753	3526538.3633	4775950.8483	1.2677e+02
94	9368.7783	-5664.7478	687331.7783	3526498.2522	4775950.8483	1.1285e+02
95	9460.3812	-5704.8589	687423.3812	3526458.1411	4775950.8483	1.0047e+02
96	9551.9842	-5744.9700	687514.9842	3526418.0300	4775950.8483	8.9455e+01
97	9643.5871	-5785.0811	687606.5871	3526377.9189	4775950.8483	7.9651e+01
98	9735.1900	-5825.1922	687698.1900	3526337.8078	4775950.8483	7.0925e+01
99	9826.7930	-5865.3033	687789.7930	3526297.6967	4775950.8483	6.3159e+01
100	9918.3959	-5905.4145	687881.3959	3526257.5855	4775950.8483	5.6246e+01
101	10009.9989	-5945.5256	687972.9989	3526217.4744	4775950.8483	5.0093e+01
102	10101.6018	-5985.6367	688064.6018	3526177.3633	4775950.8483	4.4615e+01
103	10193.2048	-6025.7478	688156.2048	3526137.2522	4775950.8483	3.9738e+01
104	10284.8077	-6065.8589	688247.8077	3526097.1411	4775950.8483	3.5397e+01
105	10376.4106	-6105.9700	688339.4106	3526057.0300	4775950.8483	3.1531e+01
106	10468.0136	-6146.0811	688431.0136	3526016.9189	4775950.8483	2.8089e+01
107	10559.6165	-6186.1922	688522.6165	3525976.8078	4775950.8483	2.5024e+01
108	10651.2195	-6226.3033	688614.2195	3525936.6967	4775950.8483	2.2294e+01
109	10742.8224	-6266.4144	688705.8224	3525896.5856	4775950.8483	1.9863e+01
110	10834.4253	-6306.5255	688797.4253	3525856.4745	4775950.8483	1.7699e+01
111	10926.0283	-6346.6366	688889.0283	3525816.3634	4775950.8483	1.5770e+01
112	11017.6312	-6386.7478	688980.6312	3525776.2522	4775950.8483	1.4053e+01
113	11109.2342	-6426.8589	689072.2342	3525736.1411	4775950.8483	1.2523e+01
114	11200.8371	-6466.9700	689163.8371	3525696.0300	4775950.8483	1.1160e+01
115	11292.4401	-6507.0811	689255.4401	3525655.9189	4775950.8483	9.9464e+00
116	11384.0430	-6547.1922	689347.0430	3525615.8078	4775950.8483	8.8648e+00
117	11475.6459	-6587.3033	689438.6459	3525575.6967	4775950.8483	7.9012e+00
118	11567.2489	-6627.4144	689530.2489	3525535.5856	4775950.8483	7.0427e+00
119	11658.8518	-6667.5255	689621.8518	3525495.4745	4775950.8483	6.2777e+00
120	11750.4548	-6707.6366	689713.4548	3525455.3634	4775950.8483	5.5961e+00
121	11842.0577	-6747.7477	689805.0577	3525415.2523	4775950.8483	4.9887e+00
122	11933.6606	-6787.8588	689896.6606	3525375.1412	4775950.8483	4.4474e+00
123	12025.2636	-6827.9699	689988.2636	3525335.0301	4775950.8483	3.9650e+00
124	12116.8665	-6868.0811	690079.8665	3525294.9189	4775950.8483	3.5351e+00
125	12208.4695	-6908.1922	690171.4695	3525254.8078	4775950.8483	3.1519e+00
126	12300.0724	-6948.3033	690263.0724	3525214.6967	4775950.8483	2.8104e+00
127	12391.6754	-6988.4144	690354.6754	3525174.5856	4775950.8483	2.5059e+00
128	12483.2783	-7028.5255	690446.2783	3525134.4745	4775950.8483	2.2346e+00
129	12574.8812	-7068.6366	690537.8812	3525094.3634	4775950.8483	1.9927e+00
130	12666.4842	-7108.7477	690629.4842	3525054.2523	4775950.8483	1.7770e+00
131	12758.0871	-7148.8588	690721.0871	3525014.1412	4775950.8483	1.5848e+00
132	12849.6901	-7188.9699	690812.6901	3524974.0301	4775950.8483	1.4134e+00
133	12941.2930	-7229.0810	690904.2930	3524933.9190	4775950.8483	1.2606e+00
134	13032.8959	-7269.1921	690995.8959	3524893.8079	4775950.8483	1.1243e+00
135	13124.4989	-7309.3033	691087.4989	3524853.6967	4775950.8483	1.0029e+00
136	13216.1018	-7349.4144	691179.1018	3524813.5856	4775950.8483	8.9453e-01
137	13307.7048	-7389.5255	691270.7048	3524773.4745	4775950.8483	7.9793e-01
138	13399.3077	-7429.6366	691362.3077	3524733.3634	4775950.8483	7.1179e-01
139	13490.9107	-7469.7477	691453.9107	3524693.2523	4775950.8483	6.3497e-01
140	13582.5136	-7509.8588	691545.5136	3524653.1412	4775950.8483	5.6646e-01
141	13674.1165	-7549.9699	691637.1165	3524613.0301	4775950.8483	5.0536e-01
142	13765.7195	-7590.0810	691728.7195	3524572.9190	4775950.8483	4.5086e-01
143	13857.3224	-7630.1921	691820.3224	3524532.8079	4775950.8483	4.0226e-01
144	13948.9254	-7670.3032	691911.9254	3524492.6968	4775950.8483	3.5890e-01
145	14040.5283	-7710.4143	692003.5283	3524452.5857	4775950.8483	3.2023e-01
146	14132.1313	-7750.5254	692095.1313	3524412.4746	4775950.8483	2.8574e-01
147	14223.7342	-7790.6366	692186.7342	3524372.3634	4775950.8483	2.5497e-01
148	14315.3371	-7830.7477	692278.3371	3524332.2523	4775950.8483	2.2752e-01
149	14406.9401	-7870.8588	692369.9401	3524292.1412	4775950.8483	2.0303e-01
150	14498.5430	-7910.9699	692461.5430	3524252.0301	4775950.8483	1.8118e-01
151	14590.1460	-7951.0810	692553.1460	3524211.9190	4775950.8483	1.6169e-01
152	14681.7489	-7991.1921	692644.7489	3524171.8079	4775950.8483	1.4430e-01
153	14773.3518	-8031.3032	692736.3518	3524131.6968	4775950.8483	1.2878e-01
154	14864.9548	-8071.4143	692827.9548	3524091.5857	4775950.8483	1.1494e-01
155	14956.5577	-8111.5254	692919.5577	3524051.4746	4775950.8483	1.0259e-01
156	15048.1607	-8151.6365	693011.1607	3524011.3635	4775950.8483	9.1563e-02
157	15139.7636	-8191.7476	693102.7636	3523971.2524	4775950.8483	8.1727e-02
158	15231.3666	-8231.8588	693194.3666	3523931.1412	4775950.8483	7.2949e-02
159	15322.9695	-8271.9699	693285.9695	3523891.0301	4775950.8483	6.5117e-02
160	15414.5724	-8312.0810	693377.5724	3523850.9190	4775950.8483	5.8126e-02
161	15506.1754	-8352.1921	693469.1754	3523810.8079	4775950.8483	5.1888e-02
162	15597.7783	-8392.3032	693560.7783	3523770.6968	4775950.8483	4.6320e-02
163	15689.3813	-8432.4143	693652.3813	3523730.5857	4775950.8483	4.1351e-02
164	15780.9842	-8472.5254	693743.9842	3523690.4746	4775950.8483	3.6916e-02
165	15872.5871	-8512.6365	693835.5871	3523650.3635	4775950.8483	3.2958e-02
166	15964.1901	-8552.7476	693927.1901	3523610.2524	4775950.8483	2.9424e-02
167	16055.7930	-8592.8587	694018.7930	3523570.1413	4775950.8483	2.6271e-02
168	16147.3960	-8632.9698	694110.3960	3523530.0302	4775950.8483	2.3455e-02
169	16238.9989	-8673.0809	694201.9989	3523489.9191	4775950.8483	2.0942e-02
170	16330.6019	-8713.1921	694293.6019	3523449.8079	4775950.8483	1.8699e-02
171	16422.2048	-8753.3032	694385.2048	3523409.6968	4775950.8483	1.6697e-02
172	16513.8077	-8793.4143	694476.8077	3523369.5857	4775950.8483	1.4909e-02
173	16605.4107	-8833.5254	694568.4107	3523329.4746	4775950.8483	1.3313e-02
174	16697.0136	-8873.6365	694660.0136	3523289.3635	4775950.8483	1.1888e-02
175	16788.6166	-8913.7476	694751.6166	3523249.2524	4775950.8483	1.0616e-02
176	16880.2195	-8953.8587	694843.2195	3523209.1413	4775950.8483	9.4800e-03
177	16971.8225	-8993.9698	694934.8225	3523169.0302	4775950.8483	8.4659e-03
178	17063.4254	-9034.0809	695026.4254	3523128.9191	4775950.8483	7.5605e-03
179	17155.0283	-9074.1920	695118.0283	3523088.8080	4775950.8483	6.7521e-03
180	17246.6313	-9114.3031	695209.6313	3523048.6969	4775950.8483	6.0302e-03
181	17338.2342	-9154.4142	695301.2342	3523008.5858	4775950.8483	5.3857e-03
182	17429.8372	-9194.5254	695392.8372	3522968.4746	4775950.8483	4.8101e-03
183	17521.4401	-9234.6365	695484.4401	3522928.3635	4775950.8483	4.2962e-03
184	17613.0430	-9274.7476	695576.0430	3522888.2524	4775950.8483	3.8372e-03
185	17704.6460	-9314.8587	695667.6460	3522848.1413	4775950.8483	3.4274e-03
186	17796.2489	-9354.9698	695759.2489	3522808.0302	4775950.8483	3.0613e-03
187	17887.8519	-9395.0809	695850.8519	3522767.9191	4775950.8483	2.7345e-03
188	17979.4548	-9435.1920	695942.4548	3522727.8080	4775950.8483	2.4426e-03
189	18071.0578	-9475.3031	696034.0578	3522687.6969	4775950.8483	2.1818e-03
190	18162.6607	-9515.4142	696125.6607	3522647.5858	4775950.8483	1.9490e-03
191	18254.2636	-9555.5253	696217.2636	3522607.4747	4775950.8483	1.7410e-03
192	18345.8666	-9595.6364	696308.8666	3522567.3636	4775950.8483	1.5553e-03
193	18437.4695	-9635.7476	696400.4695	3522527.2524	4775950.8483	1.3894e-03
194	18529.0725	-9675.8587	696492.0725	3522487.1413	4775950.8483	1.2412e-03
195	18620.6754	-9715.9698	696583.6754	3522447.0302	4775950.8483	1.1089e-03
196	18712.2783	-9756.0809	696675.2783	3522406.9191	4775950.8483	9.9066e-04
197	18803.8813	-9796.1920	696766.8813	3522366.8080	4775950.8483	8.8506e-04
198	18895.4842	-9836.3031	696858.4842	3522326.6969	4775950.8483	7.9073e-04
199	18987.0872	-9876.4142	696950.0872	3522286.5858	4775950.8483	7.0647e-04
200	19078.6901	-9916.5253	697041.6901	3522246.4747	4775950.8483	6.3120e-04
201	19170.2931	-9956.6364	697133.2931	3522206.3636	4775950.8483	5.6396e-04
202	19261.8960	-9996.7475	697224.8960	3522166.2525	4775950.8483	5.0389e-04
203	19353.4989	-10036.8586	697316.4989	3522126.1414	4775950.8483	4.5022e-04
204	19445.1019	-10076.9697	697408.1019	3522086.0303	4775950.8483	4.0228e-04
205	19536.7048	-10117.0809	697499.7048	3522045.9191	4775950.8483	3.5945e-04
206	19628.3078	-10157.1920	697591.3078	3522005.8080	4775950.8483	3.2119e-04
207	19719.9107	-10197.3031	697682.9107	3521965.6969	4775950.8483	2.8701e-04
208	19811.5137	-10237.4142	697774.5137	3521925.5858	4775950.8483	2.5646e-04
209	19903.1166	-10277.5253	697866.1166	3521885.4747	4775950.8483	2.2917e-04
210	19994.7195	-10317.6364	697957.7195	3521845.3636	4775950.8483	2.0479e-04
211	20086.3225	-10357.7475	698049.3225	3521805.2525	4775950.8483	1.8301e-04
212	20177.9254	-10397.8586	698140.9254	3521765.1414	4775950.8483	1.6354e-04
213	20269.5284	-10437.9697	698232.5284	3521725.0303	4775950.8483	1.4615e-04
214	20361.1313	-10478.0808	698324.1313	3521684.9192	4775950.8483	1.3061e-04
215	20452.7342	-10518.1919	698415.7342	3521644.8081	4775950.8483	1.1673e-04
216	20544.3372	-10558.3030	698507.3372	3521604.6970	4775950.8483	1.0432e-04
217	20635.9401	-10598.4142	698598.9401	3521564.5858	4775950.8483	9.3230e-05
218	20727.5431	-10638.5253	698690.5431	3521524.4747	4775950.8483	8.3322e-05
219	20819.1460	-10678.6364	698782.1460	3521484.3636	4775950.8483	7.4468e-05
220	20910.7490	-10718.7475	698873.7490	3521444.2525	4775950.8483	6.6556e-05
221	21002.3519	-10758.8586	698965.3519	3521404.1414	4775950.8483	5.9486e-05
222	21093.9548	-10798.9697	699056.9548	3521364.0303	4775950.8483	5.3167e-05
223	21185.5578	-10839.0808	699148.5578	3521323.9192	4775950.8483	4.7521e-05
224	21277.1607	-10879.1919	699240.1607	3521283.8081	4775950.8483	4.2474e-05
225	21368.7637	-10919.3030	699331.7637	3521243.6970	4775950.8483	3.7965e-05
226	21460.3666	-10959.4141	699423.3666	3521203.5859	4775950.8483	3.3934e-05
227	21551.9695	-10999.5252	699514.9695	3521163.4748	4775950.8483	3.0332e-05
228	21643.5725	-11039.6364	699606.5725	3521123.3636	4775950.8483	2.7113e-05
229	21735.1754	-11079.7475	699698.1754	3521083.2525	4775950.8483	2.4235e-05
230	21826.7784	-11119.8586	699789.7784	3521043.1414	4775950.8483	2.1664e-05
231	21918.3813	-11159.9697	699881.3813	3521003.0303	4775950.8483	1.9365e-05
232	22009.9843	-11200.0808	699972.9843	3520962.9192	4775950.8483	1.7311e-05
233	22101.5872	-11240.1919	700064.5872	3520922.8081	4775950.8483	1.5474e-05
234	22193.1901	-11280.3030	700156.1901	3520882.6970	4775950.8483	1.3833e-05
235	22284.7931	-11320.4141	700247.7931	3520842.5859	4775950.8483	1.2366e-05
236	22376.3960	-11360.5252	700339.3960	3520802.4748	4775950.8483	1.1055e-05
237	22467.9990	-11400.6363	700430.9990	3520762.3637	4775950.8483	9.8827e-06
238	22559.6019	-11440.7474	700522.6019	3520722.2526	4775950.8483	8.8350e-06
239	22651.2048	-11480.8585	700614.2048	3520682.1415	4775950.8483	7.8984e-06
240	22742.8078	-11520.9697	700705.8078	3520642.0303	4775950.8483	7.0612e-06
241	22834.4107	-11561.0808	700797.4107	3520601.9192	4775950.8483	6.3129e-06
242	22926.0137	-11601.1919	700889.0137	3520561.8081	4775950.8483	5.6439e-06
243	23017.6166	-11641.3030	700980.6166	3520521.6970	4775950.8483	5.0459e-06
244	23109.2196	-11681.4141	701072.2196	3520481.5859	4775950.8483	4.5113e-06
245	23200.8225	-11721.5252	701163.8225	3520441.4748	4775950.8483	4.0334e-06
246	23292.4254	-11761.6363	701255.4254	3520401.3637	4775950.8483	3.6062e-06
247	23384.0284	-11801.7474	701347.0284	3520361.2526	4775950.8483	3.2242e-06
248	23475.6313	-11841.8585	701438.6313	3520321.1415	4775950.8483	2.8828e-06
249	23567.2343	-11881.9696	701530.2343	3520281.0304	4775950.8483	2.5775e-06
250	23658.8372	-11922.0807	701621.8372	3520240.9193	4775950.8483	2.3046e-06
251	23750.4402	-11962.1919	701713.4402	3520200.8081	4775950.8483	2.0606e-06
252	23842.0431	-12002.3030	701805.0431	3520160.6970	4775950.8483	1.8425e-06
253	23933.6460	-12042.4141	701896.6460	3520120.5859	4775950.8483	1.6475e-06
254	24025.2490	-12082.5252	701988.2490	3520080.4748	4775950.8483	1.4731e-06
255	24116.8519	-12122.6363	702079.8519	3520040.3637	4775950.8483	1.3172e-06
256	24208.4549	-12162.7474	702171.4549	3520000.2526	4775950.8483	1.1778e-06
257	24300.0578	-12202.8585	702263.0578	3519960.1415	4775950.8483	1.0532e-06
258	24391.6607	-12242.9696	702354.6607	3519920.0304	4775950.8483	9.4177e-07
259	24483.2637	-12283.0807	702446.2637	3519879.9193	4775950.8483	8.4214e-07
260	24574.8666	-12323.1918	702537.8666	3519839.8082	4775950.8483	7.5306e-07
261	24666.4696	-12363.3029	702629.4696	3519799.6971	4775950.8483	6.7341e-07
262	24758.0725	-12403.4140	702721.0725	3519759.5860	4775950.8483	6.0219e-07
263	24849.6755	-12443.5252	702812.6755	3519719.4748	4775950.8483	5.3851e-07
264	24941.2784	-12483.6363	702904.2784	3519679.3637	4775950.8483	4.8157e-07
265	25032.8813	-12523.7474	702995.8813	3519639.2526	4775950.8483	4.3066e-07
266	25124.4843	-12563.8585	703087.4843	3519599.1415	4775950.8483	3.8513e-07
267	25216.0872	-12603.9696	703179.0872	3519559.0304	4775950.8483	3.4441e-07
268	25307.6902	-12644.0807	703270.6902	3519518.9193	4775950.8483	3.0801e-07
269	25399.2931	-12684.1918	703362.2931	3519478.8082	4775950.8483	2.7546e-07
270	25490.8960	-12724.3029	703453.8960	3519438.6971	4775950.8483	2.4635e-07
271	25582.4990	-12764.4140	703545.4990	3519398.5860	4775950.8483	2.2031e-07
272	25674.1019	-12804.5251	703637.1019	3519358.4749	4775950.8483	1.9703e-07
273	25765.7049	-12844.6362	703728.7049	3519318.3638	4775950.8483	1.7622e-07
274	25857.3078	-12884.7473	703820.3078	3519278.2527	4775950.8483	1.5760e-07
275	25948.9108	-12924.8585	703911.9108	3519238.1415	4775950.8483	1.4095e-07
276	26040.5137	-12964.9696	704003.5137	3519198.0304	4775950.8483	1.2606e-07
277	26132.1166	-13005.0807	704095.1166	3519157.9193	4775950.8483	1.1275e-07
278	26223.7196	-13045.1918	704186.7196	3519117.8082	4775950.8483	1.0084e-07
279	26315.3225	-13085.3029	704278.3225	3519077.6971	4775950.8483	9.0192e-08
280	26406.9255	-13125.4140	704369.9255	3519037.5860	4775950.8483	8.0669e-08
281	26498.5284	-13165.5251	704461.5284	3518997.4749	4775950.8483	7.2151e-08
282	26590.1314	-13205.6362	704553.1314	3518957.3638	4775950.8483	6.4534e-08
283	26681.7343	-13245.7473	704644.7343	3518917.2527	4775950.8483	5.7721e-08
284	26773.3372	-13285.8584	704736.3372	3518877.1416	4775950.8483	5.1628e-08
285	26864.9402	-13325.9695	704827.9402	3518837.0305	4775950.8483	4.6179e-08
286	26956.5431	-13366.0807	704919.5431	3518796.9193	4775950.8483	4.1305e-08
287	27048.1461	-13406.1918	705011.1461	3518756.8082	4775950.8483	3.6946e-08
288	27139.7490	-13446.3029	705102.7490	3518716.6971	4775950.8483	3.3047e-08
289	27231.3519	-13486.4140	705194.3519	3518676.5860	4775950.8483	2.9560e-08
290	27322.9549	-13526.5251	705285.9549	3518636.4749	4775950.8483	2.6441e-08
291	27414.5578	-13566.6362	705377.5578	3518596.3638	4775950.8483	2.3652e-08
292	27506.1608	-13606.7473	705469.1608	3518556.2527	4775950.8483	2.1156e-08
293	27597.7637	-13646.8584	705560.7637	3518516.1416	4775950.8483	1.8925e-08
294	27689.3667	-13686.9695	705652.3667	3518476.0305	4775950.8483	1.6929e-08
295	27780.9696	-13727.0806	705743.9696	3518435.9194	4775950.8483	1.5143e-08
296	27872.5725	-13767.1917	705835.5725	3518395.8083	4775950.8483	1.3546e-08
297	27964.1755	-13807.3028	705927.1755	3518355.6972	4775950.8483	1.2118e-08
298	28055.7784	-13847.4140	706018.7784	3518315.5860	4775950.8483	1.0840e-08
299	28147.3814	-13887.5251	706110.3814	3518275.4749	4775950.8483	9.6968e-09
300	28238.9843	-13927.6362	706201.9843	3518235.3638	4775950.8483	8.6744e-09
301	28330.5872	-13967.7473	706293.5872	3518195.2527	4775950.8483	7.7599e-09
302	28422.1902	-14007.8584	706385.1902	3518155.1416	4775950.8483	6.9419e-09
303	28513.7931	-14047.9695	706476.7931	3518115.0305	4775950.8483	6.2101e-09
304	28605.3961	-14088.0806	706568.3961	3518074.9194	4775950.8483	5.5556e-09
305	28696.9990	-14128.1917	706659.9990	3518034.8083	4775950.8483	4.9700e-09
306	28788.6020	-14168.3028	706751.6020	3517994.6972	4775950.8483	4.4462e-09
307	28880.2049	-14208.4139	706843.2049	3517954.5861	4775950.8483	3.9777e-09
308	28971.8078	-14248.5250	706934.8078	3517914.4750	4775950.8483	3.5585e-09
309	29063.4108	-14288.6362	707026.4108	3517874.3638	4775950.8483	3.1836e-09
310	29155.0137	-14328.7473	707118.0137	3517834.2527	4775950.8483	2.8481e-09
311	29246.6167	-14368.8584	707209.6167	3517794.1416	4775950.8483	2.5481e-09
312	29338.2196	-14408.9695	707301.2196	3517754.0305	4775950.8483	2.2796e-09
313	29429.8226	-14449.0806	707392.8226	3517713.9194	4775950.8483	2.0395e-09
314	29521.4255	-14489.1917	707484.4255	3517673.8083	4775950.8483	1.8247e-09
315	29613.0284	-14529.3028	707576.0284	3517633.6972	4775950.8483	1.6325e-09
316	29704.6314	-14569.4139	707667.6314	3517593.5861	4775950.8483	1.4605e-09
317	29796.2343	-14609.5250	707759.2343	3517553.4750	4775950.8483	1.3067e-09
318	29887.8373	-14649.6361	707850.8373	3517513.3639	4775950.8483	1.1691e-09
319	29979.4402	-14689.7472	707942.4402	3517473.2528	4775950.8483	1.0460e-09
320	30071.0431	-14729.8583	708034.0431	3517433.1417	4775950.8483	9.3587e-10
321	30162.6461	-14769.9695	708125.6461	3517393.0305	4775950.8483	8.3734e-10
322	30254.2490	-14810.0806	708217.2490	3517352.9194	4775950.8483	7.4918e-10
323	30345.8520	-14850.1917	708308.8520	3517312.8083	4775950.8483	6.7031e-10
324	30437.4549	-14890.3028	708400.4549	3517272.6972	4775950.8483	5.9975e-10
325	30529.0579	-14930.4139	708492.0579	3517232.5861	4775950.8483	5.3662e-10
326	30620.6608	-14970.5250	708583.6608	3517192.4750	4775950.8483	4.8013e-10
327	30712.2637	-15010.6361	708675.2637	3517152.3639	4775950.8483	4.2960e-10
328	30803.8667	-15050.7472	708766.8667	3517112.2528	4775950.8483	3.8439e-10
329	30895.4696	-15090.8583	708858.4696	3517072.1417	4775950.8483	3.4393e-10
330	30987.0726	-15130.9694	708950.0726	3517032.0306	4775950.8483	3.0774e-10
331	31078.6755	-15171.0805	709041.6755	3516991.9195	4775950.8483	2.7536e-10
332	31170.2784	-15211.1916	709133.2784	3516951.8084	4775950.8483	2.4639e-10
333	31261.8814	-15251.3028	709224.8814	3516911.6972	4775950.8483	2.2046e-10
334	31353.4843	-15291.4139	709316.4843	3516871.5861	4775950.8483	1.9727e-10
335	31445.0873	-15331.5250	709408.0873	3516831.4750	4775950.8483	1.7652e-10
336	31536.6902	-15371.6361	709499.6902	3516791.3639	4775950.8483	1.5795e-10
337	31628.2932	-15411.7472	709591.2932	3516751.2528	4775950.8483	1.4133e-10
338	31719.8961	-15451.8583	709682.8961	3516711.1417	4775950.8483	1.2647e-10
339	31811.4990	-15491.9694	709774.4990	3516671.0306	4775950.8483	1.1317e-10
340	31903.1020	-15532.0805	709866.1020	3516630.9195	4775950.8483	1.0126e-10
341	31994.7049	-15572.1916	709957.7049	3516590.8084	4775950.8483	9.0614e-11
342	32086.3079	-15612.3027	710049.3079	3516550.6973	4775950.8483	8.1085e-11
343	32177.9108	-15652.4138	710140.9108	3516510.5862	4775950.8483	7.2558e-11
344	32269.5137	-15692.5250	710232.5137	3516470.4750	4775950.8483	6.4929e-11
345	32361.1167	-15732.6361	710324.1167	3516430.3639	4775950.8483	5.8102e-11
346	32452.7196	-15772.7472	710415.7196	3516390.2528	4775950.8483	5.1993e-11
347	32544.3226	-15812.8583	710507.3226	3516350.1417	4775950.8483	4.6527e-11
348	32635.9255	-15852.9694	710598.9255	3516310.0306	4775950.8483	4.1635e-11
349	32727.5285	-15893.0805	710690.5285	3516269.9195	4775950.8483	3.7259e-11
350	32819.1314	-15933.1916	710782.1314	3516229.8084	4775950.8483	3.3342e-11
351	32910.7343	-15973.3027	710873.7343	3516189.6973	4775950.8483	2.9837e-11
352	33002.3373	-16013.4138	710965.3373	3516149.5862	4775950.8483	2.6701e-11
353	33093.9402	-16053.5249	711056.9402	3516109.4751	4775950.8483	2.3895e-11
354	33185.5432	-16093.6360	711148.5432	3516069.3640	4775950.8483	2.1384e-11
355	33277.1461	-16133.7471	711240.1461	3516029.2529	4775950.8483	1.9136e-11
356	33368.7491	-16173.8583	711331.7491	3515989.1417	4775950.8483	1.7125e-11
357	33460.3520	-16213.9694	711423.3520	3515949.0306	4775950.8483	1.5326e-11
358	33551.9549	-16254.0805	711514.9549	3515908.9195	4775950.8483	1.3716e-11
359	33643.5579	-16294.1916	711606.5579	3515868.8084	4775950.8483	1.2274e-11
360	33735.1608	-16334.3027	711698.1608	3515828.6973	4775950.8483	1.0985e-11
361	33826.7638	-16374.4138	711789.7638	3515788.5862	4775950.8483	9.8307e-12
362	33918.3667	-16414.5249	711881.3667	3515748.4751	4775950.8483	8.7980e-12
363	34009.9696	-16454.6360	711972.9696	3515708.3640	4775950.8483	7.8737e-12
364	34101.5726	-16494.7471	712064.5726	3515668.2529	4775950.8483	7.0466e-12
365	34193.1755	-16534.8582	712156.1755	3515628.1418	4775950.8483	6.3064e-12
366	34284.7785	-16574.9693	712247.7785	3515588.0307	4775950.8483	5.6440e-12
367	34376.3814	-16615.0804	712339.3814	3515547.9196	4775950.8483	5.0512e-12
368	34467.9844	-16655.1916	712430.9844	3515507.8084	4775950.8483	4.5207e-12
369	34559.5873	-16695.3027	712522.5873	3515467.6973	4775950.8483	4.0460e-12
370	34651.1902	-16735.4138	712614.1902	3515427.5862	4775950.8483	3.6211e-12
371	34742.7932	-16775.5249	712705.7932	3515387.4751	4775950.8483	3.2408e-12
372	34834.3961	-16815.6360	712797.3961	3515347.3640	4775950.8483	2.9005e-12
373	34925.9991	-16855.7471	712888.9991	3515307.2529	4775950.8483	2.5959e-12
374	35017.6020	-16895.8582	712980.6020	3515267.1418	4775950.8483	2.3234e-12
375	35109.2049	-16935.9693	713072.2049	3515227.0307	4775950.8483	2.0794e-12
376	35200.8079	-16976.0804	713163.8079	3515186.9196	4775950.8483	1.8611e-12
377	35292.4108	-17016.1915	713255.4108	3515146.8085	4775950.8483	1.6657e-12
378	35384.0138	-17056.3026	713347.0138	3515106.6974	4775950.8483	1.4909e-12
379	35475.6167	-17096.4138	713438.6167	3515066.5862	4775950.8483	1.3344e-12
380	35567.2197	-17136.5249	713530.2197	3515026.4751	4775950.8483	1.1943e-12
381	35658.8226	-17176.6360	713621.8226	3514986.3640	4775950.8483	1.0689e-12
382	35750.4255	-17216.7471	713713.4255	3514946.2529	4775950.8483	9.5673e-13
383	35842.0285	-17256.8582	713805.0285	3514906.1418	4775950.8483	8.5632e-13
384	35933.6314	-17296.9693	713896.6314	3514866.0307	4775950.8483	7.6644e-13
385	36025.2344	-17337.0804	713988.2344	3514825.9196	4775950.8483	6.8601e-13
386	36116.8373	-17377.1915	714079.8373	3514785.8085	4775950.8483	6.1402e-13
387	36208.4403	-17417.3026	714171.4403	3514745.6974	4775950.8483	5.4958e-13
388	36300.0432	-17457.4137	714263.0432	3514705.5863	4775950.8483	4.9191e-13
389	36391.6461	-17497.5248	714354.6461	3514665.4752	4775950.8483	4.4029e-13
390	36483.2491	-17537.6359	714446.2491	3514625.3641	4775950.8483	3.9409e-13
391	36574.8520	-17577.7471	714537.8520	3514585.2529	4775950.8483	3.5275e-13
392	36666.4550	-17617.8582	714629.4550	3514545.1418	4775950.8483	3.1574e-13
393	36758.0579	-17657.9693	714721.0579	3514505.0307	4775950.8483	2.8261e-13
394	36849.6608	-17698.0804	714812.6608	3514464.9196	4775950.8483	2.5296e-13
395	36941.2638	-17738.1915	714904.2638	3514424.8085	4775950.8483	2.2642e-13
396	37032.8667	-17778.3026	714995.8667	3514384.6974	4775950.8483	2.0267e-13
397	37124.4697	-17818.4137	715087.4697	3514344.5863	4775950.8483	1.8141e-13
398	37216.0726	-17858.5248	715179.0726	3514304.4752	4775950.8483	1.6238e-13
399	37307.6756	-17898.6359	715270.6756	3514264.3641	4775950.8483	1.4535e-13
400	37399.2785	-17938.7470	715362.2785	3514224.2530	4775950.8483	1.3011e-13
401	37490.8814	-17978.8581	715453.8814	3514184.1419	4775950.8483	1.1646e-13
402	37582.4844	-18018.9693	715545.4844	3514144.0307	4775950.8483	1.0425e-13
403	37674.0873	-18059.0804	715637.0873	3514103.9196	4775950.8483	9.3313e-14
404	37765.6903	-18099.1915	715728.6903	3514063.8085	4775950.8483	8.3527e-14
405	37857.2932	-18139.3026	715820.2932	3514023.6974	4775950.8483	7.4768e-14
406	37948.8961	-18179.4137	715911.8961	3513983.5863	4775950.8483	6.6928e-14
407	38040.4991	-18219.5248	716003.4991	3513943.4752	4775950.8483	5.9910e-14
408	38132.1020	-18259.6359	716095.1020	3513903.3641	4775950.8483	5.3628e-14
409	38223.7050	-18299.7470	716186.7050	3513863.2530	4775950.8483	4.8005e-14
410	38315.3079	-18339.8581	716278.3079	3513823.1419	4775950.8483	4.2972e-14
411	38406.9109	-18379.9692	716369.9109	3513783.0308	4775950.8483	3.8466e-14
412	38498.5138	-18420.0803	716461.5138	3513742.9197	4775950.8483	3.4434e-14
413	38590.1167	-18460.1914	716553.1167	3513702.8086	4775950.8483	3.0824e-14
414	38681.7197	-18500.3026	716644.7197	3513662.6974	4775950.8483	2.7592e-14
415	38773.3226	-18540.4137	716736.3226	3513622.5863	4775950.8483	2.4700e-14
416	38864.9256	-18580.5248	716827.9256	3513582.4752	4775950.8483	2.2111e-14
417	38956.5285	-18620.6359	716919.5285	3513542.3641	4775950.8483	1.9793e-14
418	39048.1315	-18660.7470	717011.1315	3513502.2530	4775950.8483	1.7718e-14
419	39139.7344	-18700.8581	717102.7344	3513462.1419	4775950.8483	1.5861e-14
420	39231.3373	-18740.9692	717194.3373	3513422.0308	4775950.8483	1.4199e-14
421	39322.9403	-18781.0803	717285.9403	3513381.9197	4775950.8483	1.2711e-14
422	39414.5432	-18821.1914	717377.5432	3513341.8086	4775950.8483	1.1379e-14
423	39506.1462	-18861.3025	717469.1462	3513301.6975	4775950.8483	1.0186e-14
424	39597.7491	-18901.4136	717560.7491	3513261.5864	4775950.8483	9.1186e-15
425	39689.3520	-18941.5247	717652.3520	3513221.4753	4775950.8483	8.1631e-15
426	39780.9550	-18981.6359	717743.9550	3513181.3641	4775950.8483	7.3077e-15
427	39872.5579	-19021.7470	717835.5579	3513141.2530	4775950.8483	6.5419e-15
428	39964.1609	-19061.8581	717927.1609	3513101.1419	4775950.8483	5.8564e-15
429	40055.7638	-19101.9692	718018.7638	3513061.0308	4775950.8483	5.2428e-15
430	40147.3668	-19142.0803	718110.3668	3513020.9197	4775950.8483	4.6935e-15
431	40238.9697	-19182.1914	718201.9697	3512980.8086	4775950.8483	4.2017e-15
432	40330.5726	-19222.3025	718293.5726	3512940.6975	4775950.8483	3.7615e-15
433	40422.1756	-19262.4136	718385.1756	3512900.5864	4775950.8483	3.3674e-15
434	40513.7785	-19302.5247	718476.7785	3512860.4753	4775950.8483	3.0147e-15
435	40605.3815	-19342.6358	718568.3815	3512820.3642	4775950.8483	2.6988e-15
436	40696.9844	-19382.7469	718659.9844	3512780.2531	4775950.8483	2.4161e-15
437	40788.5873	-19422.8581	718751.5873	3512740.1419	4775950.8483	2.1630e-15
438	40880.1903	-19462.9692	718843.1903	3512700.0308	4775950.8483	1.9365e-15
439	40971.7932	-19503.0803	718934.7932	3512659.9197	4775950.8483	1.7336e-15
440	41063.3962	-19543.1914	719026.3962	3512619.8086	4775950.8483	1.5520e-15
441	41154.9991	-19583.3025	719117.9991	3512579.6975	4775950.8483	1.3895e-15
442	41246.6021	-19623.4136	719209.6021	3512539.5864	4775950.8483	1.2439e-15
443	41338.2050	-19663.5247	719301.2050	3512499.4753	4775950.8483	1.1137e-15
444	41429.8079	-19703.6358	719392.8079	3512459.3642	4775950.8483	9.9703e-16
445	41521.4109	-19743.7469	719484.4109	3512419.2531	4775950.8483	8.9261e-16
446	41613.0138	-19783.8580	719576.0138	3512379.1420	4775950.8483	7.9913e-16
447	41704.6168	-19823.9691	719667.6168	3512339.0309	4775950.8483	7.1545e-16
448	41796.2197	-19864.0802	719759.2197	3512298.9198	4775950.8483	6.4053e-16
449	41887.8227	-19904.1914	719850.8227	3512258.8086	4775950.8483	5.7345e-16
450	41979.4256	-19944.3025	719942.4256	3512218.6975	4775950.8483	5.1341e-16
451	42071.0285	-19984.4136	720034.0285	3512178.5864	4775950.8483	4.5965e-16
452	42162.6315	-20024.5247	720125.6315	3512138.4753	4775950.8483	4.1152e-16
453	42254.2344	-20064.6358	720217.2344	3512098.3642	4775950.8483	3.6843e-16
454	42345.8374	-20104.7469	720308.8374	3512058.2531	4775950.8483	3.2986e-16
455	42437.4403	-20144.8580	720400.4403	3512018.1420	4775950.8483	2.9532e-16
456	42529.0432	-20184.9691	720492.0432	3511978.0309	4775950.8483	2.6440e-16
457	42620.6462	-20225.0802	720583.6462	3511937.9198	4775950.8483	2.3672e-16
458	42712.2491	-20265.1913	720675.2491	3511897.8087	4775950.8483	2.1194e-16
459	42803.8521	-20305.3024	720766.8521	3511857.6976	4775950.8483	1.8975e-16
460	42895.4550	-20345.4136	720858.4550	3511817.5864	4775950.8483	1.6989e-16
461	42987.0580	-20385.5247	720950.0580	3511777.4753	4775950.8483	1.5211e-16
462	43078.6609	-20425.6358	721041.6609	3511737.3642	4775950.8483	1.3618e-16
463	43170.2638	-20465.7469	721133.2638	3511697.2531	4775950.8483	1.2193e-16
464	43261.8668	-20505.8580	721224.8668	3511657.1420	4775950.8483	1.0917e-16
465	43353.4697	-20545.9691	721316.4697	3511617.0309	4775950.8483	9.7740e-17
466	43445.0727	-20586.0802	721408.0727	3511576.9198	4775950.8483	8.7510e-17
467	43536.6756	-20626.1913	721499.6756	3511536.8087	4775950.8483	7.8351e-17
468	43628.2785	-20666.3024	721591.2785	3511496.6976	4775950.8483	7.0151e-17
469	43719.8815	-20706.4135	721682.8815	3511456.5865	4775950.8483	6.2809e-17
470	43811.4844	-20746.5246	721774.4844	3511416.4754	4775950.8483	5.6236e-17
471	43903.0874	-20786.6357	721866.0874	3511376.3643	4775950.8483	5.0351e-17
472	43994.6903	-20826.7469	721957.6903	3511336.2531	4775950.8483	4.5082e-17
473	44086.2933	-20866.8580	722049.2933	3511296.1420	4775950.8483	4.0364e-17
474	44177.8962	-20906.9691	722140.8962	3511256.0309	4775950.8483	3.6140e-17
475	44269.4991	-20947.0802	722232.4991	3511215.9198	4775950.8483	3.2358e-17
476	44361.1021	-20987.1913	722324.1021	3511175.8087	4775950.8483	2.8973e-17
477	44452.7050	-21027.3024	722415.7050	3511135.6976	4775950.8483	2.5941e-17
478	44544.3080	-21067.4135	722507.3080	3511095.5865	4775950.8483	2.3227e-17
479	44635.9109	-21107.5246	722598.9109	3511055.4754	4775950.8483	2.0796e-17
480	44727.5138	-21147.6357	722690.5138	3511015.3643	4775950.8483	1.8621e-17
481	44819.1168	-21187.7468	722782.1168	3510975.2532	4775950.8483	1.6672e-17
482	44910.7197	-21227.8579	722873.7197	3510935.1421	4775950.8483	1.4928e-17
483	45002.3227	-21267.9690	722965.3227	3510895.0310	4775950.8483	1.3366e-17
484	45093.9256	-21308.0802	723056.9256	3510854.9198	4775950.8483	1.1968e-17
485	45185.5286	-21348.1913	723148.5286	3510814.8087	4775950.8483	1.0716e-17
486	45277.1315	-21388.3024	723240.1315	3510774.6976	4775950.8483	9.5949e-18
487	45368.7344	-21428.4135	723331.7344	3510734.5865	4775950.8483	8.5912e-18
488	45460.3374	-21468.5246	723423.3374	3510694.4754	4775950.8483	7.6925e-18
489	45551.9403	-21508.6357	723514.9403	3510654.3643	4775950.8483	6.8878e-18
490	45643.5433	-21548.7468	723606.5433	3510614.2532	4775950.8483	6.1673e-18
491	45735.1462	-21588.8579	723698.1462	3510574.1421	4775950.8483	5.5222e-18
492	45826.7492	-21628.9690	723789.7492	3510534.0310	4775950.8483	4.9446e-18
493	45918.3521	-21669.0801	723881.3521	3510493.9199	4775950.8483	4.4274e-18
494	46009.9550	-21709.1912	723972.9550	3510453.8088	4775950.8483	3.9644e-18
495	46101.5580	-21749.3024	724064.5580	3510413.6976	4775950.8483	3.5497e-18
496	46193.1609	-21789.4135	724156.1609	3510373.5865	4775950.8483	3.1785e-18
497	46284.7639	-21829.5246	724247.7639	3510333.4754	4775950.8483	2.8460e-18
498	46376.3668	-21869.6357	724339.3668	3510293.3643	4775950.8483	2.5484e-18
499	46467.9697	-21909.7468	724430.9697	3510253.2532	4775950.8483	2.2819e-18
500	46559.5727	-21949.8579	724522.5727	3510213.1421	4775950.8483	2.0432e-18
501	46651.1756	-21989.9690	724614.1756	3510173.0310	4775950.8483	1.8296e-18
502	46742.7786	-22030.0801	724705.7786	3510132.9199	4775950.8483	1.6382e-18
503	46834.3815	-22070.1912	724797.3815	3510092.8088	4775950.8483	1.4669e-18
504	46925.9845	-22110.3023	724888.9845	3510052.6977	4775950.8483	1.3135e-18
505	47017.5874	-22150.4134	724980.5874	3510012.5866	4775950.8483	1.1762e-18
506	47109.1903	-22190.5245	725072.1903	3509972.4755	4775950.8483	1.0532e-18
507	47200.7933	-22230.6357	725163.7933	3509932.3643	4775950.8483	9.4307e-19
508	47292.3962	-22270.7468	725255.3962	3509892.2532	4775950.8483	8.4446e-19
509	47383.9992	-22310.8579	725346.9992	3509852.1421	4775950.8483	7.5617e-19
510	47475.6021	-22350.9690	725438.6021	3509812.0310	4775950.8483	6.7711e-19
511	47567.2050	-22391.0801	725530.2050	3509771.9199	4775950.8483	6.0631e-19
512	47658.8080	-22431.1912	725621.8080	3509731.8088	4775950.8483	5.4292e-19
513	47750.4109	-22471.3023	725713.4109	3509691.6977	4775950.8483	4.8616e-19
514	47842.0139	-22511.4134	725805.0139	3509651.5866	4775950.8483	4.3533e-19
515	47933.6168	-22551.5245	725896.6168	3509611.4755	4775950.8483	3.8982e-19
516	48025.2198	-22591.6356	725988.2198	3509571.3644	4775950.8483	3.4907e-19
517	48116.8227	-22631.7467	726079.8227	3509531.2533	4775950.8483	3.1258e-19
518	48208.4256	-22671.8579	726171.4256	3509491.1421	4775950.8483	2.7990e-19
519	48300.0286	-22711.9690	726263.0286	3509451.0310	4775950.8483	2.5064e-19
520	48391.6315	-22752.0801	726354.6315	3509410.9199	4775950.8483	2.2444e-19
521	48483.2345	-22792.1912	726446.2345	3509370.8088	4775950.8483	2.0098e-19
522	48574.8374	-22832.3023	726537.8374	3509330.6977	4775950.8483	1.7997e-19
523	48666.4404	-22872.4134	726629.4404	3509290.5866	4775950.8483	1.6116e-19
524	48758.0433	-22912.5245	726721.0433	3509250.4755	4775950.8483	1.4431e-19
525	48849.6462	-22952.6356	726812.6462	3509210.3644	4775950.8483	1.2923e-19
526	48941.2492	-22992.7467	726904.2492	3509170.2533	4775950.8483	1.1572e-19
527	49032.8521	-23032.8578	726995.8521	3509130.1422	4775950.8483	1.0363e-19
528	49124.4551	-23072.9689	727087.4551	3509090.0311	4775950.8483	9.2796e-20
529	49216.0580	-23113.0800	727179.0580	3509049.9200	4775950.8483	8.3098e-20
530	49307.6609	-23153.1912	727270.6609	3509009.8088	4775950.8483	7.4413e-20
531	49399.2639	-23193.3023	727362.2639	3508969.6977	4775950.8483	6.6636e-20
532	49490.8668	-23233.4134	727453.8668	3508929.5866	4775950.8483	5.9672e-20
533	49582.4698	-23273.5245	727545.4698	3508889.4755	4775950.8483	5.3436e-20
534	49674.0727	-23313.6356	727637.0727	3508849.3644	4775950.8483	4.7851e-20
535	49765.6757	-23353.7467	727728.6757	3508809.2533	4775950.8483	4.2851e-20
536	49857.2786	-23393.8578	727820.2786	3508769.1422	4775950.8483	3.8373e-20
537	49948.8815	-23433.9689	727911.8815	3508729.0311	4775950.8483	3.4363e-20
538	50040.4845	-23474.0800	728003.4845	3508688.9200	4775950.8483	3.0772e-20
539	50132.0874	-23514.1911	728095.0874	3508648.8089	4775950.8483	2.7557e-20
540	50223.6904	-23554.3022	728186.6904	3508608.6978	4775950.8483	2.4677e-20
541	50315.2933	-23594.4133	728278.2933	3508568.5867	4775950.8483	2.2099e-20
542	50406.8962	-23634.5245	728369.8962	3508528.4755	4775950.8483	1.9789e-20
543	50498.4992	-23674.6356	728461.4992	3508488.3644	4775950.8483	1.7722e-20
544	50590.1021	-23714.7467	728553.1021	3508448.2533	4775950.8483	1.5870e-20
545	50681.7051	-23754.8578	728644.7051	3508408.1422	4775950.8483	1.4212e-20
546	50773.3080	-23794.9689	728736.3080	3508368.0311	4775950.8483	1.2727e-20
547	50864.9110	-23835.0800	728827.9110	3508327.9200	4775950.8483	1.1397e-20
548	50956.5139	-23875.1911	728919.5139	3508287.8089	4775950.8483	1.0207e-20
549	51048.1168	-23915.3022	729011.1168	3508247.6978	4775950.8483	9.1402e-21
550	51139.7198	-23955.4133	729102.7198	3508207.5867	4775950.8483	8.1853e-21
551	51231.3227	-23995.5244	729194.3227	3508167.4756	4775950.8483	7.3301e-21
552	51322.9257	-24035.6355	729285.9257	3508127.3645	4775950.8483	6.5643e-21
553	51414.5286	-24075.7467	729377.5286	3508087.2533	4775950.8483	5.8786e-21
554	51506.1316	-24115.8578	729469.1316	3508047.1422	4775950.8483	5.2645e-21
555	51597.7345	-24155.9689	729560.7345	3508007.0311	4775950.8483	4.7145e-21
556	51689.3374	-24196.0800	729652.3374	3507966.9200	4775950.8483	4.2220e-21
557	51780.9404	-24236.1911	729743.9404	3507926.8089	4775950.8483	3.7810e-21
558	51872.5433	-24276.3022	729835.5433	3507886.6978	4775950.8483	3.3860e-21
559	51964.1463	-24316.4133	729927.1463	3507846.5867	4775950.8483	3.0323e-21
560	52055.7492	-24356.5244	730018.7492	3507806.4756	4775950.8483	2.7156e-21
561	52147.3521	-24396.6355	730110.3521	3507766.3645	4775950.8483	2.4319e-21
562	52238.9551	-24436.7466	730201.9551	3507726.2534	4775950.8483	2.1779e-21
563	52330.5580	-24476.8577	730293.5580	3507686.1423	4775950.8483	1.9504e-21
564	52422.1610	-24516.9688	730385.1610	3507646.0312	4775950.8483	1.7467e-21
565	52513.7639	-24557.0800	730476.7639	3507605.9200	4775950.8483	1.5642e-21
566	52605.3669	-24597.1911	730568.3669	3507565.8089	4775950.8483	1.4009e-21
567	52696.9698	-24637.3022	730659.9698	3507525.6978	4775950.8483	1.2546e-21
568	52788.5727	-24677.4133	730751.5727	3507485.5867	4775950.8483	1.1235e-21
569	52880.1757	-24717.5244	730843.1757	3507445.4756	4775950.8483	1.0062e-21
570	52971.7786	-24757.6355	730934.7786	3507405.3645	4775950.8483	9.0110e-22
571	53063.3816	-24797.7466	731026.3816	3507365.2534	4775950.8483	8.0699e-22
572	53154.9845	-24837.8577	731117.9845	3507325.1423	4775950.8483	7.2271e-22
573	53246.5874	-24877.9688	731209.5874	3507285.0312	4775950.8483	6.4723e-22
574	53338.1904	-24918.0799	731301.1904	3507244.9201	4775950.8483	5.7964e-22
575	53429.7933	-24958.1910	731392.7933	3507204.8090	4775950.8483	5.1911e-22
576	53521.3963	-24998.3021	731484.3963	3507164.6979	4775950.8483	4.6490e-22
577	53612.9992	-25038.4133	731575.9992	3507124.5867	4775950.8483	4.1635e-22
578	53704.6022	-25078.5244	731667.6022	3507084.4756	4775950.8483	3.7287e-22
579	53796.2051	-25118.6355	731759.2051	3507044.3645	4775950.8483	3.3394e-22
580	53887.8080	-25158.7466	731850.8080	3507004.2534	4775950.8483	2.9906e-22
581	53979.4110	-25198.8577	731942.4110	3506964.1423	4775950.8483	2.6784e-22
582	54071.0139	-25238.9688	732034.0139	3506924.0312	4775950.8483	2.3987e-22
583	54162.6169	-25279.0799	732125.6169	3506883.9201	4775950.8483	2.1482e-22
584	54254.2198	-25319.1910	732217.2198	3506843.8090	4775950.8483	1.9239e-22
585	54345.8227	-25359.3021	732308.8227	3506803.6979	4775950.8483	1.7230e-22
586	54437.4257	-25399.4132	732400.4257	3506763.5868	4775950.8483	1.5431e-22
587	54529.0286	-25439.5243	732492.0286	3506723.4757	4775950.8483	1.3820e-22
588	54620.6316	-25479.6355	732583.6316	3506683.3645	4775950.8483	1.2377e-22
589	54712.2345	-25519.7466	732675.2345	3506643.2534	4775950.8483	1.1085e-22
590	54803.8375	-25559.8577	732766.8375	3506603.1423	4775950.8483	9.9274e-23
591	54895.4404	-25599.9688	732858.4404	3506563.0312	4775950.8483	8.8909e-23
592	54987.0433	-25640.0799	732950.0433	3506522.9201	4775950.8483	7.9627e-23
593	55078.6463	-25680.1910	733041.6463	3506482.8090	4775950.8483	7.1313e-23
594	55170.2492	-25720.3021	733133.2492	3506442.6979	4775950.8483	6.3868e-23
595	55261.8522	-25760.4132	733224.8522	3506402.5868	4775950.8483	5.7200e-23
596	55353.4551	-25800.5243	733316.4551	3506362.4757	4775950.8483	5.1229e-23
597	55445.0581	-25840.6354	733408.0581	3506322.3646	4775950.8483	4.5881e-23
598	55536.6610	-25880.7465	733499.6610	3506282.2535	4775950.8483	4.1091e-23
599	55628.2639	-25920.8576	733591.2639	3506242.1424	4775950.8483	3.6801e-23
600	55719.8669	-25960.9688	733682.8669	3506202.0312	4775950.8483	3.2959e-23
601	55811.4698	-26001.0799	733774.4698	3506161.9201	4775950.8483	2.9519e-23
602	55903.0728	-26041.1910	733866.0728	3506121.8090	4775950.8483	2.6437e-23
603	55994.6757	-26081.3021	733957.6757	3506081.6979	4775950.8483	2.3678e-23
604	56086.2786	-26121.4132	734049.2786	3506041.5868	4775950.8483	2.1206e-23
605	56177.8816	-26161.5243	734140.8816	3506001.4757	4775950.8483	1.8992e-23
606	56269.4845	-26201.6354	734232.4845	3505961.3646	4775950.8483	1.7010e-23
607	56361.0875	-26241.7465	734324.0875	3505921.2535	4775950.8483	1.5234e-23
608	56452.6904	-26281.8576	734415.6904	3505881.1424	4775950.8483	1.3644e-23
609	56544.2934	-26321.9687	734507.2934	3505841.0313	4775950.8483	1.2220e-23
610	56635.8963	-26362.0798	734598.8963	3505800.9202	4775950.8483	1.0944e-23
611	56727.4992	-26402.1910	734690.4992	3505760.8090	4775950.8483	9.8021e-24
612	56819.1022	-26442.3021	734782.1022	3505720.6979	4775950.8483	8.7790e-24
613	56910.7051	-26482.4132	734873.7051	3505680.5868	4775950.8483	7.8627e-24
614	57002.3081	-26522.5243	734965.3081	3505640.4757	4775950.8483	7.0420e-24
615	57093.9110	-26562.6354	735056.9110	3505600.3646	4775950.8483	6.3070e-24
616	57185.5139	-26602.7465	735148.5139	3505560.2535	4775950.8483	5.6488e-24
617	57277.1169	-26642.8576	735240.1169	3505520.1424	4775950.8483	5.0592e-24
618	57368.7198	-26682.9687	735331.7198	3505480.0313	4775950.8483	4.5312e-24
619	57460.3228	-26723.0798	735423.3228	3505439.9202	4775950.8483	4.0583e-24
620	57551.9257	-26763.1909	735514.9257	3505399.8091	4775950.8483	3.6348e-24
621	57643.5287	-26803.3020	735606.5287	3505359.6980	4775950.8483	3.2554e-24
622	57735.1316	-26843.4131	735698.1316	3505319.5869	4775950.8483	2.9157e-24
623	57826.7345	-26883.5243	735789.7345	3505279.4757	4775950.8483	2.6114e-24
624	57918.3375	-26923.6354	735881.3375	3505239.3646	4775950.8483	2.3389e-24
625	58009.9404	-26963.7465	735972.9404	3505199.2535	4775950.8483	2.0948e-24
626	58101.5434	-27003.8576	736064.5434	3505159.1424	4775950.8483	1.8762e-24
627	58193.1463	-27043.9687	736156.1463	3505119.0313	4775950.8483	1.6804e-24
628	58284.7493	-27084.0798	736247.7493	3505078.9202	4775950.8483	1.5050e-24
629	58376.3522	-27124.1909	736339.3522	3505038.8091	4775950.8483	1.3480e-24
630	58467.9551	-27164.3020	736430.9551	3504998.6980	4775950.8483	1.2073e-24
631	58559.5581	-27204.4131	736522.5581	3504958.5869	4775950.8483	1.0813e-24
632	58651.1610	-27244.5242	736614.1610	3504918.4758	4775950.8483	9.6849e-25
633	58742.7640	-27284.6353	736705.7640	3504878.3647	4775950.8483	8.6743e-25
634	58834.3669	-27324.7464	736797.3669	3504838.2536	4775950.8483	7.7692e-25
635	58925.9698	-27364.8576	736888.9698	3504798.1424	4775950.8483	6.9585e-25
636	59017.5728	-27404.9687	736980.5728	3504758.0313	4775950.8483	6.2324e-25
637	59109.1757	-27445.0798	737072.1757	3504717.9202	4775950.8483	5.5821e-25
638	59200.7787	-27485.1909	737163.7787	3504677.8091	4775950.8483	4.9997e-25
639	59292.3816	-27525.3020	737255.3816	3504637.6980	4775950.8483	4.4780e-25
640	59383.9846	-27565.4131	737346.9846	3504597.5869	4775950.8483	4.0108e-25
641	59475.5875	-27605.5242	737438.5875	3504557.4758	4775950.8483	3.5923e-25
642	59567.1904	-27645.6353	737530.1904	3504517.3647	4775950.8483	3.2175e-25
643	59658.7934	-27685.7464	737621.7934	3504477.2536	4775950.8483	2.8818e-25
644	59750.3963	-27725.8575	737713.3963	3504437.1425	4775950.8483	2.5811e-25
645	59841.9993	-27765.9686	737804.9993	3504397.0314	4775950.8483	2.3118e-25
646	59933.6022	-27806.0798	737896.6022	3504356.9202	4775950.8483	2.0706e-25
647	60025.2051	-27846.1909	737988.2051	3504316.8091	4775950.8483	1.8546e-25
648	60116.8081	-27886.3020	738079.8081	3504276.6980	4775950.8483	1.6611e-25
649	60208.4110	-27926.4131	738171.4110	3504236.5869	4775950.8483	1.4878e-25
650	60300.0140	-27966.5242	738263.0140	3504196.4758	4775950.8483	1.3326e-25
651	60391.6169	-28006.6353	738354.6169	3504156.3647	4775950.8483	1.1936e-25
652	60483.2199	-28046.7464	738446.2199	3504116.2536	4775950.8483	1.0690e-25
653	60574.8228	-28086.8575	738537.8228	3504076.1425	4775950.8483	9.5751e-26
654	60666.4257	-28126.9686	738629.4257	3504036.0314	4775950.8483	8.5762e-26
655	60758.0287	-28167.0797	738721.0287	3503995.9203	4775950.8483	7.6815e-26
656	60849.6316	-28207.1908	738812.6316	3503955.8092	4775950.8483	6.8802e-26
657	60941.2346	-28247.3019	738904.2346	3503915.6981	4775950.8483	6.1624e-26
658	61032.8375	-28287.4131	738995.8375	3503875.5869	4775950.8483	5.5196e-26
659	61124.4405	-28327.5242	739087.4405	3503835.4758	4775950.8483	4.9438e-26
660	61216.0434	-28367.6353	739179.0434	3503795.3647	4775950.8483	4.4281e-26
661	61307.6463	-28407.7464	739270.6463	3503755.2536	4775950.8483	3.9662e-26
662	61399.2493	-28447.8575	739362.2493	3503715.1425	4775950.8483	3.5524e-26
663	61490.8522	-28487.9686	739453.8522	3503675.0314	4775950.8483	3.1819e-26
664	61582.4552	-28528.0797	739545.4552	3503634.9203	4775950.8483	2.8500e-26
665	61674.0581	-28568.1908	739637.0581	3503594.8092	4775950.8483	2.5527e-26
666	61765.6610	-28608.3019	739728.6610	3503554.6981	4775950.8483	2.2864e-26
667	61857.2640	-28648.4130	739820.2640	3503514.5870	4775950.8483	2.0479e-26
668	61948.8669	-28688.5241	739911.8669	3503474.4759	4775950.8483	1.8343e-26
669	62040.4699	-28728.6353	740003.4699	3503434.3647	4775950.8483	1.6430e-26
670	62132.0728	-28768.7464	740095.0728	3503394.2536	4775950.8483	1.4716e-26
671	62223.6758	-28808.8575	740186.6758	3503354.1425	4775950.8483	1.3181e-26
672	62315.2787	-28848.9686	740278.2787	3503314.0314	4775950.8483	1.1806e-26
673	62406.8816	-28889.0797	740369.8816	3503273.9203	4775950.8483	1.0575e-26
674	62498.4846	-28929.1908	740461.4846	3503233.8092	4775950.8483	9.4719e-27
675	62590.0875	-28969.3019	740553.0875	3503193.6981	4775950.8483	8.4839e-27
676	62681.6905	-29009.4130	740644.6905	3503153.5870	4775950.8483	7.5991e-27
677	62773.2934	-29049.5241	740736.2934	3503113.4759	4775950.8483	6.8065e-27
678	62864.8963	-29089.6352	740827.8963	3503073.3648	4775950.8483	6.0966e-27
679	62956.4993	-29129.7463	740919.4993	3503033.2537	4775950.8483	5.4608e-27
680	63048.1022	-29169.8574	741011.1022	3502993.1426	4775950.8483	4.8912e-27
681	63139.7052	-29209.9686	741102.7052	3502953.0314	4775950.8483	4.3811e-27
682	63231.3081	-29250.0797	741194.3081	3502912.9203	4775950.8483	3.9242e-27
683	63322.9111	-29290.1908	741285.9111	3502872.8092	4775950.8483	3.5149e-27
684	63414.5140	-29330.3019	741377.5140	3502832.6981	4775950.8483	3.1483e-27
685	63506.1169	-29370.4130	741469.1169	3502792.5870	4775950.8483	2.8200e-27
686	63597.7199	-29410.5241	741560.7199	3502752.4759	4775950.8483	2.5259e-27
687	63689.3228	-29450.6352	741652.3228	3502712.3648	4775950.8483	2.2625e-27
688	63780.9258	-29490.7463	741743.9258	3502672.2537	4775950.8483	2.0265e-27
689	63872.5287	-29530.8574	741835.5287	3502632.1426	4775950.8483	1.8152e-27
690	63964.1316	-29570.9685	741927.1316	3502592.0315	4775950.8483	1.6259e-27
691	64055.7346	-29611.0796	742018.7346	3502551.9204	4775950.8483	1.4563e-27
692	64147.3375	-29651.1907	742110.3375	3502511.8093	4775950.8483	1.3045e-27
693	64238.9405	-29691.3019	742201.9405	3502471.6981	4775950.8483	1.1684e-27
694	64330.5434	-29731.4130	742293.5434	3502431.5870	4775950.8483	1.0466e-27
695	64422.1464	-29771.5241	742385.1464	3502391.4759	4775950.8483	9.3745e-28
696	64513.7493	-29811.6352	742476.7493	3502351.3648	4775950.8483	8.3970e-28
697	64605.3522	-29851.7463	742568.3522	3502311.2537	4775950.8483	7.5213e-28
698	64696.9552	-29891.8574	742659.9552	3502271.1426	4775950.8483	6.7370e-28
699	64788.5581	-29931.9685	742751.5581	3502231.0315	4775950.8483	6.0345e-28
700	64880.1611	-29972.0796	742843.1611	3502190.9204	4775950.8483	5.4053e-28
701	64971.7640	-30012.1907	742934.7640	3502150.8093	4775950.8483	4.8416e-28
702	65063.3670	-30052.3018	743026.3670	3502110.6982	4775950.8483	4.3368e-28
703	65154.9699	-30092.4129	743117.9699	3502070.5871	4775950.8483	3.8846e-28
704	65246.5728	-30132.5241	743209.5728	3502030.4759	4775950.8483	3.4795e-28
705	65338.1758	-30172.6352	743301.1758	3501990.3648	4775950.8483	3.1167e-28
706	65429.7787	-30212.7463	743392.7787	3501950.2537	4775950.8483	2.7917e-28
707	65521.3817	-30252.8574	743484.3817	3501910.1426	4775950.8483	2.5006e-28
708	65612.9846	-30292.9685	743575.9846	3501870.0315	4775950.8483	2.2399e-28
709	65704.5875	-30333.0796	743667.5875	3501829.9204	4775950.8483	2.0063e-28
710	65796.1905	-30373.1907	743759.1905	3501789.8093	4775950.8483	1.7972e-28
711	65887.7934	-30413.3018	743850.7934	3501749.6982	4775950.8483	1.6098e-28
712	65979.3964	-30453.4129	743942.3964	3501709.5871	4775950.8483	1.4419e-28
713	66070.9993	-30493.5240	744033.9993	3501669.4760	4775950.8483	1.2916e-28
714	66162.6023	-30533.6351	744125.6023	3501629.3649	4775950.8483	1.1569e-28
715	66254.2052	-30573.7462	744217.2052	3501589.2538	4775950.8483	1.0363e-28
716	66345.8081	-30613.8574	744308.8081	3501549.1426	4775950.8483	9.2825e-29
717	66437.4111	-30653.9685	744400.4111	3501509.0315	4775950.8483	8.3147e-29
718	66529.0140	-30694.0796	744492.0140	3501468.9204	4775950.8483	7.4478e-29
719	66620.6170	-30734.1907	744583.6170	3501428.8093	4775950.8483	6.6713e-29
720	66712.2199	-30774.3018	744675.2199	3501388.6982	4775950.8483	5.9758e-29
721	66803.8228	-30814.4129	744766.8228	3501348.5871	4775950.8483	5.3528e-29
722	66895.4258	-30854.5240	744858.4258	3501308.4760	4775950.8483	4.7947e-29
723	66987.0287	-30894.6351	744950.0287	3501268.3649	4775950.8483	4.2948e-29
724	67078.6317	-30934.7462	745041.6317	3501228.2538	4775950.8483	3.8471e-29
725	67170.2346	-30974.8573	745133.2346	3501188.1427	4775950.8483	3.4460e-29
726	67261.8376	-31014.9684	745224.8376	3501148.0316	4775950.8483	3.0868e-29
727	67353.4405	-31055.0795	745316.4405	3501107.9205	4775950.8483	2.7650e-29
728	67445.0434	-31095.1907	745408.0434	3501067.8093	4775950.8483	2.4767e-29
729	67536.6464	-31135.3018	745499.6464	3501027.6982	4775950.8483	2.2185e-29
730	67628.2493	-31175.4129	745591.2493	3500987.5871	4775950.8483	1.9872e-29
731	67719.8523	-31215.5240	745682.8523	3500947.4760	4775950.8483	1.7801e-29
732	67811.4552	-31255.6351	745774.4552	3500907.3649	4775950.8483	1.5945e-29
733	67903.0582	-31295.7462	745866.0582	3500867.2538	4775950.8483	1.4283e-29
734	67994.6611	-31335.8573	745957.6611	3500827.1427	4775950.8483	1.2794e-29
735	68086.2640	-31375.9684	746049.2640	3500787.0316	4775950.8483	1.1460e-29
736	68177.8670	-31416.0795	746140.8670	3500746.9205	4775950.8483	1.0265e-29
737	68269.4699	-31456.1906	746232.4699	3500706.8094	4775950.8483	9.1954e-30
738	68361.0729	-31496.3017	746324.0729	3500666.6983	4775950.8483	8.2368e-30
739	68452.6758	-31536.4129	746415.6758	3500626.5871	4775950.8483	7.3782e-30
740	68544.2787	-31576.5240	746507.2787	3500586.4760	4775950.8483	6.6091e-30
741	68635.8817	-31616.6351	746598.8817	3500546.3649	4775950.8483	5.9201e-30
742	68727.4846	-31656.7462	746690.4846	3500506.2538	4775950.8483	5.3030e-30
743	68819.0876	-31696.8573	746782.0876	3500466.1427	4775950.8483	4.7502e-30
744	68910.6905	-31736.9684	746873.6905	3500426.0316	4775950.8483	4.2551e-30
745	69002.2935	-31777.0795	746965.2935	3500385.9205	4775950.8483	3.8115e-30
746	69093.8964	-31817.1906	747056.8964	3500345.8094	4775950.8483	3.4142e-30
747	69185.4993	-31857.3017	747148.4993	3500305.6983	4775950.8483	3.0584e-30
748	69277.1023	-31897.4128	747240.1023	3500265.5872	4775950.8483	2.7396e-30
749	69368.7052	-31937.5239	747331.7052	3500225.4761	4775950.8483	2.4540e-30
750	69460.3082	-31977.6350	747423.3082	3500185.3650	4775950.8483	2.1982e-30
751	69551.9111	-32017.7462	747514.9111	3500145.2538	4775950.8483	1.9691e-30
752	69643.5140	-32057.8573	747606.5140	3500105.1427	4775950.8483	1.7638e-30
753	69735.1170	-32097.9684	747698.1170	3500065.0316	4775950.8483	1.5800e-30
754	69826.7199	-32138.0795	747789.7199	3500024.9205	4775950.8483	1.4153e-30
755	69918.3229	-32178.1906	747881.3229	3499984.8094	4775950.8483	1.2678e-30
756	70009.9258	-32218.3017	747972.9258	3499944.6983	4775950.8483	1.1357e-30
757	70101.5288	-32258.4128	748064.5288	3499904.5872	4775950.8483	1.0173e-30
758	70193.1317	-32298.5239	748156.1317	3499864.4761	4775950.8483	9.1126e-31
759	70284.7346	-32338.6350	748247.7346	3499824.3650	4775950.8483	8.1628e-31
760	70376.3376	-32378.7461	748339.3376	3499784.2539	4775950.8483	7.3120e-31
761	70467.9405	-32418.8572	748430.9405	3499744.1428	4775950.8483	6.5499e-31
762	70559.5435	-32458.9684	748522.5435	3499704.0316	4775950.8483	5.8673e-31
763	70651.1464	-32499.0795	748614.1464	3499663.9205	4775950.8483	5.2557e-31
764	70742.7494	-32539.1906	748705.7494	3499623.8094	4775950.8483	4.7080e-31
765	70834.3523	-32579.3017	748797.3523	3499583.6983	4775950.8483	4.2173e-31
766	70925.9552	-32619.4128	748888.9552	3499543.5872	4775950.8483	3.7778e-31
767	71017.5582	-32659.5239	748980.5582	3499503.4761	4775950.8483	3.3840e-31
768	71109.1611	-32699.6350	749072.1611	3499463.3650	4775950.8483	3.0313e-31
769	71200.7641	-32739.7461	749163.7641	3499423.2539	4775950.8483	2.7154e-31
770	71292.3670	-32779.8572	749255.3670	3499383.1428	4775950.8483	2.4324e-31
771	71383.9699	-32819.9683	749346.9699	3499343.0317	4775950.8483	2.1789e-31
772	71475.5729	-32860.0794	749438.5729	3499302.9206	4775950.8483	1.9518e-31
773	71567.1758	-32900.1905	749530.1758	3499262.8095	4775950.8483	1.7484e-31
774	71658.7788	-32940.3017	749621.7788	3499222.6983	4775950.8483	1.5662e-31
775	71750.3817	-32980.4128	749713.3817	3499182.5872	4775950.8483	1.4030e-31
776	71841.9847	-33020.5239	749804.9847	3499142.4761	4775950.8483	1.2568e-31
777	71933.5876	-33060.6350	749896.5876	3499102.3650	4775950.8483	1.1258e-31
778	72025.1905	-33100.7461	749988.1905	3499062.2539	4775950.8483	1.0085e-31
779	72116.7935	-33140.8572	750079.7935	3499022.1428	4775950.8483	9.0338e-32
780	72208.3964	-33180.9683	750171.3964	3498982.0317	4775950.8483	8.0923e-32
781	72299.9994	-33221.0794	750262.9994	3498941.9206	4775950.8483	7.2490e-32
782	72391.6023	-33261.1905	750354.6023	3498901.8095	4775950.8483	6.4936e-32
783	72483.2052	-33301.3016	750446.2052	3498861.6984	4775950.8483	5.8169e-32
784	72574.8082	-33341.4127	750537.8082	3498821.5873	4775950.8483	5.2107e-32
785	72666.4111	-33381.5238	750629.4111	3498781.4762	4775950.8483	4.6677e-32
786	72758.0141	-33421.6350	750721.0141	3498741.3650	4775950.8483	4.1813e-32
787	72849.6170	-33461.7461	750812.6170	3498701.2539	4775950.8483	3.7456e-32
788	72941.2200	-33501.8572	750904.2200	3498661.1428	4775950.8483	3.3552e-32
789	73032.8229	-33541.9683	750995.8229	3498621.0317	4775950.8483	3.0056e-32
790	73124.4258	-33582.0794	751087.4258	3498580.9206	4775950.8483	2.6924e-32
791	73216.0288	-33622.1905	751179.0288	3498540.8095	4775950.8483	2.4118e-32
792	73307.6317	-33662.3016	751270.6317	3498500.6984	4775950.8483	2.1605e-32
793	73399.2347	-33702.4127	751362.2347	3498460.5873	4775950.8483	1.9354e-32
794	73490.8376	-33742.5238	751453.8376	3498420.4762	4775950.8483	1.7337e-32
795	73582.4405	-33782.6349	751545.4405	3498380.3651	4775950.8483	1.5531e-32
796	73674.0435	-33822.7460	751637.0435	3498340.2540	4775950.8483	1.3912e-32
797	73765.6464	-33862.8572	751728.6464	3498300.1428	4775950.8483	1.2463e-32
798	73857.2494	-33902.9683	751820.2494	3498260.0317	4775950.8483	1.1164e-32
799	73948.8523	-33943.0794	751911.8523	3498219.9206	4775950.8483	1.0001e-32
800	74040.4553	-33983.1905	752003.4553	3498179.8095	4775950.8483	8.9586e-33
801	74132.0582	-34023.3016	752095.0582	3498139.6984	4775950.8483	8.0251e-33
802	74223.6611	-34063.4127	752186.6611	3498099.5873	4775950.8483	7.1889e-33
803	74315.2641	-34103.5238	752278.2641	3498059.4762	4775950.8483	6.4398e-33
804	74406.8670	-34143.6349	752369.8670	3498019.3651	4775950.8483	5.7688e-33
805	74498.4700	-34183.7460	752461.4700	3497979.2540	4775950.8483	5.1677e-33
806	74590.0729	-34223.8571	752553.0729	3497939.1429	4775950.8483	4.6293e-33
807	74681.6759	-34263.9682	752644.6759	3497899.0318	4775950.8483	4.1469e-33
808	74773.2788	-34304.0793	752736.2788	3497858.9207	4775950.8483	3.7148e-33
809	74864.8817	-34344.1905	752827.8817	3497818.8095	4775950.8483	3.3278e-33
810	74956.4847	-34384.3016	752919.4847	3497778.6984	4775950.8483	2.9810e-33
811	75048.0876	-34424.4127	753011.0876	3497738.5873	4775950.8483	2.6704e-33
812	75139.6906	-34464.5238	753102.6906	3497698.4762	4775950.8483	2.3922e-33
813	75231.2935	-34504.6349	753194.2935	3497658.3651	4775950.8483	2.1429e-33
814	75322.8964	-34544.7460	753285.8964	3497618.2540	4775950.8483	1.9197e-33
815	75414.4994	-34584.8571	753377.4994	3497578.1429	4775950.8483	1.7196e-33
816	75506.1023	-34624.9682	753469.1023	3497538.0318	4775950.8483	1.5405e-33
817	75597.7053	-34665.0793	753560.7053	3497497.9207	4775950.8483	1.3800e-33
818	75689.3082	-34705.1904	753652.3082	3497457.8096	4775950.8483	1.2362e-33
819	75780.9112	-34745.3015	753743.9112	3497417.6985	4775950.8483	1.1074e-33
820	75872.5141	-34785.4127	753835.5141	3497377.5873	4775950.8483	9.9202e-34
821	75964.1170	-34825.5238	753927.1170	3497337.4762	4775950.8483	8.8866e-34
822	76055.7200	-34865.6349	754018.7200	3497297.3651	4775950.8483	7.9608e-34
823	76147.3229	-34905.7460	754110.3229	3497257.2540	4775950.8483	7.1314e-34
824	76238.9259	-34945.8571	754201.9259	3497217.1429	4775950.8483	6.3884e-34
825	76330.5288	-34985.9682	754293.5288	3497177.0318	4775950.8483	5.7228e-34
826	76422.1317	-35026.0793	754385.1317	3497136.9207	4775950.8483	5.1266e-34
827	76513.7347	-35066.1904	754476.7347	3497096.8096	4775950.8483	4.5925e-34
828	76605.3376	-35106.3015	754568.3376	3497056.6985	4775950.8483	4.1140e-34
829	76696.9406	-35146.4126	754659.9406	3497016.5874	4775950.8483	3.6854e-34
830	76788.5435	-35186.5237	754751.5435	3496976.4763	4775950.8483	3.3014e-34
831	76880.1465	-35226.6348	754843.1465	3496936.3652	4775950.8483	2.9575e-34
832	76971.7494	-35266.7460	754934.7494	3496896.2540	4775950.8483	2.6494e-34
833	77063.3523	-35306.8571	755026.3523	3496856.1429	4775950.8483	2.3734e-34
834	77154.9553	-35346.9682	755117.9553	3496816.0318	4775950.8483	2.1261e-34
835	77246.5582	-35387.0793	755209.5582	3496775.9207	4775950.8483	1.9046e-34
836	77338.1612	-35427.1904	755301.1612	3496735.8096	4775950.8483	1.7062e-34
837	77429.7641	-35467.3015	755392.7641	3496695.6985	4775950.8483	1.5284e-34
838	77521.3671	-35507.4126	755484.3671	3496655.5874	4775950.8483	1.3692e-34
839	77612.9700	-35547.5237	755575.9700	3496615.4763	4775950.8483	1.2266e-34
840	77704.5729	-35587.6348	755667.5729	3496575.3652	4775950.8483	1.0988e-34
841	77796.1759	-35627.7459	755759.1759	3496535.2541	4775950.8483	9.8431e-35
842	77887.7788	-35667.8570	755850.7788	3496495.1430	4775950.8483	8.8177e-35
843	77979.3818	-35707.9681	755942.3818	3496455.0319	4775950.8483	7.8991e-35
844	78070.9847	-35748.0793	756033.9847	3496414.9207	4775950.8483	7.0762e-35
845	78162.5876	-35788.1904	756125.5876	3496374.8096	4775950.8483	6.3391e-35
846	78254.1906	-35828.3015	756217.1906	3496334.6985	4775950.8483	5.6787e-35
847	78345.7935	-35868.4126	756308.7935	3496294.5874	4775950.8483	5.0871e-35
848	78437.3965	-35908.5237	756400.3965	3496254.4763	4775950.8483	4.5572e-35
849	78528.9994	-35948.6348	756491.9994	3496214.3652	4775950.8483	4.0824e-35
850	78620.6024	-35988.7459	756583.6024	3496174.2541	4775950.8483	3.6572e-35
851	78712.2053	-36028.8570	756675.2053	3496134.1430	4775950.8483	3.2762e-35
852	78803.8082	-36068.9681	756766.8082	3496094.0319	4775950.8483	2.9349e-35
853	78895.4112	-36109.0792	756858.4112	3496053.9208	4775950.8483	2.6292e-35
854	78987.0141	-36149.1903	756950.0141	3496013.8097	4775950.8483	2.3553e-35
855	79078.6171	-36189.3015	757041.6171	3495973.6985	4775950.8483	2.1099e-35
856	79170.2200	-36229.4126	757133.2200	3495933.5874	4775950.8483	1.8901e-35
857	79261.8229	-36269.5237	757224.8229	3495893.4763	4775950.8483	1.6933e-35
858	79353.4259	-36309.6348	757316.4259	3495853.3652	4775950.8483	1.5169e-35
859	79445.0288	-36349.7459	757408.0288	3495813.2541	4775950.8483	1.3589e-35
860	79536.6318	-36389.8570	757499.6318	3495773.1430	4775950.8483	1.2173e-35
861	79628.2347	-36429.9681	757591.2347	3495733.0319	4775950.8483	1.0905e-35
862	79719.8377	-36470.0792	757682.8377	3495692.9208	4775950.8483	9.7691e-36
863	79811.4406	-36510.1903	757774.4406	3495652.8097	4775950.8483	8.7515e-36
864	79903.0435	-36550.3014	757866.0435	3495612.6986	4775950.8483	7.8399e-36
865	79994.6465	-36590.4125	757957.6465	3495572.5875	4775950.8483	7.0233e-36
866	80086.2494	-36630.5236	758049.2494	3495532.4764	4775950.8483	6.2917e-36
867	80177.8524	-36670.6348	758140.8524	3495492.3652	4775950.8483	5.6363e-36
868	80269.4553	-36710.7459	758232.4553	3495452.2541	4775950.8483	5.0492e-36
869	80361.0583	-36750.8570	758324.0583	3495412.1430	4775950.8483	4.5233e-36
870	80452.6612	-36790.9681	758415.6612	3495372.0319	4775950.8483	4.0521e-36
871	80544.2641	-36831.0792	758507.2641	3495331.9208	4775950.8483	3.6300e-36
872	80635.8671	-36871.1903	758598.8671	3495291.8097	4775950.8483	3.2519e-36
873	80727.4700	-36911.3014	758690.4700	3495251.6986	4775950.8483	2.9132e-36
874	80819.0730	-36951.4125	758782.0730	3495211.5875	4775950.8483	2.6098e-36
875	80910.6759	-36991.5236	758873.6759	3495171.4764	4775950.8483	2.3379e-36
876	81002.2788	-37031.6347	758965.2788	3495131.3653	4775950.8483	2.0944e-36
877	81093.8818	-37071.7458	759056.8818	3495091.2542	4775950.8483	1.8762e-36
878	81185.4847	-37111.8569	759148.4847	3495051.1431	4775950.8483	1.6808e-36
879	81277.0877	-37151.9681	759240.0877	3495011.0319	4775950.8483	1.5057e-36
880	81368.6906	-37192.0792	759331.6906	3494970.9208	4775950.8483	1.3489e-36
881	81460.2936	-37232.1903	759423.2936	3494930.8097	4775950.8483	1.2084e-36
882	81551.8965	-37272.3014	759514.8965	3494890.6986	4775950.8483	1.0825e-36
883	81643.4994	-37312.4125	759606.4994	3494850.5875	4775950.8483	9.6979e-37
884	81735.1024	-37352.5236	759698.1024	3494810.4764	4775950.8483	8.6878e-37
885	81826.7053	-37392.6347	759789.7053	3494770.3653	4775950.8483	7.7829e-37
886	81918.3083	-37432.7458	759881.3083	3494730.2542	4775950.8483	6.9723e-37
887	82009.9112	-37472.8569	759972.9112	3494690.1431	4775950.8483	6.2461e-37
888	82101.5141	-37512.9680	760064.5141	3494650.0320	4775950.8483	5.5955e-37
889	82193.1171	-37553.0791	760156.1171	3494609.9209	4775950.8483	5.0127e-37
890	82284.7200	-37593.1903	760247.7200	3494569.8097	4775950.8483	4.4906e-37
891	82376.3230	-37633.3014	760339.3230	3494529.6986	4775950.8483	4.0229e-37
892	82467.9259	-37673.4125	760430.9259	3494489.5875	4775950.8483	3.6039e-37
893	82559.5289	-37713.5236	760522.5289	3494449.4764	4775950.8483	3.2286e-37
894	82651.1318	-37753.6347	760614.1318	3494409.3653	4775950.8483	2.8923e-37
895	82742.7347	-37793.7458	760705.7347	3494369.2542	4775950.8483	2.5911e-37
896	82834.3377	-37833.8569	760797.3377	3494329.1431	4775950.8483	2.3212e-37
897	82925.9406	-37873.9680	760888.9406	3494289.0320	4775950.8483	2.0794e-37
898	83017.5436	-37914.0791	760980.5436	3494248.9209	4775950.8483	1.8629e-37
899	83109.1465	-37954.1902	761072.1465	3494208.8098	4775950.8483	1.6688e-37
900	83200.7495	-37994.3013	761163.7495	3494168.6987	4775950.8483	1.4950e-37
901	83292.3524	-38034.4124	761255.3524	3494128.5876	4775950.8483	1.3393e-37
902	83383.9553	-38074.5236	761346.9553	3494088.4764	4775950.8483	1.1998e-37
903	83475.5583	-38114.6347	761438.5583	3494048.3653	4775950.8483	1.0749e-37
904	83567.1612	-38154.7458	761530.1612	3494008.2542	4775950.8483	9.6293e-38
905	83658.7642	-38194.8569	761621.7642	3493968.1431	4775950.8483	8.6264e-38
906	83750.3671	-38234.9680	761713.3671	3493928.0320	4775950.8483	7.7280e-38
907	83841.9700	-38275.0791	761804.9700	3493887.9209	4775950.8483	6.9231e-38
908	83933.5730	-38315.1902	761896.5730	3493847.8098	4775950.8483	6.2021e-38
909	84025.1759	-38355.3013	761988.1759	3493807.6987	4775950.8483	5.5562e-38
910	84116.7789	-38395.4124	762079.7789	3493767.5876	4775950.8483	4.9775e-38
911	84208.3818	-38435.5235	762171.3818	3493727.4765	4775950.8483	4.4591e-38
912	84299.9848	-38475.6346	762262.9848	3493687.3654	4775950.8483	3.9947e-38
913	84391.5877	-38515.7458	762354.5877	3493647.2542	4775950.8483	3.5787e-38
914	84483.1906	-38555.8569	762446.1906	3493607.1431	4775950.8483	3.2060e-38
915	84574.7936	-38595.9680	762537.7936	3493567.0320	4775950.8483	2.8721e-38
916	84666.3965	-38636.0791	762629.3965	3493526.9209	4775950.8483	2.5730e-38
917	84757.9995	-38676.1902	762720.9995	3493486.8098	4775950.8483	2.3050e-38
918	84849.6024	-38716.3013	762812.6024	3493446.6987	4775950.8483	2.0650e-38
919	84941.2053	-38756.4124	762904.2053	3493406.5876	4775950.8483	1.8499e-38
920	85032.8083	-38796.5235	762995.8083	3493366.4765	4775950.8483	1.6573e-38
921	85124.4112	-38836.6346	763087.4112	3493326.3654	4775950.8483	1.4847e-38
922	85216.0142	-38876.7457	763179.0142	3493286.2543	4775950.8483	1.3301e-38
923	85307.6171	-38916.8568	763270.6171	3493246.1432	4775950.8483	1.1916e-38
924	85399.2201	-38956.9679	763362.2201	3493206.0321	4775950.8483	1.0675e-38
925	85490.8230	-38997.0791	763453.8230	3493165.9209	4775950.8483	9.5630e-39
926	85582.4259	-39037.1902	763545.4259	3493125.8098	4775950.8483	8.5671e-39
927	85674.0289	-39077.3013	763637.0289	3493085.6987	4775950.8483	7.6749e-39
928	85765.6318	-39117.4124	763728.6318	3493045.5876	4775950.8483	6.8757e-39
929	85857.2348	-39157.5235	763820.2348	3493005.4765	4775950.8483	6.1596e-39
930	85948.8377	-39197.6346	763911.8377	3492965.3654	4775950.8483	5.5182e-39
931	86040.4406	-39237.7457	764003.4406	3492925.2543	4775950.8483	4.9435e-39
932	86132.0436	-39277.8568	764095.0436	3492885.1432	4775950.8483	4.4287e-39
933	86223.6465	-39317.9679	764186.6465	3492845.0321	4775950.8483	3.9675e-39
934	86315.2495	-39358.0790	764278.2495	3492804.9210	4775950.8483	3.5543e-39
935	86406.8524	-39398.1901	764369.8524	3492764.8099	4775950.8483	3.1842e-39
936	86498.4554	-39438.3012	764461.4554	3492724.6988	4775950.8483	2.8526e-39
937	86590.0583	-39478.4124	764553.0583	3492684.5876	4775950.8483	2.5556e-39
938	86681.6612	-39518.5235	764644.6612	3492644.4765	4775950.8483	2.2894e-39
939	86773.2642	-39558.6346	764736.2642	3492604.3654	4775950.8483	2.0510e-39
940	86864.8671	-39598.7457	764827.8671	3492564.2543	4775950.8483	1.8374e-39
941	86956.4701	-39638.8568	764919.4701	3492524.1432	4775950.8483	1.6461e-39
942	87048.0730	-39678.9679	765011.0730	3492484.0321	4775950.8483	1.4747e-39
943	87139.6760	-39719.0790	765102.6760	3492443.9210	4775950.8483	1.3211e-39
944	87231.2789	-39759.1901	765194.2789	3492403.8099	4775950.8483	1.1835e-39
945	87322.8818	-39799.3012	765285.8818	3492363.6988	4775950.8483	1.0603e-39
946	87414.4848	-39839.4123	765377.4848	3492323.5877	4775950.8483	9.4988e-40
947	87506.0877	-39879.5234	765469.0877	3492283.4766	4775950.8483	8.5097e-40
948	87597.6907	-39919.6346	765560.6907	3492243.3654	4775950.8483	7.6236e-40
949	87689.2936	-39959.7457	765652.2936	3492203.2543	4775950.8483	6.8297e-40
950	87780.8965	-39999.8568	765743.8965	3492163.1432	4775950.8483	6.1185e-40
951	87872.4995	-40039.9679	765835.4995	3492123.0321	4775950.8483	5.4814e-40
952	87964.1024	-40080.0790	765927.1024	3492082.9210	4775950.8483	4.9106e-40
953	88055.7054	-40120.1901	766018.7054	3492042.8099	4775950.8483	4.3993e-40
954	88147.3083	-40160.3012	766110.3083	3492002.6988	4775950.8483	3.9412e-40
955	88238.9113	-40200.4123	766201.9113	3491962.5877	4775950.8483	3.5308e-40
956	88330.5142	-40240.5234	766293.5142	3491922.4766	4775950.8483	3.1631e-40
957	88422.1171	-40280.6345	766385.1171	3491882.3655	4775950.8483	2.8337e-40
958	88513.7201	-40320.7456	766476.7201	3491842.2544	4775950.8483	2.5387e-40
959	88605.3230	-40360.8567	766568.3230	3491802.1433	4775950.8483	2.2743e-40
960	88696.9260	-40400.9679	766659.9260	3491762.0321	4775950.8483	2.0375e-40
961	88788.5289	-40441.0790	766751.5289	3491721.9210	4775950.8483	1.8253e-40
962	88880.1318	-40481.1901	766843.1318	3491681.8099	4775950.8483	1.6353e-40
963	88971.7348	-40521.3012	766934.7348	3491641.6988	4775950.8483	1.4650e-40
964	89063.3377	-40561.4123	767026.3377	3491601.5877	4775950.8483	1.3124e-40
965	89154.9407	-40601.5234	767117.9407	3491561.4766	4775950.8483	1.1758e-40
966	89246.5436	-40641.6345	767209.5436	3491521.3655	4775950.8483	1.0534e-40
967	89338.1466	-40681.7456	767301.1466	3491481.2544	4775950.8483	9.4367e-41
968	89429.7495	-40721.8567	767392.7495	3491441.1433	4775950.8483	8.4541e-41
969	89521.3524	-40761.9678	767484.3524	3491401.0322	4775950.8483	7.5738e-41
970	89612.9554	-40802.0789	767575.9554	3491360.9211	4775950.8483	6.7852e-41
971	89704.5583	-40842.1901	767667.5583	3491320.8099	4775950.8483	6.0787e-41
972	89796.1613	-40882.3012	767759.1613	3491280.6988	4775950.8483	5.4457e-41
973	89887.7642	-40922.4123	767850.7642	3491240.5877	4775950.8483	4.8787e-41
974	89979.3672	-40962.5234	767942.3672	3491200.4766	4775950.8483	4.3707e-41
975	90070.9701	-41002.6345	768033.9701	3491160.3655	4775950.8483	3.9156e-41
976	90162.5730	-41042.7456	768125.5730	3491120.2544	4775950.8483	3.5079e-41
977	90254.1760	-41082.8567	768217.1760	3491080.1433	4775950.8483	3.1426e-41
978	90345.7789	-41122.9678	768308.7789	3491040.0322	4775950.8483	2.8154e-41
979	90437.3819	-41163.0789	768400.3819	3490999.9211	4775950.8483	2.5223e-41
980	90528.9848	-41203.1900	768491.9848	3490959.8100	4775950.8483	2.2596e-41
981	90620.5877	-41243.3011	768583.5877	3490919.6989	4775950.8483	2.0244e-41
982	90712.1907	-41283.4122	768675.1907	3490879.5878	4775950.8483	1.8136e-41
983	90803.7936	-41323.5234	768766.7936	3490839.4766	4775950.8483	1.6248e-41
984	90895.3966	-41363.6345	768858.3966	3490799.3655	4775950.8483	1.4556e-41
985	90986.9995	-41403.7456	768949.9995	3490759.2544	4775950.8483	1.3040e-41
986	91078.6025	-41443.8567	769041.6025	3490719.1433	4775950.8483	1.1682e-41
987	91170.2054	-41483.9678	769133.2054	3490679.0322	4775950.8483	1.0466e-41
988	91261.8083	-41524.0789	769224.8083	3490638.9211	4775950.8483	9.3764e-42
989	91353.4113	-41564.1900	769316.4113	3490598.8100	4775950.8483	8.4001e-42
990	91445.0142	-41604.3011	769408.0142	3490558.6989	4775950.8483	7.5255e-42
991	91536.6172	-41644.4122	769499.6172	3490518.5878	4775950.8483	6.7419e-42
992	91628.2201	-41684.5233	769591.2201	3490478.4767	4775950.8483	6.0400e-42
993	91719.8230	-41724.6344	769682.8230	3490438.3656	4775950.8483	5.4111e-42
994	91811.4260	-41764.7455	769774.4260	3490398.2545	4775950.8483	4.8477e-42
995	91903.0289	-41804.8567	769866.0289	3490358.1433	4775950.8483	4.3430e-42
996	91994.6319	-41844.9678	769957.6319	3490318.0322	4775950.8483	3.8908e-42
997	92086.2348	-41885.0789	770049.2348	3490277.9211	4775950.8483	3.4857e-42
998	92177.8378	-41925.1900	770140.8378	3490237.8100	4775950.8483	3.1228e-42
999	92269.4407	-41965.3011	770232.4407	3490197.6989	4775950.8483	2.7976e-42
