i	x_from_vent	y_from_vent	x_coord	y_coord	cloud_sigma2	mass_released
0	4464.4005	-6593.0902	682427.4005	3525569.9098	2581592.4284	5.8029e+06
1	5104.5630	-7662.1532	683067.5630	3524500.8468	2775963.1925	5.7542e+06
2	5760.8622	-8741.3741	683723.8622	3523421.6259	2965933.4161	5.7058e+06
3	6454.4689	-9816.4374	684417.4689	3522346.5626	3154812.4499	5.6579e+06
4	7187.7226	-10878.9623	685150.7226	3521284.0377	3344861.2670	5.6104e+06
5	7954.4764	-11922.0116	685917.4764	3520240.9884	3536758.0838	5.5633e+06
6	8746.1835	-12939.7721	686709.1835	3519223.2279	3730410.5944	5.5167e+06
7	9566.8751	-13930.0501	687529.8751	3518232.9499	3925238.9419	5.4704e+06
8	10403.5173	-14879.9940	688366.5173	3517283.0060	4120197.4788	5.4245e+06
9	11235.1138	-15787.1184	689198.1138	3516375.8816	4314824.0527	5.3790e+06
10	12065.3599	-16651.5530	690028.3599	3515511.4470	4509008.4015	5.3340e+06
11	12899.7035	-17472.1803	690862.7035	3514690.8197	4702740.2810	5.2893e+06
12	13720.5262	-18258.7666	691683.5262	3513904.2334	4896183.1033	5.2450e+06
13	14547.3273	-19004.7031	692510.3273	3513158.2969	5089021.3333	5.2010e+06
14	15362.3653	-19719.3545	693325.3653	3512443.6455	5281310.4859	5.1575e+06
15	16174.3524	-20400.1666	694137.3524	3511762.8334	5472781.3299	5.1143e+06
16	16978.5285	-21050.1924	694941.5285	3511112.8076	5663293.5711	5.0716e+06
17	17775.2253	-21670.6352	695738.2253	3510492.3648	5852637.0778	5.0291e+06
18	18563.1904	-22262.5539	696526.1904	3509900.4461	6040607.4357	4.9871e+06
19	19343.4298	-22826.4141	697306.4298	3509336.5859	6226969.5951	4.9454e+06
20	20109.8157	-23366.4414	698072.8157	3508796.5586	6411564.3437	4.9041e+06
21	20871.9862	-23876.9209	698834.9862	3508286.0791	6594047.7056	4.8631e+06
22	21611.9987	-24370.9064	699574.9987	3507792.0936	6774396.8568	4.8225e+06
23	22353.7457	-24831.1878	700316.7457	3507331.8122	6952093.4981	4.7822e+06
24	23073.8586	-25275.9495	701036.8586	3506887.0505	7127183.3013	4.7423e+06
25	23781.5854	-25698.1701	701744.5854	3506464.8299	7299321.5788	4.7027e+06
26	24479.5689	-26096.2208	702442.5689	3506066.7792	7468246.0336	4.6635e+06
27	25155.7567	-26480.4846	703118.7567	3505682.5154	7633875.8668	4.6246e+06
28	25822.0174	-26842.7545	703785.0174	3505320.2455	7795845.6253	4.5861e+06
29	26473.4668	-27186.9430	704436.4668	3504976.0570	7954054.0155	4.5478e+06
30	27103.0502	-27518.5543	705066.0502	3504644.4457	8105171.9788	4.5100e+06
31	27718.1585	-27835.5643	705681.1585	3504327.4357	8255934.1195	4.4724e+06
32	28319.9140	-28138.0082	706282.9140	3504024.9918	8402712.9571	4.4351e+06
33	28900.2207	-28429.2579	706863.2207	3503733.7421	8545490.4172	4.3982e+06
34	29459.5205	-28709.5507	707422.5205	3503453.4493	8684153.2336	4.3616e+06
35	30008.6457	-28977.6398	707971.6457	3503185.3602	8818457.3254	4.3253e+06
36	30539.3930	-29234.9624	708502.3930	3502928.0376	8948424.0186	4.2894e+06
37	31049.7719	-29482.0630	709012.7719	3502680.9370	9073998.4664	4.2537e+06
38	31540.1581	-29719.1389	709503.1581	3502443.8611	9195100.8641	4.2183e+06
39	32015.3819	-29945.6136	709978.3819	3502217.3864	9311597.5029	4.1833e+06
40	32476.7814	-30161.4955	710439.7814	3502001.5045	9423407.8314	4.1485e+06
41	32918.6749	-30367.9798	710881.6749	3501795.0202	9530551.7741	4.1141e+06
42	33341.3743	-30565.2269	711304.3743	3501597.7731	9632973.2226	4.0799e+06
43	33745.1749	-30753.3892	711708.1749	3501409.6108	9730621.0869	4.0460e+06
44	34130.3554	-30932.6115	712093.3554	3501230.3885	9823449.0266	4.0125e+06
45	34502.3954	-31101.9873	712465.3954	3501061.0127	9911344.3731	3.9792e+06
46	34857.9774	-31262.3611	712820.9774	3500900.6389	9994318.0862	3.9462e+06
47	35195.2076	-31414.2834	713158.2076	3500748.7166	10072365.7726	3.9135e+06
48	35514.3142	-31557.8706	713477.3142	3500605.1294	10145458.0716	3.8810e+06
49	35815.5128	-31693.2337	713778.5128	3500469.7663	10213569.5558	3.8489e+06
50	36099.0067	-31820.4778	714062.0067	3500342.5222	10276678.6397	3.8170e+06
51	36364.9878	-31939.7032	714327.9878	3500223.2968	10334767.5064	3.7854e+06
52	36613.6374	-32051.0050	714576.6374	3500111.9950	10387822.0490	3.7541e+06
53	36845.1263	-32154.4734	714808.1263	3500008.5266	10435831.8250	3.7230e+06
54	37059.6157	-32250.1947	715022.6157	3499912.8053	10478790.0219	3.6922e+06
55	37192.3671	-32308.9262	715155.3671	3499854.0738	10511265.8716	3.6617e+06
56	37300.9157	-32356.6814	715263.9157	3499806.3186	10538060.0827	3.6314e+06
57	37406.3416	-32402.9993	715369.3416	3499760.0007	10560928.4744	3.6014e+06
58	37508.6598	-32447.8997	715471.6598	3499715.1003	10579869.1652	3.5716e+06
59	37607.8843	-32491.4017	715570.8843	3499671.5983	10594884.3612	3.5421e+06
60	37704.0279	-32533.5237	715667.0279	3499629.4763	10605980.3372	3.5128e+06
61	37797.1024	-32574.2839	715760.1024	3499588.7161	10613167.4245	3.4838e+06
62	37888.7054	-32614.3950	715851.7054	3499548.6050	10613167.4245	3.4551e+06
63	37980.3083	-32654.5061	715943.3083	3499508.4939	10613167.4245	3.4266e+06
64	38071.9113	-32694.6172	716034.9113	3499468.3828	10613167.4245	3.3983e+06
65	38163.5142	-32734.7283	716126.5142	3499428.2717	10613167.4245	3.3703e+06
66	38255.1171	-32774.8394	716218.1171	3499388.1606	10613167.4245	3.3425e+06
67	38346.7201	-32814.9505	716309.7201	3499348.0495	10613167.4245	3.3150e+06
68	38438.3230	-32855.0616	716401.3230	3499307.9384	10613167.4245	3.2876e+06
69	38529.9260	-32895.1727	716492.9260	3499267.8273	10613167.4245	3.2606e+06
70	38621.5289	-32935.2839	716584.5289	3499227.7161	10613167.4245	3.2337e+06
71	38713.1319	-32975.3950	716676.1319	3499187.6050	10613167.4245	3.2071e+06
72	38804.7348	-33015.5061	716767.7348	3499147.4939	10613167.4245	3.1807e+06
73	38896.3377	-33055.6172	716859.3377	3499107.3828	10613167.4245	3.1545e+06
74	38987.9407	-33095.7283	716950.9407	3499067.2717	10613167.4245	3.1286e+06
75	39079.5436	-33135.8394	717042.5436	3499027.1606	10613167.4245	3.1029e+06
76	39171.1466	-33175.9505	717134.1466	3498987.0495	10613167.4245	3.0774e+06
77	39262.7495	-33216.0616	717225.7495	3498946.9384	10613167.4245	3.0521e+06
78	39354.3525	-33256.1727	717317.3525	3498906.8273	10613167.4245	3.0270e+06
79	39445.9554	-33296.2838	717408.9554	3498866.7162	10613167.4245	3.0022e+06
80	39537.5583	-33336.3949	717500.5583	3498826.6051	10613167.4245	2.9775e+06
81	39629.1613	-33376.5060	717592.1613	3498786.4940	10613167.4245	2.9531e+06
82	39720.7642	-33416.6172	717683.7642	3498746.3828	10613167.4245	2.9288e+06
83	39812.3672	-33456.7283	717775.3672	3498706.2717	10613167.4245	2.9048e+06
84	39903.9701	-33496.8394	717866.9701	3498666.1606	10613167.4245	2.8810e+06
85	39995.5730	-33536.9505	717958.5730	3498626.0495	10613167.4245	2.8574e+06
86	40087.1760	-33577.0616	718050.1760	3498585.9384	10613167.4245	2.8340e+06
87	40178.7789	-33617.1727	718141.7789	3498545.8273	10613167.4245	2.8108e+06
88	40270.3819	-33657.2838	718233.3819	3498505.7162	10613167.4245	2.7877e+06
89	40361.9848	-33697.3949	718324.9848	3498465.6051	10613167.4245	2.7649e+06
90	40453.5878	-33737.5060	718416.5878	3498425.4940	10613167.4245	2.7423e+06
91	40545.1907	-33777.6171	718508.1907	3498385.3829	10613167.4245	2.7198e+06
92	40636.7936	-33817.7282	718599.7936	3498345.2718	10613167.4245	2.6976e+06
93	40728.3966	-33857.8394	718691.3966	3498305.1606	10613167.4245	2.6755e+06
94	40819.9995	-33897.9505	718782.9995	3498265.0495	10613167.4245	2.6537e+06
95	40911.6025	-33938.0616	718874.6025	3498224.9384	10613167.4245	2.6320e+06
96	41003.2054	-33978.1727	718966.2054	3498184.8273	10613167.4245	2.6105e+06
97	41094.8083	-34018.2838	719057.8083	3498144.7162	10613167.4245	2.5891e+06
98	41186.4113	-34058.3949	719149.4113	3498104.6051	10613167.4245	2.5680e+06
99	41278.0142	-34098.5060	719241.0142	3498064.4940	10613167.4245	2.5470e+06
100	41369.6172	-34138.6171	719332.6172	3498024.3829	10613167.4245	2.5263e+06
101	41461.2201	-34178.7282	719424.2201	3497984.2718	10613167.4245	2.5056e+06
102	41552.8231	-34218.8393	719515.8231	3497944.1607	10613167.4245	2.4852e+06
103	41644.4260	-34258.9504	719607.4260	3497904.0496	10613167.4245	2.4649e+06
104	41736.0289	-34299.0615	719699.0289	3497863.9385	10613167.4245	2.4449e+06
105	41827.6319	-34339.1727	719790.6319	3497823.8273	10613167.4245	2.4249e+06
106	41919.2348	-34379.2838	719882.2348	3497783.7162	10613167.4245	2.4052e+06
107	42010.8378	-34419.3949	719973.8378	3497743.6051	10613167.4245	2.3856e+06
108	42102.4407	-34459.5060	720065.4407	3497703.4940	10613167.4245	2.3662e+06
109	42194.0437	-34499.6171	720157.0437	3497663.3829	10613167.4245	2.3469e+06
110	42285.6466	-34539.7282	720248.6466	3497623.2718	10613167.4245	2.3278e+06
111	42377.2495	-34579.8393	720340.2495	3497583.1607	10613167.4245	2.3089e+06
112	42468.8525	-34619.9504	720431.8525	3497543.0496	10613167.4245	2.2901e+06
113	42560.4554	-34660.0615	720523.4554	3497502.9385	10613167.4245	2.2715e+06
114	42652.0584	-34700.1726	720615.0584	3497462.8274	10613167.4245	2.2530e+06
115	42743.6613	-34740.2837	720706.6613	3497422.7163	10613167.4245	2.2347e+06
116	42835.2642	-34780.3948	720798.2642	3497382.6052	10613167.4245	2.2166e+06
117	42926.8672	-34820.5060	720889.8672	3497342.4940	10613167.4245	2.1986e+06
118	43018.4701	-34860.6171	720981.4701	3497302.3829	10613167.4245	2.1807e+06
119	43110.0731	-34900.7282	721073.0731	3497262.2718	10613167.4245	2.1630e+06
120	43201.6760	-34940.8393	721164.6760	3497222.1607	10613167.4245	2.1455e+06
121	43293.2790	-34980.9504	721256.2790	3497182.0496	10613167.4245	2.1281e+06
122	43384.8819	-35021.0615	721347.8819	3497141.9385	10613167.4245	2.1109e+06
123	43476.4848	-35061.1726	721439.4848	3497101.8274	10613167.4245	2.0937e+06
124	43568.0878	-35101.2837	721531.0878	3497061.7163	10613167.4245	2.0768e+06
125	43659.6907	-35141.3948	721622.6907	3497021.6052	10613167.4245	2.0600e+06
126	43751.2937	-35181.5059	721714.2937	3496981.4941	10613167.4245	2.0433e+06
127	43842.8966	-35221.6170	721805.8966	3496941.3830	10613167.4245	2.0267e+06
128	43934.4995	-35261.7282	721897.4995	3496901.2718	10613167.4245	2.0103e+06
129	44026.1025	-35301.8393	721989.1025	3496861.1607	10613167.4245	1.9941e+06
130	44117.7054	-35341.9504	722080.7054	3496821.0496	10613167.4245	1.9780e+06
131	44209.3084	-35382.0615	722172.3084	3496780.9385	10613167.4245	1.9620e+06
132	44300.9113	-35422.1726	722263.9113	3496740.8274	10613167.4245	1.9461e+06
133	44392.5143	-35462.2837	722355.5143	3496700.7163	10613167.4245	1.9304e+06
134	44484.1172	-35502.3948	722447.1172	3496660.6052	10613167.4245	1.9148e+06
135	44575.7201	-35542.5059	722538.7201	3496620.4941	10613167.4245	1.8993e+06
136	44667.3231	-35582.6170	722630.3231	3496580.3830	10613167.4245	1.8840e+06
137	44758.9260	-35622.7281	722721.9260	3496540.2719	10613167.4245	1.8688e+06
138	44850.5290	-35662.8392	722813.5290	3496500.1608	10613167.4245	1.8537e+06
139	44942.1319	-35702.9503	722905.1319	3496460.0497	10613167.4245	1.8388e+06
140	45033.7349	-35743.0615	722996.7349	3496419.9385	10613167.4245	1.8239e+06
141	45125.3378	-35783.1726	723088.3378	3496379.8274	10613167.4245	1.8092e+06
142	45216.9407	-35823.2837	723179.9407	3496339.7163	10613167.4245	1.7947e+06
143	45308.5437	-35863.3948	723271.5437	3496299.6052	10613167.4245	1.7802e+06
144	45400.1466	-35903.5059	723363.1466	3496259.4941	10613167.4245	1.7659e+06
145	45491.7496	-35943.6170	723454.7496	3496219.3830	10613167.4245	1.7516e+06
146	45583.3525	-35983.7281	723546.3525	3496179.2719	10613167.4245	1.7375e+06
147	45674.9554	-36023.8392	723637.9554	3496139.1608	10613167.4245	1.7236e+06
148	45766.5584	-36063.9503	723729.5584	3496099.0497	10613167.4245	1.7097e+06
149	45858.1613	-36104.0614	723821.1613	3496058.9386	10613167.4245	1.6960e+06
150	45949.7643	-36144.1725	723912.7643	3496018.8275	10613167.4245	1.6823e+06
151	46041.3672	-36184.2836	724004.3672	3495978.7164	10613167.4245	1.6688e+06
152	46132.9702	-36224.3948	724095.9702	3495938.6052	10613167.4245	1.6554e+06
153	46224.5731	-36264.5059	724187.5731	3495898.4941	10613167.4245	1.6421e+06
154	46316.1760	-36304.6170	724279.1760	3495858.3830	10613167.4245	1.6289e+06
155	46407.7790	-36344.7281	724370.7790	3495818.2719	10613167.4245	1.6158e+06
156	46499.3819	-36384.8392	724462.3819	3495778.1608	10613167.4245	1.6029e+06
157	46590.9849	-36424.9503	724553.9849	3495738.0497	10613167.4245	1.5900e+06
158	46682.5878	-36465.0614	724645.5878	3495697.9386	10613167.4245	1.5773e+06
159	46774.1907	-36505.1725	724737.1907	3495657.8275	10613167.4245	1.5646e+06
160	46865.7937	-36545.2836	724828.7937	3495617.7164	10613167.4245	1.5521e+06
161	46957.3966	-36585.3947	724920.3966	3495577.6053	10613167.4245	1.5396e+06
162	47048.9996	-36625.5058	725011.9996	3495537.4942	10613167.4245	1.5273e+06
163	47140.6025	-36665.6170	725103.6025	3495497.3830	10613167.4245	1.5151e+06
164	47232.2055	-36705.7281	725195.2055	3495457.2719	10613167.4245	1.5030e+06
165	47323.8084	-36745.8392	725286.8084	3495417.1608	10613167.4245	1.4909e+06
166	47415.4113	-36785.9503	725378.4113	3495377.0497	10613167.4245	1.4790e+06
167	47507.0143	-36826.0614	725470.0143	3495336.9386	10613167.4245	1.4672e+06
168	47598.6172	-36866.1725	725561.6172	3495296.8275	10613167.4245	1.4554e+06
169	47690.2202	-36906.2836	725653.2202	3495256.7164	10613167.4245	1.4438e+06
170	47781.8231	-36946.3947	725744.8231	3495216.6053	10613167.4245	1.4323e+06
171	47873.4260	-36986.5058	725836.4260	3495176.4942	10613167.4245	1.4208e+06
172	47965.0290	-37026.6169	725928.0290	3495136.3831	10613167.4245	1.4095e+06
173	48056.6319	-37066.7280	726019.6319	3495096.2720	10613167.4245	1.3982e+06
174	48148.2349	-37106.8391	726111.2349	3495056.1609	10613167.4245	1.3871e+06
175	48239.8378	-37146.9503	726202.8378	3495016.0497	10613167.4245	1.3760e+06
176	48331.4408	-37187.0614	726294.4408	3494975.9386	10613167.4245	1.3650e+06
177	48423.0437	-37227.1725	726386.0437	3494935.8275	10613167.4245	1.3542e+06
178	48514.6466	-37267.2836	726477.6466	3494895.7164	10613167.4245	1.3434e+06
179	48606.2496	-37307.3947	726569.2496	3494855.6053	10613167.4245	1.3327e+06
180	48697.8525	-37347.5058	726660.8525	3494815.4942	10613167.4245	1.3220e+06
181	48789.4555	-37387.6169	726752.4555	3494775.3831	10613167.4245	1.3115e+06
182	48881.0584	-37427.7280	726844.0584	3494735.2720	10613167.4245	1.3011e+06
183	48972.6614	-37467.8391	726935.6614	3494695.1609	10613167.4245	1.2907e+06
184	49064.2643	-37507.9502	727027.2643	3494655.0498	10613167.4245	1.2804e+06
185	49155.8672	-37548.0613	727118.8672	3494614.9387	10613167.4245	1.2703e+06
186	49247.4702	-37588.1725	727210.4702	3494574.8275	10613167.4245	1.2602e+06
187	49339.0731	-37628.2836	727302.0731	3494534.7164	10613167.4245	1.2501e+06
188	49430.6761	-37668.3947	727393.6761	3494494.6053	10613167.4245	1.2402e+06
189	49522.2790	-37708.5058	727485.2790	3494454.4942	10613167.4245	1.2304e+06
190	49613.8819	-37748.6169	727576.8819	3494414.3831	10613167.4245	1.2206e+06
191	49705.4849	-37788.7280	727668.4849	3494374.2720	10613167.4245	1.2109e+06
192	49797.0878	-37828.8391	727760.0878	3494334.1609	10613167.4245	1.2013e+06
193	49888.6908	-37868.9502	727851.6908	3494294.0498	10613167.4245	1.1918e+06
194	49980.2937	-37909.0613	727943.2937	3494253.9387	10613167.4245	1.1823e+06
195	50071.8967	-37949.1724	728034.8967	3494213.8276	10613167.4245	1.1729e+06
196	50163.4996	-37989.2835	728126.4996	3494173.7165	10613167.4245	1.1636e+06
197	50255.1025	-38029.3946	728218.1025	3494133.6054	10613167.4245	1.1544e+06
198	50346.7055	-38069.5058	728309.7055	3494093.4942	10613167.4245	1.1453e+06
199	50438.3084	-38109.6169	728401.3084	3494053.3831	10613167.4245	1.1362e+06
200	50529.9114	-38149.7280	728492.9114	3494013.2720	10613167.4245	1.1272e+06
201	50621.5143	-38189.8391	728584.5143	3493973.1609	10613167.4245	1.1183e+06
202	50713.1172	-38229.9502	728676.1172	3493933.0498	10613167.4245	1.1094e+06
203	50804.7202	-38270.0613	728767.7202	3493892.9387	10613167.4245	1.1006e+06
204	50896.3231	-38310.1724	728859.3231	3493852.8276	10613167.4245	1.0919e+06
205	50987.9261	-38350.2835	728950.9261	3493812.7165	10613167.4245	1.0833e+06
206	51079.5290	-38390.3946	729042.5290	3493772.6054	10613167.4245	1.0747e+06
207	51171.1320	-38430.5057	729134.1320	3493732.4943	10613167.4245	1.0663e+06
208	51262.7349	-38470.6168	729225.7349	3493692.3832	10613167.4245	1.0578e+06
209	51354.3378	-38510.7279	729317.3378	3493652.2721	10613167.4245	1.0495e+06
210	51445.9408	-38550.8391	729408.9408	3493612.1609	10613167.4245	1.0412e+06
211	51537.5437	-38590.9502	729500.5437	3493572.0498	10613167.4245	1.0330e+06
212	51629.1467	-38631.0613	729592.1467	3493531.9387	10613167.4245	1.0248e+06
213	51720.7496	-38671.1724	729683.7496	3493491.8276	10613167.4245	1.0167e+06
214	51812.3526	-38711.2835	729775.3526	3493451.7165	10613167.4245	1.0087e+06
215	51903.9555	-38751.3946	729866.9555	3493411.6054	10613167.4245	1.0008e+06
216	51995.5584	-38791.5057	729958.5584	3493371.4943	10613167.4245	9.9289e+05
217	52087.1614	-38831.6168	730050.1614	3493331.3832	10613167.4245	9.8507e+05
218	52178.7643	-38871.7279	730141.7643	3493291.2721	10613167.4245	9.7731e+05
219	52270.3673	-38911.8390	730233.3673	3493251.1610	10613167.4245	9.6962e+05
220	52361.9702	-38951.9501	730324.9702	3493211.0499	10613167.4245	9.6198e+05
221	52453.5731	-38992.0613	730416.5731	3493170.9387	10613167.4245	9.5442e+05
222	52545.1761	-39032.1724	730508.1761	3493130.8276	10613167.4245	9.4691e+05
223	52636.7790	-39072.2835	730599.7790	3493090.7165	10613167.4245	9.3946e+05
224	52728.3820	-39112.3946	730691.3820	3493050.6054	10613167.4245	9.3208e+05
225	52819.9849	-39152.5057	730782.9849	3493010.4943	10613167.4245	9.2475e+05
226	52911.5879	-39192.6168	730874.5879	3492970.3832	10613167.4245	9.1749e+05
227	53003.1908	-39232.7279	730966.1908	3492930.2721	10613167.4245	9.1028e+05
228	53094.7937	-39272.8390	731057.7937	3492890.1610	10613167.4245	9.0314e+05
229	53186.3967	-39312.9501	731149.3967	3492850.0499	10613167.4245	8.9605e+05
230	53277.9996	-39353.0612	731240.9996	3492809.9388	10613167.4245	8.8902e+05
231	53369.6026	-39393.1723	731332.6026	3492769.8277	10613167.4245	8.8204e+05
232	53461.2055	-39433.2834	731424.2055	3492729.7166	10613167.4245	8.7512e+05
233	53552.8084	-39473.3946	731515.8084	3492689.6054	10613167.4245	8.6826e+05
234	53644.4114	-39513.5057	731607.4114	3492649.4943	10613167.4245	8.6146e+05
235	53736.0143	-39553.6168	731699.0143	3492609.3832	10613167.4245	8.5471e+05
236	53827.6173	-39593.7279	731790.6173	3492569.2721	10613167.4245	8.4802e+05
237	53919.2202	-39633.8390	731882.2202	3492529.1610	10613167.4245	8.4138e+05
238	54010.8232	-39673.9501	731973.8232	3492489.0499	10613167.4245	8.3479e+05
239	54102.4261	-39714.0612	732065.4261	3492448.9388	10613167.4245	8.2826e+05
240	54194.0290	-39754.1723	732157.0290	3492408.8277	10613167.4245	8.2178e+05
241	54285.6320	-39794.2834	732248.6320	3492368.7166	10613167.4245	8.1535e+05
242	54377.2349	-39834.3945	732340.2349	3492328.6055	10613167.4245	8.0898e+05
243	54468.8379	-39874.5056	732431.8379	3492288.4944	10613167.4245	8.0265e+05
244	54560.4408	-39914.6168	732523.4408	3492248.3832	10613167.4245	7.9638e+05
245	54652.0438	-39954.7279	732615.0438	3492208.2721	10613167.4245	7.9016e+05
246	54743.6467	-39994.8390	732706.6467	3492168.1610	10613167.4245	7.8399e+05
247	54835.2496	-40034.9501	732798.2496	3492128.0499	10613167.4245	7.7787e+05
248	54926.8526	-40075.0612	732889.8526	3492087.9388	10613167.4245	7.7180e+05
249	55018.4555	-40115.1723	732981.4555	3492047.8277	10613167.4245	7.6578e+05
250	55110.0585	-40155.2834	733073.0585	3492007.7166	10613167.4245	7.5980e+05
251	55201.6614	-40195.3945	733164.6614	3491967.6055	10613167.4245	7.5388e+05
252	55293.2643	-40235.5056	733256.2643	3491927.4944	10613167.4245	7.4800e+05
253	55384.8673	-40275.6167	733347.8673	3491887.3833	10613167.4245	7.4217e+05
254	55476.4702	-40315.7278	733439.4702	3491847.2722	10613167.4245	7.3639e+05
255	55568.0732	-40355.8389	733531.0732	3491807.1611	10613167.4245	7.3066e+05
256	55659.6761	-40395.9501	733622.6761	3491767.0499	10613167.4245	7.2497e+05
257	55751.2791	-40436.0612	733714.2791	3491726.9388	10613167.4245	7.1933e+05
258	55842.8820	-40476.1723	733805.8820	3491686.8277	10613167.4245	7.1373e+05
259	55934.4849	-40516.2834	733897.4849	3491646.7166	10613167.4245	7.0818e+05
260	56026.0879	-40556.3945	733989.0879	3491606.6055	10613167.4245	7.0267e+05
261	56117.6908	-40596.5056	734080.6908	3491566.4944	10613167.4245	6.9721e+05
262	56209.2938	-40636.6167	734172.2938	3491526.3833	10613167.4245	6.9179e+05
263	56300.8967	-40676.7278	734263.8967	3491486.2722	10613167.4245	6.8641e+05
264	56392.4996	-40716.8389	734355.4996	3491446.1611	10613167.4245	6.8108e+05
265	56484.1026	-40756.9500	734447.1026	3491406.0500	10613167.4245	6.7579e+05
266	56575.7055	-40797.0611	734538.7055	3491365.9389	10613167.4245	6.7055e+05
267	56667.3085	-40837.1722	734630.3085	3491325.8278	10613167.4245	6.6534e+05
268	56758.9114	-40877.2834	734721.9114	3491285.7166	10613167.4245	6.6018e+05
269	56850.5144	-40917.3945	734813.5144	3491245.6055	10613167.4245	6.5506e+05
270	56942.1173	-40957.5056	734905.1173	3491205.4944	10613167.4245	6.4998e+05
271	57033.7202	-40997.6167	734996.7202	3491165.3833	10613167.4245	6.4495e+05
272	57125.3232	-41037.7278	735088.3232	3491125.2722	10613167.4245	6.3995e+05
273	57216.9261	-41077.8389	735179.9261	3491085.1611	10613167.4245	6.3499e+05
274	57308.5291	-41117.9500	735271.5291	3491045.0500	10613167.4245	6.3007e+05
275	57400.1320	-41158.0611	735363.1320	3491004.9389	10613167.4245	6.2520e+05
276	57491.7349	-41198.1722	735454.7349	3490964.8278	10613167.4245	6.2036e+05
277	57583.3379	-41238.2833	735546.3379	3490924.7167	10613167.4245	6.1556e+05
278	57674.9408	-41278.3944	735637.9408	3490884.6056	10613167.4245	6.1080e+05
279	57766.5438	-41318.5056	735729.5438	3490844.4944	10613167.4245	6.0607e+05
280	57858.1467	-41358.6167	735821.1467	3490804.3833	10613167.4245	6.0139e+05
281	57949.7497	-41398.7278	735912.7497	3490764.2722	10613167.4245	5.9674e+05
282	58041.3526	-41438.8389	736004.3526	3490724.1611	10613167.4245	5.9213e+05
283	58132.9555	-41478.9500	736095.9555	3490684.0500	10613167.4245	5.8756e+05
284	58224.5585	-41519.0611	736187.5585	3490643.9389	10613167.4245	5.8302e+05
285	58316.1614	-41559.1722	736279.1614	3490603.8278	10613167.4245	5.7852e+05
286	58407.7644	-41599.2833	736370.7644	3490563.7167	10613167.4245	5.7406e+05
287	58499.3673	-41639.3944	736462.3673	3490523.6056	10613167.4245	5.6963e+05
288	58590.9703	-41679.5055	736553.9703	3490483.4945	10613167.4245	5.6524e+05
289	58682.5732	-41719.6166	736645.5732	3490443.3834	10613167.4245	5.6088e+05
290	58774.1761	-41759.7277	736737.1761	3490403.2723	10613167.4245	5.5656e+05
291	58865.7791	-41799.8389	736828.7791	3490363.1611	10613167.4245	5.5227e+05
292	58957.3820	-41839.9500	736920.3820	3490323.0500	10613167.4245	5.4801e+05
293	59048.9850	-41880.0611	737011.9850	3490282.9389	10613167.4245	5.4379e+05
294	59140.5879	-41920.1722	737103.5879	3490242.8278	10613167.4245	5.3961e+05
295	59232.1908	-41960.2833	737195.1908	3490202.7167	10613167.4245	5.3546e+05
296	59323.7938	-42000.3944	737286.7938	3490162.6056	10613167.4245	5.3134e+05
297	59415.3967	-42040.5055	737378.3967	3490122.4945	10613167.4245	5.2725e+05
298	59506.9997	-42080.6166	737469.9997	3490082.3834	10613167.4245	5.2320e+05
299	59598.6026	-42120.7277	737561.6026	3490042.2723	10613167.4245	5.1917e+05
300	59690.2056	-42160.8388	737653.2056	3490002.1612	10613167.4245	5.1518e+05
301	59781.8085	-42200.9499	737744.8085	3489962.0501	10613167.4245	5.1123e+05
302	59873.4114	-42241.0610	737836.4114	3489921.9390	10613167.4245	5.0730e+05
303	59965.0144	-42281.1722	737928.0144	3489881.8278	10613167.4245	5.0341e+05
304	60056.6173	-42321.2833	738019.6173	3489841.7167	10613167.4245	4.9954e+05
305	60148.2203	-42361.3944	738111.2203	3489801.6056	10613167.4245	4.9571e+05
306	60239.8232	-42401.5055	738202.8232	3489761.4945	10613167.4245	4.9191e+05
307	60331.4261	-42441.6166	738294.4261	3489721.3834	10613167.4245	4.8813e+05
308	60423.0291	-42481.7277	738386.0291	3489681.2723	10613167.4245	4.8439e+05
309	60514.6320	-42521.8388	738477.6320	3489641.1612	10613167.4245	4.8068e+05
310	60606.2350	-42561.9499	738569.2350	3489601.0501	10613167.4245	4.7700e+05
311	60697.8379	-42602.0610	738660.8379	3489560.9390	10613167.4245	4.7334e+05
312	60789.4409	-42642.1721	738752.4409	3489520.8279	10613167.4245	4.6972e+05
313	60881.0438	-42682.2832	738844.0438	3489480.7168	10613167.4245	4.6612e+05
314	60972.6467	-42722.3944	738935.6467	3489440.6056	10613167.4245	4.6256e+05
315	61064.2497	-42762.5055	739027.2497	3489400.4945	10613167.4245	4.5902e+05
316	61155.8526	-42802.6166	739118.8526	3489360.3834	10613167.4245	4.5551e+05
317	61247.4556	-42842.7277	739210.4556	3489320.2723	10613167.4245	4.5202e+05
318	61339.0585	-42882.8388	739302.0585	3489280.1612	10613167.4245	4.4857e+05
319	61430.6615	-42922.9499	739393.6615	3489240.0501	10613167.4245	4.4514e+05
320	61522.2644	-42963.0610	739485.2644	3489199.9390	10613167.4245	4.4174e+05
321	61613.8673	-43003.1721	739576.8673	3489159.8279	10613167.4245	4.3837e+05
322	61705.4703	-43043.2832	739668.4703	3489119.7168	10613167.4245	4.3502e+05
323	61797.0732	-43083.3943	739760.0732	3489079.6057	10613167.4245	4.3170e+05
324	61888.6762	-43123.5054	739851.6762	3489039.4946	10613167.4245	4.2841e+05
325	61980.2791	-43163.6165	739943.2791	3488999.3835	10613167.4245	4.2514e+05
326	62071.8820	-43203.7277	740034.8820	3488959.2723	10613167.4245	4.2190e+05
327	62163.4850	-43243.8388	740126.4850	3488919.1612	10613167.4245	4.1868e+05
328	62255.0879	-43283.9499	740218.0879	3488879.0501	10613167.4245	4.1549e+05
329	62346.6909	-43324.0610	740309.6909	3488838.9390	10613167.4245	4.1232e+05
330	62438.2938	-43364.1721	740401.2938	3488798.8279	10613167.4245	4.0918e+05
331	62529.8968	-43404.2832	740492.8968	3488758.7168	10613167.4245	4.0607e+05
332	62621.4997	-43444.3943	740584.4997	3488718.6057	10613167.4245	4.0297e+05
333	62713.1026	-43484.5054	740676.1026	3488678.4946	10613167.4245	3.9991e+05
334	62804.7056	-43524.6165	740767.7056	3488638.3835	10613167.4245	3.9687e+05
335	62896.3085	-43564.7276	740859.3085	3488598.2724	10613167.4245	3.9385e+05
336	62987.9115	-43604.8387	740950.9115	3488558.1613	10613167.4245	3.9085e+05
337	63079.5144	-43644.9499	741042.5144	3488518.0501	10613167.4245	3.8788e+05
338	63171.1173	-43685.0610	741134.1173	3488477.9390	10613167.4245	3.8493e+05
339	63262.7203	-43725.1721	741225.7203	3488437.8279	10613167.4245	3.8201e+05
340	63354.3232	-43765.2832	741317.3232	3488397.7168	10613167.4245	3.7911e+05
341	63445.9262	-43805.3943	741408.9262	3488357.6057	10613167.4245	3.7623e+05
342	63537.5291	-43845.5054	741500.5291	3488317.4946	10613167.4245	3.7337e+05
343	63629.1321	-43885.6165	741592.1321	3488277.3835	10613167.4245	3.7054e+05
344	63720.7350	-43925.7276	741683.7350	3488237.2724	10613167.4245	3.6773e+05
345	63812.3379	-43965.8387	741775.3379	3488197.1613	10613167.4245	3.6494e+05
346	63903.9409	-44005.9498	741866.9409	3488157.0502	10613167.4245	3.6217e+05
347	63995.5438	-44046.0609	741958.5438	3488116.9391	10613167.4245	3.5943e+05
348	64087.1468	-44086.1720	742050.1468	3488076.8280	10613167.4245	3.5671e+05
349	64178.7497	-44126.2832	742141.7497	3488036.7168	10613167.4245	3.5400e+05
350	64270.3527	-44166.3943	742233.3527	3487996.6057	10613167.4245	3.5132e+05
351	64361.9556	-44206.5054	742324.9556	3487956.4946	10613167.4245	3.4866e+05
352	64453.5585	-44246.6165	742416.5585	3487916.3835	10613167.4245	3.4602e+05
353	64545.1615	-44286.7276	742508.1615	3487876.2724	10613167.4245	3.4341e+05
354	64636.7644	-44326.8387	742599.7644	3487836.1613	10613167.4245	3.4081e+05
355	64728.3674	-44366.9498	742691.3674	3487796.0502	10613167.4245	3.3823e+05
356	64819.9703	-44407.0609	742782.9703	3487755.9391	10613167.4245	3.3567e+05
357	64911.5732	-44447.1720	742874.5732	3487715.8280	10613167.4245	3.3314e+05
358	65003.1762	-44487.2831	742966.1762	3487675.7169	10613167.4245	3.3062e+05
359	65094.7791	-44527.3942	743057.7791	3487635.6058	10613167.4245	3.2812e+05
360	65186.3821	-44567.5053	743149.3821	3487595.4947	10613167.4245	3.2565e+05
361	65277.9850	-44607.6165	743240.9850	3487555.3835	10613167.4245	3.2319e+05
362	65369.5880	-44647.7276	743332.5880	3487515.2724	10613167.4245	3.2075e+05
363	65461.1909	-44687.8387	743424.1909	3487475.1613	10613167.4245	3.1833e+05
364	65552.7938	-44727.9498	743515.7938	3487435.0502	10613167.4245	3.1593e+05
365	65644.3968	-44768.0609	743607.3968	3487394.9391	10613167.4245	3.1355e+05
366	65735.9997	-44808.1720	743698.9997	3487354.8280	10613167.4245	3.1118e+05
367	65827.6027	-44848.2831	743790.6027	3487314.7169	10613167.4245	3.0884e+05
368	65919.2056	-44888.3942	743882.2056	3487274.6058	10613167.4245	3.0651e+05
369	66010.8085	-44928.5053	743973.8085	3487234.4947	10613167.4245	3.0420e+05
370	66102.4115	-44968.6164	744065.4115	3487194.3836	10613167.4245	3.0191e+05
371	66194.0144	-45008.7275	744157.0144	3487154.2725	10613167.4245	2.9964e+05
372	66285.6174	-45048.8387	744248.6174	3487114.1613	10613167.4245	2.9738e+05
373	66377.2203	-45088.9498	744340.2203	3487074.0502	10613167.4245	2.9515e+05
374	66468.8233	-45129.0609	744431.8233	3487033.9391	10613167.4245	2.9293e+05
375	66560.4262	-45169.1720	744523.4262	3486993.8280	10613167.4245	2.9073e+05
376	66652.0291	-45209.2831	744615.0291	3486953.7169	10613167.4245	2.8854e+05
377	66743.6321	-45249.3942	744706.6321	3486913.6058	10613167.4245	2.8637e+05
378	66835.2350	-45289.5053	744798.2350	3486873.4947	10613167.4245	2.8422e+05
379	66926.8380	-45329.6164	744889.8380	3486833.3836	10613167.4245	2.8209e+05
380	67018.4409	-45369.7275	744981.4409	3486793.2725	10613167.4245	2.7997e+05
381	67110.0439	-45409.8386	745073.0439	3486753.1614	10613167.4245	2.7787e+05
382	67201.6468	-45449.9497	745164.6468	3486713.0503	10613167.4245	2.7578e+05
383	67293.2497	-45490.0608	745256.2497	3486672.9392	10613167.4245	2.7371e+05
384	67384.8527	-45530.1720	745347.8527	3486632.8280	10613167.4245	2.7166e+05
385	67476.4556	-45570.2831	745439.4556	3486592.7169	10613167.4245	2.6962e+05
386	67568.0586	-45610.3942	745531.0586	3486552.6058	10613167.4245	2.6760e+05
387	67659.6615	-45650.5053	745622.6615	3486512.4947	10613167.4245	2.6560e+05
388	67751.2644	-45690.6164	745714.2644	3486472.3836	10613167.4245	2.6361e+05
389	67842.8674	-45730.7275	745805.8674	3486432.2725	10613167.4245	2.6163e+05
390	67934.4703	-45770.8386	745897.4703	3486392.1614	10613167.4245	2.5968e+05
391	68026.0733	-45810.9497	745989.0733	3486352.0503	10613167.4245	2.5773e+05
392	68117.6762	-45851.0608	746080.6762	3486311.9392	10613167.4245	2.5580e+05
393	68209.2792	-45891.1719	746172.2792	3486271.8281	10613167.4245	2.5389e+05
394	68300.8821	-45931.2830	746263.8821	3486231.7170	10613167.4245	2.5199e+05
395	68392.4850	-45971.3942	746355.4850	3486191.6058	10613167.4245	2.5011e+05
396	68484.0880	-46011.5053	746447.0880	3486151.4947	10613167.4245	2.4824e+05
397	68575.6909	-46051.6164	746538.6909	3486111.3836	10613167.4245	2.4638e+05
398	68667.2939	-46091.7275	746630.2939	3486071.2725	10613167.4245	2.4454e+05
399	68758.8968	-46131.8386	746721.8968	3486031.1614	10613167.4245	2.4272e+05
400	68850.4997	-46171.9497	746813.4997	3485991.0503	10613167.4245	2.4091e+05
401	68942.1027	-46212.0608	746905.1027	3485950.9392	10613167.4245	2.3911e+05
402	69033.7056	-46252.1719	746996.7056	3485910.8281	10613167.4245	2.3732e+05
403	69125.3086	-46292.2830	747088.3086	3485870.7170	10613167.4245	2.3555e+05
404	69216.9115	-46332.3941	747179.9115	3485830.6059	10613167.4245	2.3380e+05
405	69308.5145	-46372.5052	747271.5145	3485790.4948	10613167.4245	2.3205e+05
406	69400.1174	-46412.6163	747363.1174	3485750.3837	10613167.4245	2.3032e+05
407	69491.7203	-46452.7275	747454.7203	3485710.2725	10613167.4245	2.2861e+05
408	69583.3233	-46492.8386	747546.3233	3485670.1614	10613167.4245	2.2691e+05
409	69674.9262	-46532.9497	747637.9262	3485630.0503	10613167.4245	2.2522e+05
410	69766.5292	-46573.0608	747729.5292	3485589.9392	10613167.4245	2.2354e+05
411	69858.1321	-46613.1719	747821.1321	3485549.8281	10613167.4245	2.2188e+05
412	69949.7350	-46653.2830	747912.7350	3485509.7170	10613167.4245	2.2022e+05
413	70041.3380	-46693.3941	748004.3380	3485469.6059	10613167.4245	2.1859e+05
414	70132.9409	-46733.5052	748095.9409	3485429.4948	10613167.4245	2.1696e+05
415	70224.5439	-46773.6163	748187.5439	3485389.3837	10613167.4245	2.1535e+05
416	70316.1468	-46813.7274	748279.1468	3485349.2726	10613167.4245	2.1375e+05
417	70407.7498	-46853.8385	748370.7498	3485309.1615	10613167.4245	2.1216e+05
418	70499.3527	-46893.9496	748462.3527	3485269.0504	10613167.4245	2.1058e+05
419	70590.9556	-46934.0608	748553.9556	3485228.9392	10613167.4245	2.0902e+05
420	70682.5586	-46974.1719	748645.5586	3485188.8281	10613167.4245	2.0747e+05
421	70774.1615	-47014.2830	748737.1615	3485148.7170	10613167.4245	2.0593e+05
422	70865.7645	-47054.3941	748828.7645	3485108.6059	10613167.4245	2.0440e+05
423	70957.3674	-47094.5052	748920.3674	3485068.4948	10613167.4245	2.0288e+05
424	71048.9704	-47134.6163	749011.9704	3485028.3837	10613167.4245	2.0138e+05
425	71140.5733	-47174.7274	749103.5733	3484988.2726	10613167.4245	1.9989e+05
426	71232.1762	-47214.8385	749195.1762	3484948.1615	10613167.4245	1.9841e+05
427	71323.7792	-47254.9496	749286.7792	3484908.0504	10613167.4245	1.9694e+05
428	71415.3821	-47295.0607	749378.3821	3484867.9393	10613167.4245	1.9548e+05
429	71506.9851	-47335.1718	749469.9851	3484827.8282	10613167.4245	1.9403e+05
430	71598.5880	-47375.2830	749561.5880	3484787.7170	10613167.4245	1.9259e+05
431	71690.1909	-47415.3941	749653.1909	3484747.6059	10613167.4245	1.9117e+05
432	71781.7939	-47455.5052	749744.7939	3484707.4948	10613167.4245	1.8975e+05
433	71873.3968	-47495.6163	749836.3968	3484667.3837	10613167.4245	1.8835e+05
434	71964.9998	-47535.7274	749927.9998	3484627.2726	10613167.4245	1.8696e+05
435	72056.6027	-47575.8385	750019.6027	3484587.1615	10613167.4245	1.8557e+05
436	72148.2057	-47615.9496	750111.2057	3484547.0504	10613167.4245	1.8420e+05
437	72239.8086	-47656.0607	750202.8086	3484506.9393	10613167.4245	1.8284e+05
438	72331.4115	-47696.1718	750294.4115	3484466.8282	10613167.4245	1.8149e+05
439	72423.0145	-47736.2829	750386.0145	3484426.7171	10613167.4245	1.8015e+05
440	72514.6174	-47776.3940	750477.6174	3484386.6060	10613167.4245	1.7882e+05
441	72606.2204	-47816.5051	750569.2204	3484346.4949	10613167.4245	1.7750e+05
442	72697.8233	-47856.6163	750660.8233	3484306.3837	10613167.4245	1.7619e+05
443	72789.4262	-47896.7274	750752.4262	3484266.2726	10613167.4245	1.7489e+05
444	72881.0292	-47936.8385	750844.0292	3484226.1615	10613167.4245	1.7360e+05
445	72972.6321	-47976.9496	750935.6321	3484186.0504	10613167.4245	1.7232e+05
446	73064.2351	-48017.0607	751027.2351	3484145.9393	10613167.4245	1.7105e+05
447	73155.8380	-48057.1718	751118.8380	3484105.8282	10613167.4245	1.6979e+05
448	73247.4410	-48097.2829	751210.4410	3484065.7171	10613167.4245	1.6854e+05
449	73339.0439	-48137.3940	751302.0439	3484025.6060	10613167.4245	1.6730e+05
450	73430.6468	-48177.5051	751393.6468	3483985.4949	10613167.4245	1.6607e+05
451	73522.2498	-48217.6162	751485.2498	3483945.3838	10613167.4245	1.6484e+05
452	73613.8527	-48257.7273	751576.8527	3483905.2727	10613167.4245	1.6363e+05
453	73705.4557	-48297.8385	751668.4557	3483865.1615	10613167.4245	1.6243e+05
454	73797.0586	-48337.9496	751760.0586	3483825.0504	10613167.4245	1.6123e+05
455	73888.6616	-48378.0607	751851.6616	3483784.9393	10613167.4245	1.6005e+05
456	73980.2645	-48418.1718	751943.2645	3483744.8282	10613167.4245	1.5887e+05
457	74071.8674	-48458.2829	752034.8674	3483704.7171	10613167.4245	1.5770e+05
458	74163.4704	-48498.3940	752126.4704	3483664.6060	10613167.4245	1.5654e+05
459	74255.0733	-48538.5051	752218.0733	3483624.4949	10613167.4245	1.5540e+05
460	74346.6763	-48578.6162	752309.6763	3483584.3838	10613167.4245	1.5425e+05
461	74438.2792	-48618.7273	752401.2792	3483544.2727	10613167.4245	1.5312e+05
462	74529.8821	-48658.8384	752492.8821	3483504.1616	10613167.4245	1.5200e+05
463	74621.4851	-48698.9495	752584.4851	3483464.0505	10613167.4245	1.5088e+05
464	74713.0880	-48739.0606	752676.0880	3483423.9394	10613167.4245	1.4978e+05
465	74804.6910	-48779.1718	752767.6910	3483383.8282	10613167.4245	1.4868e+05
466	74896.2939	-48819.2829	752859.2939	3483343.7171	10613167.4245	1.4759e+05
467	74987.8969	-48859.3940	752950.8969	3483303.6060	10613167.4245	1.4651e+05
468	75079.4998	-48899.5051	753042.4998	3483263.4949	10613167.4245	1.4543e+05
469	75171.1027	-48939.6162	753134.1027	3483223.3838	10613167.4245	1.4437e+05
470	75262.7057	-48979.7273	753225.7057	3483183.2727	10613167.4245	1.4331e+05
471	75354.3086	-49019.8384	753317.3086	3483143.1616	10613167.4245	1.4226e+05
472	75445.9116	-49059.9495	753408.9116	3483103.0505	10613167.4245	1.4122e+05
473	75537.5145	-49100.0606	753500.5145	3483062.9394	10613167.4245	1.4019e+05
474	75629.1174	-49140.1717	753592.1174	3483022.8283	10613167.4245	1.3916e+05
475	75720.7204	-49180.2828	753683.7204	3482982.7172	10613167.4245	1.3814e+05
476	75812.3233	-49220.3939	753775.3233	3482942.6061	10613167.4245	1.3713e+05
477	75903.9263	-49260.5051	753866.9263	3482902.4949	10613167.4245	1.3613e+05
478	75995.5292	-49300.6162	753958.5292	3482862.3838	10613167.4245	1.3514e+05
479	76087.1322	-49340.7273	754050.1322	3482822.2727	10613167.4245	1.3415e+05
480	76178.7351	-49380.8384	754141.7351	3482782.1616	10613167.4245	1.3317e+05
481	76270.3380	-49420.9495	754233.3380	3482742.0505	10613167.4245	1.3220e+05
482	76361.9410	-49461.0606	754324.9410	3482701.9394	10613167.4245	1.3123e+05
483	76453.5439	-49501.1717	754416.5439	3482661.8283	10613167.4245	1.3027e+05
484	76545.1469	-49541.2828	754508.1469	3482621.7172	10613167.4245	1.2932e+05
485	76636.7498	-49581.3939	754599.7498	3482581.6061	10613167.4245	1.2838e+05
486	76728.3528	-49621.5050	754691.3528	3482541.4950	10613167.4245	1.2744e+05
487	76819.9557	-49661.6161	754782.9557	3482501.3839	10613167.4245	1.2652e+05
488	76911.5586	-49701.7273	754874.5586	3482461.2727	10613167.4245	1.2559e+05
489	77003.1616	-49741.8384	754966.1616	3482421.1616	10613167.4245	1.2468e+05
490	77094.7645	-49781.9495	755057.7645	3482381.0505	10613167.4245	1.2377e+05
491	77186.3675	-49822.0606	755149.3675	3482340.9394	10613167.4245	1.2287e+05
492	77277.9704	-49862.1717	755240.9704	3482300.8283	10613167.4245	1.2197e+05
493	77369.5733	-49902.2828	755332.5733	3482260.7172	10613167.4245	1.2109e+05
494	77461.1763	-49942.3939	755424.1763	3482220.6061	10613167.4245	1.2021e+05
495	77552.7792	-49982.5050	755515.7792	3482180.4950	10613167.4245	1.1933e+05
496	77644.3822	-50022.6161	755607.3822	3482140.3839	10613167.4245	1.1846e+05
497	77735.9851	-50062.7272	755698.9851	3482100.2728	10613167.4245	1.1760e+05
498	77827.5881	-50102.8383	755790.5881	3482060.1617	10613167.4245	1.1675e+05
499	77919.1910	-50142.9494	755882.1910	3482020.0506	10613167.4245	1.1590e+05
500	78010.7939	-50183.0606	755973.7939	3481979.9394	10613167.4245	1.1506e+05
501	78102.3969	-50223.1717	756065.3969	3481939.8283	10613167.4245	1.1422e+05
502	78193.9998	-50263.2828	756156.9998	3481899.7172	10613167.4245	1.1339e+05
503	78285.6028	-50303.3939	756248.6028	3481859.6061	10613167.4245	1.1257e+05
504	78377.2057	-50343.5050	756340.2057	3481819.4950	10613167.4245	1.1175e+05
505	78468.8086	-50383.6161	756431.8086	3481779.3839	10613167.4245	1.1094e+05
506	78560.4116	-50423.7272	756523.4116	3481739.2728	10613167.4245	1.1014e+05
507	78652.0145	-50463.8383	756615.0145	3481699.1617	10613167.4245	1.0934e+05
508	78743.6175	-50503.9494	756706.6175	3481659.0506	10613167.4245	1.0854e+05
509	78835.2204	-50544.0605	756798.2204	3481618.9395	10613167.4245	1.0776e+05
510	78926.8234	-50584.1716	756889.8234	3481578.8284	10613167.4245	1.0698e+05
511	79018.4263	-50624.2827	756981.4263	3481538.7173	10613167.4245	1.0620e+05
512	79110.0292	-50664.3939	757073.0292	3481498.6061	10613167.4245	1.0543e+05
513	79201.6322	-50704.5050	757164.6322	3481458.4950	10613167.4245	1.0467e+05
514	79293.2351	-50744.6161	757256.2351	3481418.3839	10613167.4245	1.0391e+05
515	79384.8381	-50784.7272	757347.8381	3481378.2728	10613167.4245	1.0316e+05
516	79476.4410	-50824.8383	757439.4410	3481338.1617	10613167.4245	1.0241e+05
517	79568.0439	-50864.9494	757531.0439	3481298.0506	10613167.4245	1.0167e+05
518	79659.6469	-50905.0605	757622.6469	3481257.9395	10613167.4245	1.0094e+05
519	79751.2498	-50945.1716	757714.2498	3481217.8284	10613167.4245	1.0021e+05
520	79842.8528	-50985.2827	757805.8528	3481177.7173	10613167.4245	9.9483e+04
521	79934.4557	-51025.3938	757897.4557	3481137.6062	10613167.4245	9.8764e+04
522	80026.0587	-51065.5049	757989.0587	3481097.4951	10613167.4245	9.8051e+04
523	80117.6616	-51105.6161	758080.6616	3481057.3839	10613167.4245	9.7343e+04
524	80209.2645	-51145.7272	758172.2645	3481017.2728	10613167.4245	9.6640e+04
525	80300.8675	-51185.8383	758263.8675	3480977.1617	10613167.4245	9.5942e+04
526	80392.4704	-51225.9494	758355.4704	3480937.0506	10613167.4245	9.5250e+04
527	80484.0734	-51266.0605	758447.0734	3480896.9395	10613167.4245	9.4563e+04
528	80575.6763	-51306.1716	758538.6763	3480856.8284	10613167.4245	9.3881e+04
529	80667.2793	-51346.2827	758630.2793	3480816.7173	10613167.4245	9.3204e+04
530	80758.8822	-51386.3938	758721.8822	3480776.6062	10613167.4245	9.2532e+04
531	80850.4851	-51426.5049	758813.4851	3480736.4951	10613167.4245	9.1865e+04
532	80942.0881	-51466.6160	758905.0881	3480696.3840	10613167.4245	9.1203e+04
533	81033.6910	-51506.7271	758996.6910	3480656.2729	10613167.4245	9.0546e+04
534	81125.2940	-51546.8382	759088.2940	3480616.1618	10613167.4245	8.9894e+04
535	81216.8969	-51586.9494	759179.8969	3480576.0506	10613167.4245	8.9247e+04
536	81308.4998	-51627.0605	759271.4998	3480535.9395	10613167.4245	8.8604e+04
537	81400.1028	-51667.1716	759363.1028	3480495.8284	10613167.4245	8.7967e+04
538	81491.7057	-51707.2827	759454.7057	3480455.7173	10613167.4245	8.7334e+04
539	81583.3087	-51747.3938	759546.3087	3480415.6062	10613167.4245	8.6706e+04
540	81674.9116	-51787.5049	759637.9116	3480375.4951	10613167.4245	8.6082e+04
541	81766.5146	-51827.6160	759729.5146	3480335.3840	10613167.4245	8.5463e+04
542	81858.1175	-51867.7271	759821.1175	3480295.2729	10613167.4245	8.4849e+04
543	81949.7204	-51907.8382	759912.7204	3480255.1618	10613167.4245	8.4239e+04
544	82041.3234	-51947.9493	760004.3234	3480215.0507	10613167.4245	8.3634e+04
545	82132.9263	-51988.0604	760095.9263	3480174.9396	10613167.4245	8.3034e+04
546	82224.5293	-52028.1716	760187.5293	3480134.8284	10613167.4245	8.2438e+04
547	82316.1322	-52068.2827	760279.1322	3480094.7173	10613167.4245	8.1846e+04
548	82407.7351	-52108.3938	760370.7351	3480054.6062	10613167.4245	8.1258e+04
549	82499.3381	-52148.5049	760462.3381	3480014.4951	10613167.4245	8.0675e+04
550	82590.9410	-52188.6160	760553.9410	3479974.3840	10613167.4245	8.0097e+04
551	82682.5440	-52228.7271	760645.5440	3479934.2729	10613167.4245	7.9522e+04
552	82774.1469	-52268.8382	760737.1469	3479894.1618	10613167.4245	7.8952e+04
553	82865.7499	-52308.9493	760828.7499	3479854.0507	10613167.4245	7.8386e+04
554	82957.3528	-52349.0604	760920.3528	3479813.9396	10613167.4245	7.7825e+04
555	83048.9557	-52389.1715	761011.9557	3479773.8285	10613167.4245	7.7267e+04
556	83140.5587	-52429.2826	761103.5587	3479733.7174	10613167.4245	7.6714e+04
557	83232.1616	-52469.3937	761195.1616	3479693.6063	10613167.4245	7.6165e+04
558	83323.7646	-52509.5049	761286.7646	3479653.4951	10613167.4245	7.5619e+04
559	83415.3675	-52549.6160	761378.3675	3479613.3840	10613167.4245	7.5078e+04
560	83506.9705	-52589.7271	761469.9705	3479573.2729	10613167.4245	7.4541e+04
561	83598.5734	-52629.8382	761561.5734	3479533.1618	10613167.4245	7.4008e+04
562	83690.1763	-52669.9493	761653.1763	3479493.0507	10613167.4245	7.3479e+04
563	83781.7793	-52710.0604	761744.7793	3479452.9396	10613167.4245	7.2953e+04
564	83873.3822	-52750.1715	761836.3822	3479412.8285	10613167.4245	7.2432e+04
565	83964.9852	-52790.2826	761927.9852	3479372.7174	10613167.4245	7.1914e+04
566	84056.5881	-52830.3937	762019.5881	3479332.6063	10613167.4245	7.1400e+04
567	84148.1910	-52870.5048	762111.1910	3479292.4952	10613167.4245	7.0891e+04
568	84239.7940	-52910.6159	762202.7940	3479252.3841	10613167.4245	7.0384e+04
569	84331.3969	-52950.7270	762294.3969	3479212.2730	10613167.4245	6.9882e+04
570	84422.9999	-52990.8382	762385.9999	3479172.1618	10613167.4245	6.9383e+04
571	84514.6028	-53030.9493	762477.6028	3479132.0507	10613167.4245	6.8888e+04
572	84606.2058	-53071.0604	762569.2058	3479091.9396	10613167.4245	6.8397e+04
573	84697.8087	-53111.1715	762660.8087	3479051.8285	10613167.4245	6.7909e+04
574	84789.4116	-53151.2826	762752.4116	3479011.7174	10613167.4245	6.7425e+04
575	84881.0146	-53191.3937	762844.0146	3478971.6063	10613167.4245	6.6944e+04
576	84972.6175	-53231.5048	762935.6175	3478931.4952	10613167.4245	6.6467e+04
577	85064.2205	-53271.6159	763027.2205	3478891.3841	10613167.4245	6.5993e+04
578	85155.8234	-53311.7270	763118.8234	3478851.2730	10613167.4245	6.5523e+04
579	85247.4263	-53351.8381	763210.4263	3478811.1619	10613167.4245	6.5057e+04
580	85339.0293	-53391.9492	763302.0293	3478771.0508	10613167.4245	6.4593e+04
581	85430.6322	-53432.0604	763393.6322	3478730.9396	10613167.4245	6.4134e+04
582	85522.2352	-53472.1715	763485.2352	3478690.8285	10613167.4245	6.3677e+04
583	85613.8381	-53512.2826	763576.8381	3478650.7174	10613167.4245	6.3224e+04
584	85705.4411	-53552.3937	763668.4411	3478610.6063	10613167.4245	6.2775e+04
585	85797.0440	-53592.5048	763760.0440	3478570.4952	10613167.4245	6.2328e+04
586	85888.6469	-53632.6159	763851.6469	3478530.3841	10613167.4245	6.1885e+04
587	85980.2499	-53672.7270	763943.2499	3478490.2730	10613167.4245	6.1445e+04
588	86071.8528	-53712.8381	764034.8528	3478450.1619	10613167.4245	6.1009e+04
589	86163.4558	-53752.9492	764126.4558	3478410.0508	10613167.4245	6.0575e+04
590	86255.0587	-53793.0603	764218.0587	3478369.9397	10613167.4245	6.0145e+04
591	86346.6617	-53833.1714	764309.6617	3478329.8286	10613167.4245	5.9718e+04
592	86438.2646	-53873.2825	764401.2646	3478289.7175	10613167.4245	5.9294e+04
593	86529.8675	-53913.3937	764492.8675	3478249.6063	10613167.4245	5.8873e+04
594	86621.4705	-53953.5048	764584.4705	3478209.4952	10613167.4245	5.8455e+04
595	86713.0734	-53993.6159	764676.0734	3478169.3841	10613167.4245	5.8041e+04
596	86804.6764	-54033.7270	764767.6764	3478129.2730	10613167.4245	5.7629e+04
597	86896.2793	-54073.8381	764859.2793	3478089.1619	10613167.4245	5.7220e+04
598	86987.8822	-54113.9492	764950.8822	3478049.0508	10613167.4245	5.6815e+04
599	87079.4852	-54154.0603	765042.4852	3478008.9397	10613167.4245	5.6412e+04
600	87171.0881	-54194.1714	765134.0881	3477968.8286	10613167.4245	5.6012e+04
601	87262.6911	-54234.2825	765225.6911	3477928.7175	10613167.4245	5.5616e+04
602	87354.2940	-54274.3936	765317.2940	3477888.6064	10613167.4245	5.5222e+04
603	87445.8970	-54314.5047	765408.8970	3477848.4953	10613167.4245	5.4831e+04
604	87537.4999	-54354.6159	765500.4999	3477808.3841	10613167.4245	5.4443e+04
605	87629.1028	-54394.7270	765592.1028	3477768.2730	10613167.4245	5.4057e+04
606	87720.7058	-54434.8381	765683.7058	3477728.1619	10613167.4245	5.3675e+04
607	87812.3087	-54474.9492	765775.3087	3477688.0508	10613167.4245	5.3295e+04
608	87903.9117	-54515.0603	765866.9117	3477647.9397	10613167.4245	5.2918e+04
609	87995.5146	-54555.1714	765958.5146	3477607.8286	10613167.4245	5.2544e+04
610	88087.1175	-54595.2825	766050.1175	3477567.7175	10613167.4245	5.2173e+04
611	88178.7205	-54635.3936	766141.7205	3477527.6064	10613167.4245	5.1804e+04
612	88270.3234	-54675.5047	766233.3234	3477487.4953	10613167.4245	5.1438e+04
613	88361.9264	-54715.6158	766324.9264	3477447.3842	10613167.4245	5.1075e+04
614	88453.5293	-54755.7269	766416.5293	3477407.2731	10613167.4245	5.0714e+04
615	88545.1323	-54795.8380	766508.1323	3477367.1620	10613167.4245	5.0356e+04
616	88636.7352	-54835.9492	766599.7352	3477327.0508	10613167.4245	5.0000e+04
617	88728.3381	-54876.0603	766691.3381	3477286.9397	10613167.4245	4.9648e+04
618	88819.9411	-54916.1714	766782.9411	3477246.8286	10613167.4245	4.9297e+04
619	88911.5440	-54956.2825	766874.5440	3477206.7175	10613167.4245	4.8949e+04
620	89003.1470	-54996.3936	766966.1470	3477166.6064	10613167.4245	4.8604e+04
621	89094.7499	-55036.5047	767057.7499	3477126.4953	10613167.4245	4.8262e+04
622	89186.3528	-55076.6158	767149.3528	3477086.3842	10613167.4245	4.7921e+04
623	89277.9558	-55116.7269	767240.9558	3477046.2731	10613167.4245	4.7584e+04
624	89369.5587	-55156.8380	767332.5587	3477006.1620	10613167.4245	4.7248e+04
625	89461.1617	-55196.9491	767424.1617	3476966.0509	10613167.4245	4.6916e+04
626	89552.7646	-55237.0602	767515.7646	3476925.9398	10613167.4245	4.6585e+04
627	89644.3676	-55277.1713	767607.3676	3476885.8287	10613167.4245	4.6257e+04
628	89735.9705	-55317.2825	767698.9705	3476845.7175	10613167.4245	4.5932e+04
629	89827.5734	-55357.3936	767790.5734	3476805.6064	10613167.4245	4.5608e+04
630	89919.1764	-55397.5047	767882.1764	3476765.4953	10613167.4245	4.5288e+04
631	90010.7793	-55437.6158	767973.7793	3476725.3842	10613167.4245	4.4969e+04
632	90102.3823	-55477.7269	768065.3823	3476685.2731	10613167.4245	4.4653e+04
633	90193.9852	-55517.8380	768156.9852	3476645.1620	10613167.4245	4.4339e+04
634	90285.5882	-55557.9491	768248.5882	3476605.0509	10613167.4245	4.4027e+04
635	90377.1911	-55598.0602	768340.1911	3476564.9398	10613167.4245	4.3718e+04
636	90468.7940	-55638.1713	768431.7940	3476524.8287	10613167.4245	4.3411e+04
637	90560.3970	-55678.2824	768523.3970	3476484.7176	10613167.4245	4.3106e+04
638	90651.9999	-55718.3935	768614.9999	3476444.6065	10613167.4245	4.2803e+04
639	90743.6029	-55758.5047	768706.6029	3476404.4953	10613167.4245	4.2502e+04
640	90835.2058	-55798.6158	768798.2058	3476364.3842	10613167.4245	4.2204e+04
641	90926.8087	-55838.7269	768889.8087	3476324.2731	10613167.4245	4.1908e+04
642	91018.4117	-55878.8380	768981.4117	3476284.1620	10613167.4245	4.1614e+04
643	91110.0146	-55918.9491	769073.0146	3476244.0509	10613167.4245	4.1322e+04
644	91201.6176	-55959.0602	769164.6176	3476203.9398	10613167.4245	4.1032e+04
645	91293.2205	-55999.1713	769256.2205	3476163.8287	10613167.4245	4.0744e+04
646	91384.8235	-56039.2824	769347.8235	3476123.7176	10613167.4245	4.0459e+04
647	91476.4264	-56079.3935	769439.4264	3476083.6065	10613167.4245	4.0175e+04
648	91568.0293	-56119.5046	769531.0293	3476043.4954	10613167.4245	3.9894e+04
649	91659.6323	-56159.6157	769622.6323	3476003.3843	10613167.4245	3.9614e+04
650	91751.2352	-56199.7268	769714.2352	3475963.2732	10613167.4245	3.9337e+04
651	91842.8382	-56239.8380	769805.8382	3475923.1620	10613167.4245	3.9061e+04
652	91934.4411	-56279.9491	769897.4411	3475883.0509	10613167.4245	3.8788e+04
653	92026.0440	-56320.0602	769989.0440	3475842.9398	10613167.4245	3.8516e+04
654	92117.6470	-56360.1713	770080.6470	3475802.8287	10613167.4245	3.8247e+04
655	92209.2499	-56400.2824	770172.2499	3475762.7176	10613167.4245	3.7979e+04
656	92300.8529	-56440.3935	770263.8529	3475722.6065	10613167.4245	3.7714e+04
657	92392.4558	-56480.5046	770355.4558	3475682.4954	10613167.4245	3.7450e+04
658	92484.0588	-56520.6157	770447.0588	3475642.3843	10613167.4245	3.7188e+04
659	92575.6617	-56560.7268	770538.6617	3475602.2732	10613167.4245	3.6928e+04
660	92667.2646	-56600.8379	770630.2646	3475562.1621	10613167.4245	3.6670e+04
661	92758.8676	-56640.9490	770721.8676	3475522.0510	10613167.4245	3.6414e+04
662	92850.4705	-56681.0601	770813.4705	3475481.9399	10613167.4245	3.6160e+04
663	92942.0735	-56721.1713	770905.0735	3475441.8287	10613167.4245	3.5907e+04
664	93033.6764	-56761.2824	770996.6764	3475401.7176	10613167.4245	3.5656e+04
665	93125.2794	-56801.3935	771088.2794	3475361.6065	10613167.4245	3.5408e+04
666	93216.8823	-56841.5046	771179.8823	3475321.4954	10613167.4245	3.5160e+04
667	93308.4852	-56881.6157	771271.4852	3475281.3843	10613167.4245	3.4915e+04
668	93400.0882	-56921.7268	771363.0882	3475241.2732	10613167.4245	3.4672e+04
669	93491.6911	-56961.8379	771454.6911	3475201.1621	10613167.4245	3.4430e+04
670	93583.2941	-57001.9490	771546.2941	3475161.0510	10613167.4245	3.4190e+04
671	93674.8970	-57042.0601	771637.8970	3475120.9399	10613167.4245	3.3951e+04
672	93766.4999	-57082.1712	771729.4999	3475080.8288	10613167.4245	3.3715e+04
673	93858.1029	-57122.2823	771821.1029	3475040.7177	10613167.4245	3.3480e+04
674	93949.7058	-57162.3935	771912.7058	3475000.6065	10613167.4245	3.3247e+04
675	94041.3088	-57202.5046	772004.3088	3474960.4954	10613167.4245	3.3015e+04
676	94132.9117	-57242.6157	772095.9117	3474920.3843	10613167.4245	3.2785e+04
677	94224.5147	-57282.7268	772187.5147	3474880.2732	10613167.4245	3.2557e+04
678	94316.1176	-57322.8379	772279.1176	3474840.1621	10613167.4245	3.2330e+04
679	94407.7205	-57362.9490	772370.7205	3474800.0510	10613167.4245	3.2105e+04
680	94499.3235	-57403.0601	772462.3235	3474759.9399	10613167.4245	3.1882e+04
681	94590.9264	-57443.1712	772553.9264	3474719.8288	10613167.4245	3.1660e+04
682	94682.5294	-57483.2823	772645.5294	3474679.7177	10613167.4245	3.1440e+04
683	94774.1323	-57523.3934	772737.1323	3474639.6066	10613167.4245	3.1222e+04
684	94865.7352	-57563.5045	772828.7352	3474599.4955	10613167.4245	3.1005e+04
685	94957.3382	-57603.6156	772920.3382	3474559.3844	10613167.4245	3.0789e+04
686	95048.9411	-57643.7268	773011.9411	3474519.2732	10613167.4245	3.0575e+04
687	95140.5441	-57683.8379	773103.5441	3474479.1621	10613167.4245	3.0363e+04
688	95232.1470	-57723.9490	773195.1470	3474439.0510	10613167.4245	3.0152e+04
689	95323.7500	-57764.0601	773286.7500	3474398.9399	10613167.4245	2.9943e+04
690	95415.3529	-57804.1712	773378.3529	3474358.8288	10613167.4245	2.9735e+04
691	95506.9558	-57844.2823	773469.9558	3474318.7177	10613167.4245	2.9528e+04
692	95598.5588	-57884.3934	773561.5588	3474278.6066	10613167.4245	2.9323e+04
693	95690.1617	-57924.5045	773653.1617	3474238.4955	10613167.4245	2.9120e+04
694	95781.7647	-57964.6156	773744.7647	3474198.3844	10613167.4245	2.8918e+04
695	95873.3676	-58004.7267	773836.3676	3474158.2733	10613167.4245	2.8717e+04
696	95964.9706	-58044.8378	773927.9706	3474118.1622	10613167.4245	2.8518e+04
697	96056.5735	-58084.9490	774019.5735	3474078.0510	10613167.4245	2.8321e+04
698	96148.1764	-58125.0601	774111.1764	3474037.9399	10613167.4245	2.8124e+04
699	96239.7794	-58165.1712	774202.7794	3473997.8288	10613167.4245	2.7930e+04
700	96331.3823	-58205.2823	774294.3823	3473957.7177	10613167.4245	2.7736e+04
701	96422.9853	-58245.3934	774385.9853	3473917.6066	10613167.4245	2.7544e+04
702	96514.5882	-58285.5045	774477.5882	3473877.4955	10613167.4245	2.7353e+04
703	96606.1911	-58325.6156	774569.1911	3473837.3844	10613167.4245	2.7164e+04
704	96697.7941	-58365.7267	774660.7941	3473797.2733	10613167.4245	2.6976e+04
705	96789.3970	-58405.8378	774752.3970	3473757.1622	10613167.4245	2.6789e+04
706	96881.0000	-58445.9489	774844.0000	3473717.0511	10613167.4245	2.6604e+04
707	96972.6029	-58486.0600	774935.6029	3473676.9400	10613167.4245	2.6420e+04
708	97064.2059	-58526.1711	775027.2059	3473636.8289	10613167.4245	2.6237e+04
709	97155.8088	-58566.2823	775118.8088	3473596.7177	10613167.4245	2.6056e+04
710	97247.4117	-58606.3934	775210.4117	3473556.6066	10613167.4245	2.5876e+04
711	97339.0147	-58646.5045	775302.0147	3473516.4955	10613167.4245	2.5697e+04
712	97430.6176	-58686.6156	775393.6176	3473476.3844	10613167.4245	2.5519e+04
713	97522.2206	-58726.7267	775485.2206	3473436.2733	10613167.4245	2.5343e+04
714	97613.8235	-58766.8378	775576.8235	3473396.1622	10613167.4245	2.5168e+04
715	97705.4264	-58806.9489	775668.4264	3473356.0511	10613167.4245	2.4994e+04
716	97797.0294	-58847.0600	775760.0294	3473315.9400	10613167.4245	2.4822e+04
717	97888.6323	-58887.1711	775851.6323	3473275.8289	10613167.4245	2.4650e+04
718	97980.2353	-58927.2822	775943.2353	3473235.7178	10613167.4245	2.4480e+04
719	98071.8382	-58967.3933	776034.8382	3473195.6067	10613167.4245	2.4311e+04
720	98163.4412	-59007.5044	776126.4412	3473155.4956	10613167.4245	2.4144e+04
721	98255.0441	-59047.6156	776218.0441	3473115.3844	10613167.4245	2.3977e+04
722	98346.6470	-59087.7267	776309.6470	3473075.2733	10613167.4245	2.3812e+04
723	98438.2500	-59127.8378	776401.2500	3473035.1622	10613167.4245	2.3648e+04
724	98529.8529	-59167.9489	776492.8529	3472995.0511	10613167.4245	2.3485e+04
725	98621.4559	-59208.0600	776584.4559	3472954.9400	10613167.4245	2.3323e+04
726	98713.0588	-59248.1711	776676.0588	3472914.8289	10613167.4245	2.3162e+04
727	98804.6617	-59288.2822	776767.6617	3472874.7178	10613167.4245	2.3003e+04
728	98896.2647	-59328.3933	776859.2647	3472834.6067	10613167.4245	2.2844e+04
729	98987.8676	-59368.5044	776950.8676	3472794.4956	10613167.4245	2.2687e+04
730	99079.4706	-59408.6155	777042.4706	3472754.3845	10613167.4245	2.2531e+04
731	99171.0735	-59448.7266	777134.0735	3472714.2734	10613167.4245	2.2376e+04
732	99262.6765	-59488.8378	777225.6765	3472674.1622	10613167.4245	2.2222e+04
733	99354.2794	-59528.9489	777317.2794	3472634.0511	10613167.4245	2.2069e+04
734	99445.8823	-59569.0600	777408.8823	3472593.9400	10613167.4245	2.1917e+04
735	99537.4853	-59609.1711	777500.4853	3472553.8289	10613167.4245	2.1766e+04
736	99629.0882	-59649.2822	777592.0882	3472513.7178	10613167.4245	2.1617e+04
737	99720.6912	-59689.3933	777683.6912	3472473.6067	10613167.4245	2.1468e+04
738	99812.2941	-59729.5044	777775.2941	3472433.4956	10613167.4245	2.1321e+04
739	99903.8971	-59769.6155	777866.8971	3472393.3845	10613167.4245	2.1174e+04
740	99995.5000	-59809.7266	777958.5000	3472353.2734	10613167.4245	2.1029e+04
741	100087.1029	-59849.8377	778050.1029	3472313.1623	10613167.4245	2.0884e+04
742	100178.7059	-59889.9488	778141.7059	3472273.0512	10613167.4245	2.0741e+04
743	100270.3088	-59930.0599	778233.3088	3472232.9401	10613167.4245	2.0599e+04
744	100361.9118	-59970.1711	778324.9118	3472192.8289	10613167.4245	2.0457e+04
745	100453.5147	-60010.2822	778416.5147	3472152.7178	10613167.4245	2.0317e+04
746	100545.1176	-60050.3933	778508.1176	3472112.6067	10613167.4245	2.0177e+04
747	100636.7206	-60090.5044	778599.7206	3472072.4956	10613167.4245	2.0039e+04
748	100728.3235	-60130.6155	778691.3235	3472032.3845	10613167.4245	1.9902e+04
749	100819.9265	-60170.7266	778782.9265	3471992.2734	10613167.4245	1.9765e+04
750	100911.5294	-60210.8377	778874.5294	3471952.1623	10613167.4245	1.9630e+04
751	101003.1324	-60250.9488	778966.1324	3471912.0512	10613167.4245	1.9495e+04
752	101094.7353	-60291.0599	779057.7353	3471871.9401	10613167.4245	1.9361e+04
753	101186.3382	-60331.1710	779149.3382	3471831.8290	10613167.4245	1.9229e+04
754	101277.9412	-60371.2821	779240.9412	3471791.7179	10613167.4245	1.9097e+04
755	101369.5441	-60411.3933	779332.5441	3471751.6067	10613167.4245	1.8966e+04
756	101461.1471	-60451.5044	779424.1471	3471711.4956	10613167.4245	1.8836e+04
757	101552.7500	-60491.6155	779515.7500	3471671.3845	10613167.4245	1.8707e+04
758	101644.3529	-60531.7266	779607.3529	3471631.2734	10613167.4245	1.8579e+04
759	101735.9559	-60571.8377	779698.9559	3471591.1623	10613167.4245	1.8452e+04
760	101827.5588	-60611.9488	779790.5588	3471551.0512	10613167.4245	1.8326e+04
761	101919.1618	-60652.0599	779882.1618	3471510.9401	10613167.4245	1.8201e+04
762	102010.7647	-60692.1710	779973.7647	3471470.8290	10613167.4245	1.8076e+04
763	102102.3677	-60732.2821	780065.3677	3471430.7179	10613167.4245	1.7953e+04
764	102193.9706	-60772.3932	780156.9706	3471390.6068	10613167.4245	1.7830e+04
765	102285.5735	-60812.5043	780248.5735	3471350.4957	10613167.4245	1.7708e+04
766	102377.1765	-60852.6154	780340.1765	3471310.3846	10613167.4245	1.7587e+04
767	102468.7794	-60892.7266	780431.7794	3471270.2734	10613167.4245	1.7467e+04
768	102560.3824	-60932.8377	780523.3824	3471230.1623	10613167.4245	1.7348e+04
769	102651.9853	-60972.9488	780614.9853	3471190.0512	10613167.4245	1.7229e+04
770	102743.5883	-61013.0599	780706.5883	3471149.9401	10613167.4245	1.7111e+04
771	102835.1912	-61053.1710	780798.1912	3471109.8290	10613167.4245	1.6995e+04
772	102926.7941	-61093.2821	780889.7941	3471069.7179	10613167.4245	1.6879e+04
773	103018.3971	-61133.3932	780981.3971	3471029.6068	10613167.4245	1.6763e+04
774	103110.0000	-61173.5043	781073.0000	3470989.4957	10613167.4245	1.6649e+04
775	103201.6030	-61213.6154	781164.6030	3470949.3846	10613167.4245	1.6535e+04
776	103293.2059	-61253.7265	781256.2059	3470909.2735	10613167.4245	1.6423e+04
777	103384.8088	-61293.8376	781347.8088	3470869.1624	10613167.4245	1.6311e+04
778	103476.4118	-61333.9487	781439.4118	3470829.0513	10613167.4245	1.6200e+04
779	103568.0147	-61374.0599	781531.0147	3470788.9401	10613167.4245	1.6089e+04
780	103659.6177	-61414.1710	781622.6177	3470748.8290	10613167.4245	1.5979e+04
781	103751.2206	-61454.2821	781714.2206	3470708.7179	10613167.4245	1.5871e+04
782	103842.8236	-61494.3932	781805.8236	3470668.6068	10613167.4245	1.5762e+04
783	103934.4265	-61534.5043	781897.4265	3470628.4957	10613167.4245	1.5655e+04
784	104026.0294	-61574.6154	781989.0294	3470588.3846	10613167.4245	1.5549e+04
785	104117.6324	-61614.7265	782080.6324	3470548.2735	10613167.4245	1.5443e+04
786	104209.2353	-61654.8376	782172.2353	3470508.1624	10613167.4245	1.5338e+04
787	104300.8383	-61694.9487	782263.8383	3470468.0513	10613167.4245	1.5233e+04
788	104392.4412	-61735.0598	782355.4412	3470427.9402	10613167.4245	1.5129e+04
789	104484.0441	-61775.1709	782447.0441	3470387.8291	10613167.4245	1.5027e+04
790	104575.6471	-61815.2821	782538.6471	3470347.7179	10613167.4245	1.4924e+04
791	104667.2500	-61855.3932	782630.2500	3470307.6068	10613167.4245	1.4823e+04
792	104758.8530	-61895.5043	782721.8530	3470267.4957	10613167.4245	1.4722e+04
793	104850.4559	-61935.6154	782813.4559	3470227.3846	10613167.4245	1.4622e+04
794	104942.0589	-61975.7265	782905.0589	3470187.2735	10613167.4245	1.4523e+04
795	105033.6618	-62015.8376	782996.6618	3470147.1624	10613167.4245	1.4424e+04
796	105125.2647	-62055.9487	783088.2647	3470107.0513	10613167.4245	1.4326e+04
797	105216.8677	-62096.0598	783179.8677	3470066.9402	10613167.4245	1.4229e+04
798	105308.4706	-62136.1709	783271.4706	3470026.8291	10613167.4245	1.4132e+04
799	105400.0736	-62176.2820	783363.0736	3469986.7180	10613167.4245	1.4036e+04
800	105491.6765	-62216.3931	783454.6765	3469946.6069	10613167.4245	1.3941e+04
801	105583.2795	-62256.5042	783546.2795	3469906.4958	10613167.4245	1.3846e+04
802	105674.8824	-62296.6154	783637.8824	3469866.3846	10613167.4245	1.3752e+04
803	105766.4853	-62336.7265	783729.4853	3469826.2735	10613167.4245	1.3659e+04
804	105858.0883	-62376.8376	783821.0883	3469786.1624	10613167.4245	1.3566e+04
805	105949.6912	-62416.9487	783912.6912	3469746.0513	10613167.4245	1.3474e+04
806	106041.2942	-62457.0598	784004.2942	3469705.9402	10613167.4245	1.3383e+04
807	106132.8971	-62497.1709	784095.8971	3469665.8291	10613167.4245	1.3292e+04
808	106224.5000	-62537.2820	784187.5000	3469625.7180	10613167.4245	1.3202e+04
809	106316.1030	-62577.3931	784279.1030	3469585.6069	10613167.4245	1.3113e+04
810	106407.7059	-62617.5042	784370.7059	3469545.4958	10613167.4245	1.3024e+04
811	106499.3089	-62657.6153	784462.3089	3469505.3847	10613167.4245	1.2935e+04
812	106590.9118	-62697.7264	784553.9118	3469465.2736	10613167.4245	1.2848e+04
813	106682.5148	-62737.8375	784645.5148	3469425.1625	10613167.4245	1.2761e+04
814	106774.1177	-62777.9487	784737.1177	3469385.0513	10613167.4245	1.2674e+04
815	106865.7206	-62818.0598	784828.7206	3469344.9402	10613167.4245	1.2589e+04
816	106957.3236	-62858.1709	784920.3236	3469304.8291	10613167.4245	1.2503e+04
817	107048.9265	-62898.2820	785011.9265	3469264.7180	10613167.4245	1.2419e+04
818	107140.5295	-62938.3931	785103.5295	3469224.6069	10613167.4245	1.2335e+04
819	107232.1324	-62978.5042	785195.1324	3469184.4958	10613167.4245	1.2251e+04
820	107323.7353	-63018.6153	785286.7353	3469144.3847	10613167.4245	1.2168e+04
821	107415.3383	-63058.7264	785378.3383	3469104.2736	10613167.4245	1.2086e+04
822	107506.9412	-63098.8375	785469.9412	3469064.1625	10613167.4245	1.2004e+04
823	107598.5442	-63138.9486	785561.5442	3469024.0514	10613167.4245	1.1923e+04
824	107690.1471	-63179.0597	785653.1471	3468983.9403	10613167.4245	1.1843e+04
825	107781.7501	-63219.1709	785744.7501	3468943.8291	10613167.4245	1.1763e+04
826	107873.3530	-63259.2820	785836.3530	3468903.7180	10613167.4245	1.1683e+04
827	107964.9559	-63299.3931	785927.9559	3468863.6069	10613167.4245	1.1604e+04
828	108056.5589	-63339.5042	786019.5589	3468823.4958	10613167.4245	1.1526e+04
829	108148.1618	-63379.6153	786111.1618	3468783.3847	10613167.4245	1.1448e+04
830	108239.7648	-63419.7264	786202.7648	3468743.2736	10613167.4245	1.1371e+04
831	108331.3677	-63459.8375	786294.3677	3468703.1625	10613167.4245	1.1294e+04
832	108422.9707	-63499.9486	786385.9707	3468663.0514	10613167.4245	1.1218e+04
833	108514.5736	-63540.0597	786477.5736	3468622.9403	10613167.4245	1.1142e+04
834	108606.1765	-63580.1708	786569.1765	3468582.8292	10613167.4245	1.1067e+04
835	108697.7795	-63620.2819	786660.7795	3468542.7181	10613167.4245	1.0992e+04
836	108789.3824	-63660.3930	786752.3824	3468502.6070	10613167.4245	1.0918e+04
837	108880.9854	-63700.5042	786843.9854	3468462.4958	10613167.4245	1.0845e+04
838	108972.5883	-63740.6153	786935.5883	3468422.3847	10613167.4245	1.0772e+04
839	109064.1912	-63780.7264	787027.1912	3468382.2736	10613167.4245	1.0699e+04
840	109155.7942	-63820.8375	787118.7942	3468342.1625	10613167.4245	1.0627e+04
841	109247.3971	-63860.9486	787210.3971	3468302.0514	10613167.4245	1.0555e+04
842	109339.0001	-63901.0597	787302.0001	3468261.9403	10613167.4245	1.0484e+04
843	109430.6030	-63941.1708	787393.6030	3468221.8292	10613167.4245	1.0414e+04
844	109522.2060	-63981.2819	787485.2060	3468181.7181	10613167.4245	1.0343e+04
845	109613.8089	-64021.3930	787576.8089	3468141.6070	10613167.4245	1.0274e+04
846	109705.4118	-64061.5041	787668.4118	3468101.4959	10613167.4245	1.0205e+04
847	109797.0148	-64101.6152	787760.0148	3468061.3848	10613167.4245	1.0136e+04
848	109888.6177	-64141.7264	787851.6177	3468021.2736	10613167.4245	1.0068e+04
849	109980.2207	-64181.8375	787943.2207	3467981.1625	10613167.4245	1.0000e+04
850	110071.8236	-64221.9486	788034.8236	3467941.0514	10613167.4245	9.9327e+03
851	110163.4265	-64262.0597	788126.4265	3467900.9403	10613167.4245	9.8659e+03
852	110255.0295	-64302.1708	788218.0295	3467860.8292	10613167.4245	9.7996e+03
853	110346.6324	-64342.2819	788309.6324	3467820.7181	10613167.4245	9.7337e+03
854	110438.2354	-64382.3930	788401.2354	3467780.6070	10613167.4245	9.6682e+03
855	110529.8383	-64422.5041	788492.8383	3467740.4959	10613167.4245	9.6033e+03
856	110621.4413	-64462.6152	788584.4413	3467700.3848	10613167.4245	9.5387e+03
857	110713.0442	-64502.7263	788676.0442	3467660.2737	10613167.4245	9.4746e+03
858	110804.6471	-64542.8374	788767.6471	3467620.1626	10613167.4245	9.4110e+03
859	110896.2501	-64582.9485	788859.2501	3467580.0515	10613167.4245	9.3478e+03
860	110987.8530	-64623.0597	788950.8530	3467539.9403	10613167.4245	9.2850e+03
861	111079.4560	-64663.1708	789042.4560	3467499.8292	10613167.4245	9.2227e+03
862	111171.0589	-64703.2819	789134.0589	3467459.7181	10613167.4245	9.1608e+03
863	111262.6618	-64743.3930	789225.6618	3467419.6070	10613167.4245	9.0993e+03
864	111354.2648	-64783.5041	789317.2648	3467379.4959	10613167.4245	9.0382e+03
865	111445.8677	-64823.6152	789408.8677	3467339.3848	10613167.4245	8.9776e+03
866	111537.4707	-64863.7263	789500.4707	3467299.2737	10613167.4245	8.9174e+03
867	111629.0736	-64903.8374	789592.0736	3467259.1626	10613167.4245	8.8576e+03
868	111720.6766	-64943.9485	789683.6766	3467219.0515	10613167.4245	8.7982e+03
869	111812.2795	-64984.0596	789775.2795	3467178.9404	10613167.4245	8.7392e+03
870	111903.8824	-65024.1707	789866.8824	3467138.8293	10613167.4245	8.6806e+03
871	111995.4854	-65064.2818	789958.4854	3467098.7182	10613167.4245	8.6224e+03
872	112087.0883	-65104.3930	790050.0883	3467058.6070	10613167.4245	8.5647e+03
873	112178.6913	-65144.5041	790141.6913	3467018.4959	10613167.4245	8.5073e+03
874	112270.2942	-65184.6152	790233.2942	3466978.3848	10613167.4245	8.4503e+03
875	112361.8972	-65224.7263	790324.8972	3466938.2737	10613167.4245	8.3937e+03
876	112453.5001	-65264.8374	790416.5001	3466898.1626	10613167.4245	8.3375e+03
877	112545.1030	-65304.9485	790508.1030	3466858.0515	10613167.4245	8.2817e+03
878	112636.7060	-65345.0596	790599.7060	3466817.9404	10613167.4245	8.2262e+03
879	112728.3089	-65385.1707	790691.3089	3466777.8293	10613167.4245	8.1712e+03
880	112819.9119	-65425.2818	790782.9119	3466737.7182	10613167.4245	8.1165e+03
881	112911.5148	-65465.3929	790874.5148	3466697.6071	10613167.4245	8.0622e+03
882	113003.1177	-65505.5040	790966.1177	3466657.4960	10613167.4245	8.0083e+03
883	113094.7207	-65545.6152	791057.7207	3466617.3848	10613167.4245	7.9547e+03
884	113186.3236	-65585.7263	791149.3236	3466577.2737	10613167.4245	7.9015e+03
885	113277.9266	-65625.8374	791240.9266	3466537.1626	10613167.4245	7.8487e+03
886	113369.5295	-65665.9485	791332.5295	3466497.0515	10613167.4245	7.7962e+03
887	113461.1325	-65706.0596	791424.1325	3466456.9404	10613167.4245	7.7441e+03
888	113552.7354	-65746.1707	791515.7354	3466416.8293	10613167.4245	7.6924e+03
889	113644.3383	-65786.2818	791607.3383	3466376.7182	10613167.4245	7.6410e+03
890	113735.9413	-65826.3929	791698.9413	3466336.6071	10613167.4245	7.5899e+03
891	113827.5442	-65866.5040	791790.5442	3466296.4960	10613167.4245	7.5392e+03
892	113919.1472	-65906.6151	791882.1472	3466256.3849	10613167.4245	7.4889e+03
893	114010.7501	-65946.7262	791973.7501	3466216.2738	10613167.4245	7.4389e+03
894	114102.3530	-65986.8373	792065.3530	3466176.1627	10613167.4245	7.3892e+03
895	114193.9560	-66026.9485	792156.9560	3466136.0515	10613167.4245	7.3399e+03
896	114285.5589	-66067.0596	792248.5589	3466095.9404	10613167.4245	7.2909e+03
897	114377.1619	-66107.1707	792340.1619	3466055.8293	10613167.4245	7.2423e+03
898	114468.7648	-66147.2818	792431.7648	3466015.7182	10613167.4245	7.1939e+03
899	114560.3678	-66187.3929	792523.3678	3465975.6071	10613167.4245	7.1460e+03
900	114651.9707	-66227.5040	792614.9707	3465935.4960	10613167.4245	7.0983e+03
901	114743.5736	-66267.6151	792706.5736	3465895.3849	10613167.4245	7.0510e+03
902	114835.1766	-66307.7262	792798.1766	3465855.2738	10613167.4245	7.0040e+03
903	114926.7795	-66347.8373	792889.7795	3465815.1627	10613167.4245	6.9573e+03
904	115018.3825	-66387.9484	792981.3825	3465775.0516	10613167.4245	6.9109e+03
905	115109.9854	-66428.0595	793072.9854	3465734.9405	10613167.4245	6.8649e+03
906	115201.5884	-66468.1707	793164.5884	3465694.8293	10613167.4245	6.8191e+03
907	115293.1913	-66508.2818	793256.1913	3465654.7182	10613167.4245	6.7737e+03
908	115384.7942	-66548.3929	793347.7942	3465614.6071	10613167.4245	6.7286e+03
909	115476.3972	-66588.5040	793439.3972	3465574.4960	10613167.4245	6.6838e+03
910	115568.0001	-66628.6151	793531.0001	3465534.3849	10613167.4245	6.6393e+03
911	115659.6031	-66668.7262	793622.6031	3465494.2738	10613167.4245	6.5951e+03
912	115751.2060	-66708.8373	793714.2060	3465454.1627	10613167.4245	6.5512e+03
913	115842.8089	-66748.9484	793805.8089	3465414.0516	10613167.4245	6.5076e+03
914	115934.4119	-66789.0595	793897.4119	3465373.9405	10613167.4245	6.4643e+03
915	116026.0148	-66829.1706	793989.0148	3465333.8294	10613167.4245	6.4213e+03
916	116117.6178	-66869.2817	794080.6178	3465293.7183	10613167.4245	6.3786e+03
917	116209.2207	-66909.3928	794172.2207	3465253.6072	10613167.4245	6.3361e+03
918	116300.8237	-66949.5040	794263.8237	3465213.4960	10613167.4245	6.2940e+03
919	116392.4266	-66989.6151	794355.4266	3465173.3849	10613167.4245	6.2522e+03
920	116484.0295	-67029.7262	794447.0295	3465133.2738	10613167.4245	6.2106e+03
921	116575.6325	-67069.8373	794538.6325	3465093.1627	10613167.4245	6.1693e+03
922	116667.2354	-67109.9484	794630.2354	3465053.0516	10613167.4245	6.1283e+03
923	116758.8384	-67150.0595	794721.8384	3465012.9405	10613167.4245	6.0876e+03
924	116850.4413	-67190.1706	794813.4413	3464972.8294	10613167.4245	6.0472e+03
925	116942.0442	-67230.2817	794905.0442	3464932.7183	10613167.4245	6.0070e+03
926	117033.6472	-67270.3928	794996.6472	3464892.6072	10613167.4245	5.9671e+03
927	117125.2501	-67310.5039	795088.2501	3464852.4961	10613167.4245	5.9275e+03
928	117216.8531	-67350.6150	795179.8531	3464812.3850	10613167.4245	5.8881e+03
929	117308.4560	-67390.7261	795271.4560	3464772.2739	10613167.4245	5.8491e+03
930	117400.0590	-67430.8373	795363.0590	3464732.1627	10613167.4245	5.8102e+03
931	117491.6619	-67470.9484	795454.6619	3464692.0516	10613167.4245	5.7717e+03
932	117583.2648	-67511.0595	795546.2648	3464651.9405	10613167.4245	5.7334e+03
933	117674.8678	-67551.1706	795637.8678	3464611.8294	10613167.4245	5.6954e+03
934	117766.4707	-67591.2817	795729.4707	3464571.7183	10613167.4245	5.6576e+03
935	117858.0737	-67631.3928	795821.0737	3464531.6072	10613167.4245	5.6201e+03
936	117949.6766	-67671.5039	795912.6766	3464491.4961	10613167.4245	5.5828e+03
937	118041.2796	-67711.6150	796004.2796	3464451.3850	10613167.4245	5.5458e+03
938	118132.8825	-67751.7261	796095.8825	3464411.2739	10613167.4245	5.5090e+03
939	118224.4854	-67791.8372	796187.4854	3464371.1628	10613167.4245	5.4725e+03
940	118316.0884	-67831.9483	796279.0884	3464331.0517	10613167.4245	5.4363e+03
941	118407.6913	-67872.0595	796370.6913	3464290.9405	10613167.4245	5.4003e+03
942	118499.2943	-67912.1706	796462.2943	3464250.8294	10613167.4245	5.3645e+03
943	118590.8972	-67952.2817	796553.8972	3464210.7183	10613167.4245	5.3290e+03
944	118682.5001	-67992.3928	796645.5001	3464170.6072	10613167.4245	5.2937e+03
945	118774.1031	-68032.5039	796737.1031	3464130.4961	10613167.4245	5.2586e+03
946	118865.7060	-68072.6150	796828.7060	3464090.3850	10613167.4245	5.2238e+03
947	118957.3090	-68112.7261	796920.3090	3464050.2739	10613167.4245	5.1892e+03
948	119048.9119	-68152.8372	797011.9119	3464010.1628	10613167.4245	5.1549e+03
949	119140.5149	-68192.9483	797103.5149	3463970.0517	10613167.4245	5.1208e+03
950	119232.1178	-68233.0594	797195.1178	3463929.9406	10613167.4245	5.0869e+03
951	119323.7207	-68273.1705	797286.7207	3463889.8295	10613167.4245	5.0533e+03
952	119415.3237	-68313.2816	797378.3237	3463849.7184	10613167.4245	5.0198e+03
953	119506.9266	-68353.3928	797469.9266	3463809.6072	10613167.4245	4.9867e+03
954	119598.5296	-68393.5039	797561.5296	3463769.4961	10613167.4245	4.9537e+03
955	119690.1325	-68433.6150	797653.1325	3463729.3850	10613167.4245	4.9209e+03
956	119781.7354	-68473.7261	797744.7354	3463689.2739	10613167.4245	4.8884e+03
957	119873.3384	-68513.8372	797836.3384	3463649.1628	10613167.4245	4.8561e+03
958	119964.9413	-68553.9483	797927.9413	3463609.0517	10613167.4245	4.8240e+03
959	120056.5443	-68594.0594	798019.5443	3463568.9406	10613167.4245	4.7922e+03
960	120148.1472	-68634.1705	798111.1472	3463528.8295	10613167.4245	4.7605e+03
961	120239.7502	-68674.2816	798202.7502	3463488.7184	10613167.4245	4.7291e+03
962	120331.3531	-68714.3927	798294.3531	3463448.6073	10613167.4245	4.6978e+03
963	120422.9560	-68754.5038	798385.9560	3463408.4962	10613167.4245	4.6668e+03
964	120514.5590	-68794.6150	798477.5590	3463368.3850	10613167.4245	4.6360e+03
965	120606.1619	-68834.7261	798569.1619	3463328.2739	10613167.4245	4.6054e+03
966	120697.7649	-68874.8372	798660.7649	3463288.1628	10613167.4245	4.5750e+03
967	120789.3678	-68914.9483	798752.3678	3463248.0517	10613167.4245	4.5448e+03
968	120880.9707	-68955.0594	798843.9707	3463207.9406	10613167.4245	4.5148e+03
969	120972.5737	-68995.1705	798935.5737	3463167.8295	10613167.4245	4.4851e+03
970	121064.1766	-69035.2816	799027.1766	3463127.7184	10613167.4245	4.4555e+03
971	121155.7796	-69075.3927	799118.7796	3463087.6073	10613167.4245	4.4261e+03
972	121247.3825	-69115.5038	799210.3825	3463047.4962	10613167.4245	4.3969e+03
973	121338.9855	-69155.6149	799301.9855	3463007.3851	10613167.4245	4.3679e+03
974	121430.5884	-69195.7260	799393.5884	3462967.2740	10613167.4245	4.3391e+03
975	121522.1913	-69235.8371	799485.1913	3462927.1629	10613167.4245	4.3105e+03
976	121613.7943	-69275.9483	799576.7943	3462887.0517	10613167.4245	4.2821e+03
977	121705.3972	-69316.0594	799668.3972	3462846.9406	10613167.4245	4.2539e+03
978	121797.0002	-69356.1705	799760.0002	3462806.8295	10613167.4245	4.2259e+03
979	121888.6031	-69396.2816	799851.6031	3462766.7184	10613167.4245	4.1981e+03
980	121980.2061	-69436.3927	799943.2061	3462726.6073	10613167.4245	4.1704e+03
981	122071.8090	-69476.5038	800034.8090	3462686.4962	10613167.4245	4.1430e+03
982	122163.4119	-69516.6149	800126.4119	3462646.3851	10613167.4245	4.1157e+03
983	122255.0149	-69556.7260	800218.0149	3462606.2740	10613167.4245	4.0886e+03
984	122346.6178	-69596.8371	800309.6178	3462566.1629	10613167.4245	4.0617e+03
985	122438.2208	-69636.9482	800401.2208	3462526.0518	10613167.4245	4.0350e+03
986	122529.8237	-69677.0593	800492.8237	3462485.9407	10613167.4245	4.0084e+03
987	122621.4266	-69717.1704	800584.4266	3462445.8296	10613167.4245	3.9820e+03
988	122713.0296	-69757.2816	800676.0296	3462405.7184	10613167.4245	3.9559e+03
989	122804.6325	-69797.3927	800767.6325	3462365.6073	10613167.4245	3.9298e+03
990	122896.2355	-69837.5038	800859.2355	3462325.4962	10613167.4245	3.9040e+03
991	122987.8384	-69877.6149	800950.8384	3462285.3851	10613167.4245	3.8783e+03
992	123079.4414	-69917.7260	801042.4414	3462245.2740	10613167.4245	3.8528e+03
993	123171.0443	-69957.8371	801134.0443	3462205.1629	10613167.4245	3.8275e+03
994	123262.6472	-69997.9482	801225.6472	3462165.0518	10613167.4245	3.8024e+03
995	123354.2502	-70038.0593	801317.2502	3462124.9407	10613167.4245	3.7774e+03
996	123445.8531	-70078.1704	801408.8531	3462084.8296	10613167.4245	3.7526e+03
997	123537.4561	-70118.2815	801500.4561	3462044.7185	10613167.4245	3.7279e+03
998	123629.0590	-70158.3926	801592.0590	3462004.6074	10613167.4245	3.7034e+03
999	123720.6619	-70198.5038	801683.6619	3461964.4962	10613167.4245	3.6791e+03
