i	x_from_vent	y_from_vent	x_coord	y_coord	cloud_sigma2	mass_released
0	39377.3893	-58198.6707	717340.3893	3473964.3293	888108217.2863	2.7922e+05
1	45025.9159	-67631.7406	722988.9159	3464531.2594	1061292817.3609	2.7880e+05
2	50785.8892	-77098.4632	728748.8892	3455064.5368	1239224204.4801	2.7838e+05
3	56860.7992	-86510.6351	734823.7992	3445652.3649	1424276750.3222	2.7796e+05
4	63277.6235	-95805.8430	741240.6235	3436357.1570	1616496015.0864	2.7754e+05
5	69983.2590	-104925.6192	747946.2590	3427237.3808	1814816672.8096	2.7713e+05
6	76900.8535	-113818.6970	754863.8535	3418344.3030	2017843871.2961	2.7671e+05
7	84072.6724	-122471.2197	762035.6724	3409691.7803	2224130182.0694	2.7630e+05
8	91379.2801	-130763.1210	769342.2801	3401399.8790	2432238983.5355	2.7588e+05
9	98623.3274	-138665.1410	776586.3274	3393497.8590	2641563326.1385	2.7547e+05
10	105842.4202	-146182.2095	783805.4202	3385980.7905	2851849594.0725	2.7506e+05
11	113092.1737	-153307.9828	791055.1737	3378855.0172	3062821025.4455	2.7465e+05
12	120202.8539	-160125.3661	798165.8539	3372037.6339	3274357962.7135	2.7423e+05
13	127365.3990	-166582.4981	805328.3990	3365580.5019	3486013964.6052	2.7382e+05
14	134408.1744	-172758.2363	812371.1744	3359404.7637	3697640584.7789	2.7341e+05
15	141416.9492	-178633.0652	819379.9492	3353529.9348	3908856610.0170	2.7300e+05
16	148346.3861	-184233.0904	826309.3861	3347929.9096	4119396889.7838	2.7259e+05
17	155200.0973	-189569.7709	833163.0973	3342593.2291	4328952543.7676	2.7219e+05
18	161966.9227	-194652.1816	839929.9227	3337510.8184	4537230144.8012	2.7178e+05
19	168657.1358	-199485.1194	846620.1358	3332677.8806	4743918296.8486	2.7137e+05
20	175210.8272	-204105.1079	853173.8272	3328057.8921	4948786561.8308	2.7097e+05
21	181724.4090	-208462.8057	859687.4090	3323700.1943	5151433344.2776	2.7056e+05
22	188019.1907	-212672.4723	865982.1907	3319490.5277	5351782669.5912	2.7016e+05
23	194335.2900	-216582.7904	872298.2900	3315580.2096	5549262281.9470	2.6975e+05
24	200438.3674	-220354.2125	878401.3674	3311808.7875	5743885564.8917	2.6935e+05
25	206422.1640	-223924.4456	884385.1640	3308238.5544	5935266215.1879	2.6895e+05
26	212313.6356	-227279.1297	890276.6356	3304883.8703	6123104166.9464	2.6854e+05
27	217991.2216	-230510.6708	895954.2216	3301652.3292	6307306989.6422	2.6814e+05
28	223574.8839	-233545.8630	901537.8839	3298617.1370	6487447113.5447	2.6774e+05
29	229015.6271	-236419.6324	906978.6271	3295743.3676	6663359166.0384	2.6734e+05
30	234243.3103	-239179.8409	912206.3103	3292983.1591	6834546753.8332	2.6694e+05
31	239334.4573	-241806.3684	917297.4573	3290356.6316	7001473279.7583	2.6654e+05
32	244300.4479	-244299.6116	922263.4479	3287863.3884	7163589731.1287	2.6615e+05
33	249059.5577	-246688.5757	927022.5577	3285474.4243	7320933919.2519	2.6575e+05
34	253616.2056	-248975.4945	931579.2056	3283187.5055	7473393623.7176	2.6535e+05
35	258080.6152	-251152.2381	936043.6152	3281010.7619	7620634929.0088	2.6496e+05
36	262369.1775	-253229.3322	940332.1775	3278933.6678	7762751613.4751	2.6456e+05
37	266461.5472	-255211.0592	944424.5472	3276951.9408	7899712943.9823	2.6416e+05
38	270361.4813	-257099.2536	948324.4813	3275063.7464	8031443442.2947	2.6377e+05
39	274118.3084	-258889.9949	952081.3084	3273273.0051	8157770385.9707	2.6338e+05
40	277745.6391	-260583.6704	955708.6391	3271579.3296	8278605875.5885	2.6298e+05
41	281185.2817	-262189.4444	959148.2817	3269973.5556	8394034075.9443	2.6259e+05
42	284440.3616	-263708.7903	962403.3616	3268454.2097	8504005914.2325	2.6220e+05
43	287513.8364	-265143.1035	965476.8364	3267019.8965	8608477810.0839	2.6181e+05
44	290408.5048	-266493.7048	968371.5048	3265669.2952	8707411391.0403	2.6142e+05
45	293180.6170	-267753.7668	971143.6170	3264409.2332	8800644987.6473	2.6103e+05
46	295796.0234	-268929.9952	973759.0234	3263233.0048	8888235874.5981	2.6064e+05
47	298235.2102	-270026.8060	976198.2102	3262136.1940	8970212410.7007	2.6025e+05
48	300500.4789	-271045.2477	978463.4789	3261117.7523	9046555170.2037	2.5986e+05
49	302594.0049	-271986.3123	980557.0049	3260176.6877	9117248997.1890	2.5948e+05
50	304517.8444	-272850.9379	982480.8444	3259312.0621	9182282896.6229	2.5909e+05
51	306273.9411	-273640.0121	984236.9411	3258522.9879	9241649942.7358	2.5870e+05
52	307864.1321	-274354.3744	985827.1321	3257808.6256	9295347202.6181	2.5832e+05
53	309290.1543	-274994.8192	987253.1543	3257168.1808	9343375673.2428	2.5793e+05
54	310553.6496	-275562.0980	988516.6496	3256600.9020	9385740230.4007	2.5755e+05
55	311038.9497	-275777.9955	989001.9497	3256385.0045	9401726226.7625	2.5717e+05
56	311293.4149	-275889.8778	989256.4149	3256273.1222	9409620249.7493	2.5678e+05
57	311517.6551	-275988.4120	989480.6551	3256174.5880	9416149174.0743	2.5640e+05
58	311711.9126	-276073.7176	989674.9126	3256089.2824	9421322554.1914	2.5602e+05
59	311876.4168	-276145.9086	989839.4168	3256017.0914	9425149701.3991	2.5564e+05
60	312011.3847	-276205.0931	989974.3847	3255957.9069	9427639713.1803	2.5526e+05
61	312117.0219	-276251.3742	990080.0219	3255911.6258	9428801502.3343	2.5488e+05
62	312208.6249	-276291.4853	990171.6249	3255871.5147	9428801502.3343	2.5450e+05
63	312300.2278	-276331.5964	990263.2278	3255831.4036	9428801502.3343	2.5412e+05
64	312391.8307	-276371.7076	990354.8307	3255791.2924	9428801502.3343	2.5374e+05
65	312483.4337	-276411.8187	990446.4337	3255751.1813	9428801502.3343	2.5337e+05
66	312575.0366	-276451.9298	990538.0366	3255711.0702	9428801502.3343	2.5299e+05
67	312666.6396	-276492.0409	990629.6396	3255670.9591	9428801502.3343	2.5261e+05
68	312758.2425	-276532.1520	990721.2425	3255630.8480	9428801502.3343	2.5224e+05
69	312849.8455	-276572.2631	990812.8455	3255590.7369	9428801502.3343	2.5186e+05
70	312941.4484	-276612.3742	990904.4484	3255550.6258	9428801502.3343	2.5149e+05
71	313033.0513	-276652.4853	990996.0513	3255510.5147	9428801502.3343	2.5112e+05
72	313124.6543	-276692.5964	991087.6543	3255470.4036	9428801502.3343	2.5074e+05
73	313216.2572	-276732.7075	991179.2572	3255430.2925	9428801502.3343	2.5037e+05
74	313307.8602	-276772.8186	991270.8602	3255390.1814	9428801502.3343	2.5000e+05
75	313399.4631	-276812.9298	991362.4631	3255350.0702	9428801502.3343	2.4963e+05
76	313491.0660	-276853.0409	991454.0660	3255309.9591	9428801502.3343	2.4926e+05
77	313582.6690	-276893.1520	991545.6690	3255269.8480	9428801502.3343	2.4889e+05
78	313674.2719	-276933.2631	991637.2719	3255229.7369	9428801502.3343	2.4852e+05
79	313765.8749	-276973.3742	991728.8749	3255189.6258	9428801502.3343	2.4815e+05
80	313857.4778	-277013.4853	991820.4778	3255149.5147	9428801502.3343	2.4778e+05
81	313949.0808	-277053.5964	991912.0808	3255109.4036	9428801502.3343	2.4741e+05
82	314040.6837	-277093.7075	992003.6837	3255069.2925	9428801502.3343	2.4705e+05
83	314132.2866	-277133.8186	992095.2866	3255029.1814	9428801502.3343	2.4668e+05
84	314223.8896	-277173.9297	992186.8896	3254989.0703	9428801502.3343	2.4632e+05
85	314315.4925	-277214.0408	992278.4925	3254948.9592	9428801502.3343	2.4595e+05
86	314407.0955	-277254.1519	992370.0955	3254908.8481	9428801502.3343	2.4559e+05
87	314498.6984	-277294.2631	992461.6984	3254868.7369	9428801502.3343	2.4522e+05
88	314590.3014	-277334.3742	992553.3014	3254828.6258	9428801502.3343	2.4486e+05
89	314681.9043	-277374.4853	992644.9043	3254788.5147	9428801502.3343	2.4450e+05
90	314773.5072	-277414.5964	992736.5072	3254748.4036	9428801502.3343	2.4413e+05
91	314865.1102	-277454.7075	992828.1102	3254708.2925	9428801502.3343	2.4377e+05
92	314956.7131	-277494.8186	992919.7131	3254668.1814	9428801502.3343	2.4341e+05
93	315048.3161	-277534.9297	993011.3161	3254628.0703	9428801502.3343	2.4305e+05
94	315139.9190	-277575.0408	993102.9190	3254587.9592	9428801502.3343	2.4269e+05
95	315231.5219	-277615.1519	993194.5219	3254547.8481	9428801502.3343	2.4233e+05
96	315323.1249	-277655.2630	993286.1249	3254507.7370	9428801502.3343	2.4197e+05
97	315414.7278	-277695.3741	993377.7278	3254467.6259	9428801502.3343	2.4161e+05
98	315506.3308	-277735.4852	993469.3308	3254427.5148	9428801502.3343	2.4126e+05
99	315597.9337	-277775.5964	993560.9337	3254387.4036	9428801502.3343	2.4090e+05
100	315689.5367	-277815.7075	993652.5367	3254347.2925	9428801502.3343	2.4054e+05
101	315781.1396	-277855.8186	993744.1396	3254307.1814	9428801502.3343	2.4019e+05
102	315872.7425	-277895.9297	993835.7425	3254267.0703	9428801502.3343	2.3983e+05
103	315964.3455	-277936.0408	993927.3455	3254226.9592	9428801502.3343	2.3948e+05
104	316055.9484	-277976.1519	994018.9484	3254186.8481	9428801502.3343	2.3912e+05
105	316147.5514	-278016.2630	994110.5514	3254146.7370	9428801502.3343	2.3877e+05
106	316239.1543	-278056.3741	994202.1543	3254106.6259	9428801502.3343	2.3842e+05
107	316330.7572	-278096.4852	994293.7572	3254066.5148	9428801502.3343	2.3807e+05
108	316422.3602	-278136.5963	994385.3602	3254026.4037	9428801502.3343	2.3771e+05
109	316513.9631	-278176.7074	994476.9631	3253986.2926	9428801502.3343	2.3736e+05
110	316605.5661	-278216.8186	994568.5661	3253946.1814	9428801502.3343	2.3701e+05
111	316697.1690	-278256.9297	994660.1690	3253906.0703	9428801502.3343	2.3666e+05
112	316788.7720	-278297.0408	994751.7720	3253865.9592	9428801502.3343	2.3631e+05
113	316880.3749	-278337.1519	994843.3749	3253825.8481	9428801502.3343	2.3596e+05
114	316971.9778	-278377.2630	994934.9778	3253785.7370	9428801502.3343	2.3562e+05
115	317063.5808	-278417.3741	995026.5808	3253745.6259	9428801502.3343	2.3527e+05
116	317155.1837	-278457.4852	995118.1837	3253705.5148	9428801502.3343	2.3492e+05
117	317246.7867	-278497.5963	995209.7867	3253665.4037	9428801502.3343	2.3457e+05
118	317338.3896	-278537.7074	995301.3896	3253625.2926	9428801502.3343	2.3423e+05
119	317429.9926	-278577.8185	995392.9926	3253585.1815	9428801502.3343	2.3388e+05
120	317521.5955	-278617.9296	995484.5955	3253545.0704	9428801502.3343	2.3354e+05
121	317613.1984	-278658.0407	995576.1984	3253504.9593	9428801502.3343	2.3319e+05
122	317704.8014	-278698.1519	995667.8014	3253464.8481	9428801502.3343	2.3285e+05
123	317796.4043	-278738.2630	995759.4043	3253424.7370	9428801502.3343	2.3251e+05
124	317888.0073	-278778.3741	995851.0073	3253384.6259	9428801502.3343	2.3216e+05
125	317979.6102	-278818.4852	995942.6102	3253344.5148	9428801502.3343	2.3182e+05
126	318071.2131	-278858.5963	996034.2131	3253304.4037	9428801502.3343	2.3148e+05
127	318162.8161	-278898.7074	996125.8161	3253264.2926	9428801502.3343	2.3114e+05
128	318254.4190	-278938.8185	996217.4190	3253224.1815	9428801502.3343	2.3080e+05
129	318346.0220	-278978.9296	996309.0220	3253184.0704	9428801502.3343	2.3046e+05
130	318437.6249	-279019.0407	996400.6249	3253143.9593	9428801502.3343	2.3012e+05
131	318529.2279	-279059.1518	996492.2279	3253103.8482	9428801502.3343	2.2978e+05
132	318620.8308	-279099.2629	996583.8308	3253063.7371	9428801502.3343	2.2944e+05
133	318712.4337	-279139.3741	996675.4337	3253023.6259	9428801502.3343	2.2910e+05
134	318804.0367	-279179.4852	996767.0367	3252983.5148	9428801502.3343	2.2877e+05
135	318895.6396	-279219.5963	996858.6396	3252943.4037	9428801502.3343	2.2843e+05
136	318987.2426	-279259.7074	996950.2426	3252903.2926	9428801502.3343	2.2810e+05
137	319078.8455	-279299.8185	997041.8455	3252863.1815	9428801502.3343	2.2776e+05
138	319170.4484	-279339.9296	997133.4484	3252823.0704	9428801502.3343	2.2742e+05
139	319262.0514	-279380.0407	997225.0514	3252782.9593	9428801502.3343	2.2709e+05
140	319353.6543	-279420.1518	997316.6543	3252742.8482	9428801502.3343	2.2676e+05
141	319445.2573	-279460.2629	997408.2573	3252702.7371	9428801502.3343	2.2642e+05
142	319536.8602	-279500.3740	997499.8602	3252662.6260	9428801502.3343	2.2609e+05
143	319628.4632	-279540.4851	997591.4632	3252622.5149	9428801502.3343	2.2576e+05
144	319720.0661	-279580.5962	997683.0661	3252582.4038	9428801502.3343	2.2543e+05
145	319811.6690	-279620.7074	997774.6690	3252542.2926	9428801502.3343	2.2509e+05
146	319903.2720	-279660.8185	997866.2720	3252502.1815	9428801502.3343	2.2476e+05
147	319994.8749	-279700.9296	997957.8749	3252462.0704	9428801502.3343	2.2443e+05
148	320086.4779	-279741.0407	998049.4779	3252421.9593	9428801502.3343	2.2410e+05
149	320178.0808	-279781.1518	998141.0808	3252381.8482	9428801502.3343	2.2378e+05
150	320269.6838	-279821.2629	998232.6838	3252341.7371	9428801502.3343	2.2345e+05
151	320361.2867	-279861.3740	998324.2867	3252301.6260	9428801502.3343	2.2312e+05
152	320452.8896	-279901.4851	998415.8896	3252261.5149	9428801502.3343	2.2279e+05
153	320544.4926	-279941.5962	998507.4926	3252221.4038	9428801502.3343	2.2246e+05
154	320636.0955	-279981.7073	998599.0955	3252181.2927	9428801502.3343	2.2214e+05
155	320727.6985	-280021.8184	998690.6985	3252141.1816	9428801502.3343	2.2181e+05
156	320819.3014	-280061.9295	998782.3014	3252101.0705	9428801502.3343	2.2149e+05
157	320910.9043	-280102.0407	998873.9043	3252060.9593	9428801502.3343	2.2116e+05
158	321002.5073	-280142.1518	998965.5073	3252020.8482	9428801502.3343	2.2084e+05
159	321094.1102	-280182.2629	999057.1102	3251980.7371	9428801502.3343	2.2051e+05
160	321185.7132	-280222.3740	999148.7132	3251940.6260	9428801502.3343	2.2019e+05
161	321277.3161	-280262.4851	999240.3161	3251900.5149	9428801502.3343	2.1987e+05
162	321368.9191	-280302.5962	999331.9191	3251860.4038	9428801502.3343	2.1955e+05
163	321460.5220	-280342.7073	999423.5220	3251820.2927	9428801502.3343	2.1922e+05
164	321552.1249	-280382.8184	999515.1249	3251780.1816	9428801502.3343	2.1890e+05
165	321643.7279	-280422.9295	999606.7279	3251740.0705	9428801502.3343	2.1858e+05
166	321735.3308	-280463.0406	999698.3308	3251699.9594	9428801502.3343	2.1826e+05
167	321826.9338	-280503.1517	999789.9338	3251659.8483	9428801502.3343	2.1794e+05
168	321918.5367	-280543.2629	999881.5367	3251619.7371	9428801502.3343	2.1762e+05
169	322010.1396	-280583.3740	999973.1396	3251579.6260	9428801502.3343	2.1730e+05
170	322101.7426	-280623.4851	1000064.7426	3251539.5149	9428801502.3343	2.1699e+05
171	322193.3455	-280663.5962	1000156.3455	3251499.4038	9428801502.3343	2.1667e+05
172	322284.9485	-280703.7073	1000247.9485	3251459.2927	9428801502.3343	2.1635e+05
173	322376.5514	-280743.8184	1000339.5514	3251419.1816	9428801502.3343	2.1603e+05
174	322468.1544	-280783.9295	1000431.1544	3251379.0705	9428801502.3343	2.1572e+05
175	322559.7573	-280824.0406	1000522.7573	3251338.9594	9428801502.3343	2.1540e+05
176	322651.3602	-280864.1517	1000614.3602	3251298.8483	9428801502.3343	2.1509e+05
177	322742.9632	-280904.2628	1000705.9632	3251258.7372	9428801502.3343	2.1477e+05
178	322834.5661	-280944.3739	1000797.5661	3251218.6261	9428801502.3343	2.1446e+05
179	322926.1691	-280984.4850	1000889.1691	3251178.5150	9428801502.3343	2.1415e+05
180	323017.7720	-281024.5962	1000980.7720	3251138.4038	9428801502.3343	2.1383e+05
181	323109.3749	-281064.7073	1001072.3749	3251098.2927	9428801502.3343	2.1352e+05
182	323200.9779	-281104.8184	1001163.9779	3251058.1816	9428801502.3343	2.1321e+05
183	323292.5808	-281144.9295	1001255.5808	3251018.0705	9428801502.3343	2.1290e+05
184	323384.1838	-281185.0406	1001347.1838	3250977.9594	9428801502.3343	2.1259e+05
185	323475.7867	-281225.1517	1001438.7867	3250937.8483	9428801502.3343	2.1228e+05
186	323567.3897	-281265.2628	1001530.3897	3250897.7372	9428801502.3343	2.1197e+05
187	323658.9926	-281305.3739	1001621.9926	3250857.6261	9428801502.3343	2.1166e+05
188	323750.5955	-281345.4850	1001713.5955	3250817.5150	9428801502.3343	2.1135e+05
189	323842.1985	-281385.5961	1001805.1985	3250777.4039	9428801502.3343	2.1104e+05
190	323933.8014	-281425.7072	1001896.8014	3250737.2928	9428801502.3343	2.1073e+05
191	324025.4044	-281465.8183	1001988.4044	3250697.1817	9428801502.3343	2.1042e+05
192	324117.0073	-281505.9295	1002080.0073	3250657.0705	9428801502.3343	2.1012e+05
193	324208.6103	-281546.0406	1002171.6103	3250616.9594	9428801502.3343	2.0981e+05
194	324300.2132	-281586.1517	1002263.2132	3250576.8483	9428801502.3343	2.0950e+05
195	324391.8161	-281626.2628	1002354.8161	3250536.7372	9428801502.3343	2.0920e+05
196	324483.4191	-281666.3739	1002446.4191	3250496.6261	9428801502.3343	2.0889e+05
197	324575.0220	-281706.4850	1002538.0220	3250456.5150	9428801502.3343	2.0859e+05
198	324666.6250	-281746.5961	1002629.6250	3250416.4039	9428801502.3343	2.0828e+05
199	324758.2279	-281786.7072	1002721.2279	3250376.2928	9428801502.3343	2.0798e+05
200	324849.8308	-281826.8183	1002812.8308	3250336.1817	9428801502.3343	2.0768e+05
201	324941.4338	-281866.9294	1002904.4338	3250296.0706	9428801502.3343	2.0737e+05
202	325033.0367	-281907.0405	1002996.0367	3250255.9595	9428801502.3343	2.0707e+05
203	325124.6397	-281947.1517	1003087.6397	3250215.8483	9428801502.3343	2.0677e+05
204	325216.2426	-281987.2628	1003179.2426	3250175.7372	9428801502.3343	2.0647e+05
205	325307.8456	-282027.3739	1003270.8456	3250135.6261	9428801502.3343	2.0617e+05
206	325399.4485	-282067.4850	1003362.4485	3250095.5150	9428801502.3343	2.0587e+05
207	325491.0514	-282107.5961	1003454.0514	3250055.4039	9428801502.3343	2.0557e+05
208	325582.6544	-282147.7072	1003545.6544	3250015.2928	9428801502.3343	2.0527e+05
209	325674.2573	-282187.8183	1003637.2573	3249975.1817	9428801502.3343	2.0497e+05
210	325765.8603	-282227.9294	1003728.8603	3249935.0706	9428801502.3343	2.0467e+05
211	325857.4632	-282268.0405	1003820.4632	3249894.9595	9428801502.3343	2.0438e+05
212	325949.0661	-282308.1516	1003912.0661	3249854.8484	9428801502.3343	2.0408e+05
213	326040.6691	-282348.2627	1004003.6691	3249814.7373	9428801502.3343	2.0378e+05
214	326132.2720	-282388.3738	1004095.2720	3249774.6262	9428801502.3343	2.0348e+05
215	326223.8750	-282428.4850	1004186.8750	3249734.5150	9428801502.3343	2.0319e+05
216	326315.4779	-282468.5961	1004278.4779	3249694.4039	9428801502.3343	2.0289e+05
217	326407.0809	-282508.7072	1004370.0809	3249654.2928	9428801502.3343	2.0260e+05
218	326498.6838	-282548.8183	1004461.6838	3249614.1817	9428801502.3343	2.0230e+05
219	326590.2867	-282588.9294	1004553.2867	3249574.0706	9428801502.3343	2.0201e+05
220	326681.8897	-282629.0405	1004644.8897	3249533.9595	9428801502.3343	2.0172e+05
221	326773.4926	-282669.1516	1004736.4926	3249493.8484	9428801502.3343	2.0142e+05
222	326865.0956	-282709.2627	1004828.0956	3249453.7373	9428801502.3343	2.0113e+05
223	326956.6985	-282749.3738	1004919.6985	3249413.6262	9428801502.3343	2.0084e+05
224	327048.3015	-282789.4849	1005011.3015	3249373.5151	9428801502.3343	2.0055e+05
225	327139.9044	-282829.5960	1005102.9044	3249333.4040	9428801502.3343	2.0026e+05
226	327231.5073	-282869.7072	1005194.5073	3249293.2928	9428801502.3343	1.9997e+05
227	327323.1103	-282909.8183	1005286.1103	3249253.1817	9428801502.3343	1.9968e+05
228	327414.7132	-282949.9294	1005377.7132	3249213.0706	9428801502.3343	1.9939e+05
229	327506.3162	-282990.0405	1005469.3162	3249172.9595	9428801502.3343	1.9910e+05
230	327597.9191	-283030.1516	1005560.9191	3249132.8484	9428801502.3343	1.9881e+05
231	327689.5220	-283070.2627	1005652.5220	3249092.7373	9428801502.3343	1.9852e+05
232	327781.1250	-283110.3738	1005744.1250	3249052.6262	9428801502.3343	1.9823e+05
233	327872.7279	-283150.4849	1005835.7279	3249012.5151	9428801502.3343	1.9794e+05
234	327964.3309	-283190.5960	1005927.3309	3248972.4040	9428801502.3343	1.9766e+05
235	328055.9338	-283230.7071	1006018.9338	3248932.2929	9428801502.3343	1.9737e+05
236	328147.5368	-283270.8182	1006110.5368	3248892.1818	9428801502.3343	1.9708e+05
237	328239.1397	-283310.9293	1006202.1397	3248852.0707	9428801502.3343	1.9680e+05
238	328330.7426	-283351.0405	1006293.7426	3248811.9595	9428801502.3343	1.9651e+05
239	328422.3456	-283391.1516	1006385.3456	3248771.8484	9428801502.3343	1.9623e+05
240	328513.9485	-283431.2627	1006476.9485	3248731.7373	9428801502.3343	1.9594e+05
241	328605.5515	-283471.3738	1006568.5515	3248691.6262	9428801502.3343	1.9566e+05
242	328697.1544	-283511.4849	1006660.1544	3248651.5151	9428801502.3343	1.9538e+05
243	328788.7573	-283551.5960	1006751.7573	3248611.4040	9428801502.3343	1.9509e+05
244	328880.3603	-283591.7071	1006843.3603	3248571.2929	9428801502.3343	1.9481e+05
245	328971.9632	-283631.8182	1006934.9632	3248531.1818	9428801502.3343	1.9453e+05
246	329063.5662	-283671.9293	1007026.5662	3248491.0707	9428801502.3343	1.9425e+05
247	329155.1691	-283712.0404	1007118.1691	3248450.9596	9428801502.3343	1.9397e+05
248	329246.7721	-283752.1515	1007209.7721	3248410.8485	9428801502.3343	1.9369e+05
249	329338.3750	-283792.2626	1007301.3750	3248370.7374	9428801502.3343	1.9341e+05
250	329429.9779	-283832.3738	1007392.9779	3248330.6262	9428801502.3343	1.9313e+05
251	329521.5809	-283872.4849	1007484.5809	3248290.5151	9428801502.3343	1.9285e+05
252	329613.1838	-283912.5960	1007576.1838	3248250.4040	9428801502.3343	1.9257e+05
253	329704.7868	-283952.7071	1007667.7868	3248210.2929	9428801502.3343	1.9229e+05
254	329796.3897	-283992.8182	1007759.3897	3248170.1818	9428801502.3343	1.9201e+05
255	329887.9927	-284032.9293	1007850.9927	3248130.0707	9428801502.3343	1.9173e+05
256	329979.5956	-284073.0404	1007942.5956	3248089.9596	9428801502.3343	1.9146e+05
257	330071.1985	-284113.1515	1008034.1985	3248049.8485	9428801502.3343	1.9118e+05
258	330162.8015	-284153.2626	1008125.8015	3248009.7374	9428801502.3343	1.9090e+05
259	330254.4044	-284193.3737	1008217.4044	3247969.6263	9428801502.3343	1.9063e+05
260	330346.0074	-284233.4848	1008309.0074	3247929.5152	9428801502.3343	1.9035e+05
261	330437.6103	-284273.5960	1008400.6103	3247889.4040	9428801502.3343	1.9008e+05
262	330529.2132	-284313.7071	1008492.2132	3247849.2929	9428801502.3343	1.8980e+05
263	330620.8162	-284353.8182	1008583.8162	3247809.1818	9428801502.3343	1.8953e+05
264	330712.4191	-284393.9293	1008675.4191	3247769.0707	9428801502.3343	1.8926e+05
265	330804.0221	-284434.0404	1008767.0221	3247728.9596	9428801502.3343	1.8898e+05
266	330895.6250	-284474.1515	1008858.6250	3247688.8485	9428801502.3343	1.8871e+05
267	330987.2280	-284514.2626	1008950.2280	3247648.7374	9428801502.3343	1.8844e+05
268	331078.8309	-284554.3737	1009041.8309	3247608.6263	9428801502.3343	1.8817e+05
269	331170.4338	-284594.4848	1009133.4338	3247568.5152	9428801502.3343	1.8790e+05
270	331262.0368	-284634.5959	1009225.0368	3247528.4041	9428801502.3343	1.8762e+05
271	331353.6397	-284674.7070	1009316.6397	3247488.2930	9428801502.3343	1.8735e+05
272	331445.2427	-284714.8181	1009408.2427	3247448.1819	9428801502.3343	1.8708e+05
273	331536.8456	-284754.9293	1009499.8456	3247408.0707	9428801502.3343	1.8681e+05
274	331628.4485	-284795.0404	1009591.4485	3247367.9596	9428801502.3343	1.8654e+05
275	331720.0515	-284835.1515	1009683.0515	3247327.8485	9428801502.3343	1.8628e+05
276	331811.6544	-284875.2626	1009774.6544	3247287.7374	9428801502.3343	1.8601e+05
277	331903.2574	-284915.3737	1009866.2574	3247247.6263	9428801502.3343	1.8574e+05
278	331994.8603	-284955.4848	1009957.8603	3247207.5152	9428801502.3343	1.8547e+05
279	332086.4633	-284995.5959	1010049.4633	3247167.4041	9428801502.3343	1.8521e+05
280	332178.0662	-285035.7070	1010141.0662	3247127.2930	9428801502.3343	1.8494e+05
281	332269.6691	-285075.8181	1010232.6691	3247087.1819	9428801502.3343	1.8467e+05
282	332361.2721	-285115.9292	1010324.2721	3247047.0708	9428801502.3343	1.8441e+05
283	332452.8750	-285156.0403	1010415.8750	3247006.9597	9428801502.3343	1.8414e+05
284	332544.4780	-285196.1515	1010507.4780	3246966.8485	9428801502.3343	1.8388e+05
285	332636.0809	-285236.2626	1010599.0809	3246926.7374	9428801502.3343	1.8361e+05
286	332727.6838	-285276.3737	1010690.6838	3246886.6263	9428801502.3343	1.8335e+05
287	332819.2868	-285316.4848	1010782.2868	3246846.5152	9428801502.3343	1.8308e+05
288	332910.8897	-285356.5959	1010873.8897	3246806.4041	9428801502.3343	1.8282e+05
289	333002.4927	-285396.7070	1010965.4927	3246766.2930	9428801502.3343	1.8256e+05
290	333094.0956	-285436.8181	1011057.0956	3246726.1819	9428801502.3343	1.8230e+05
291	333185.6986	-285476.9292	1011148.6986	3246686.0708	9428801502.3343	1.8203e+05
292	333277.3015	-285517.0403	1011240.3015	3246645.9597	9428801502.3343	1.8177e+05
293	333368.9044	-285557.1514	1011331.9044	3246605.8486	9428801502.3343	1.8151e+05
294	333460.5074	-285597.2625	1011423.5074	3246565.7375	9428801502.3343	1.8125e+05
295	333552.1103	-285637.3736	1011515.1103	3246525.6264	9428801502.3343	1.8099e+05
296	333643.7133	-285677.4848	1011606.7133	3246485.5152	9428801502.3343	1.8073e+05
297	333735.3162	-285717.5959	1011698.3162	3246445.4041	9428801502.3343	1.8047e+05
298	333826.9192	-285757.7070	1011789.9192	3246405.2930	9428801502.3343	1.8021e+05
299	333918.5221	-285797.8181	1011881.5221	3246365.1819	9428801502.3343	1.7995e+05
300	334010.1250	-285837.9292	1011973.1250	3246325.0708	9428801502.3343	1.7969e+05
301	334101.7280	-285878.0403	1012064.7280	3246284.9597	9428801502.3343	1.7944e+05
302	334193.3309	-285918.1514	1012156.3309	3246244.8486	9428801502.3343	1.7918e+05
303	334284.9339	-285958.2625	1012247.9339	3246204.7375	9428801502.3343	1.7892e+05
304	334376.5368	-285998.3736	1012339.5368	3246164.6264	9428801502.3343	1.7866e+05
305	334468.1397	-286038.4847	1012431.1397	3246124.5153	9428801502.3343	1.7841e+05
306	334559.7427	-286078.5958	1012522.7427	3246084.4042	9428801502.3343	1.7815e+05
307	334651.3456	-286118.7069	1012614.3456	3246044.2931	9428801502.3343	1.7790e+05
308	334742.9486	-286158.8181	1012705.9486	3246004.1819	9428801502.3343	1.7764e+05
309	334834.5515	-286198.9292	1012797.5515	3245964.0708	9428801502.3343	1.7739e+05
310	334926.1545	-286239.0403	1012889.1545	3245923.9597	9428801502.3343	1.7713e+05
311	335017.7574	-286279.1514	1012980.7574	3245883.8486	9428801502.3343	1.7688e+05
312	335109.3603	-286319.2625	1013072.3603	3245843.7375	9428801502.3343	1.7663e+05
313	335200.9633	-286359.3736	1013163.9633	3245803.6264	9428801502.3343	1.7637e+05
314	335292.5662	-286399.4847	1013255.5662	3245763.5153	9428801502.3343	1.7612e+05
315	335384.1692	-286439.5958	1013347.1692	3245723.4042	9428801502.3343	1.7587e+05
316	335475.7721	-286479.7069	1013438.7721	3245683.2931	9428801502.3343	1.7562e+05
317	335567.3750	-286519.8180	1013530.3750	3245643.1820	9428801502.3343	1.7536e+05
318	335658.9780	-286559.9291	1013621.9780	3245603.0709	9428801502.3343	1.7511e+05
319	335750.5809	-286600.0403	1013713.5809	3245562.9597	9428801502.3343	1.7486e+05
320	335842.1839	-286640.1514	1013805.1839	3245522.8486	9428801502.3343	1.7461e+05
321	335933.7868	-286680.2625	1013896.7868	3245482.7375	9428801502.3343	1.7436e+05
322	336025.3898	-286720.3736	1013988.3898	3245442.6264	9428801502.3343	1.7411e+05
323	336116.9927	-286760.4847	1014079.9927	3245402.5153	9428801502.3343	1.7386e+05
324	336208.5956	-286800.5958	1014171.5956	3245362.4042	9428801502.3343	1.7362e+05
325	336300.1986	-286840.7069	1014263.1986	3245322.2931	9428801502.3343	1.7337e+05
326	336391.8015	-286880.8180	1014354.8015	3245282.1820	9428801502.3343	1.7312e+05
327	336483.4045	-286920.9291	1014446.4045	3245242.0709	9428801502.3343	1.7287e+05
328	336575.0074	-286961.0402	1014538.0074	3245201.9598	9428801502.3343	1.7262e+05
329	336666.6104	-287001.1513	1014629.6104	3245161.8487	9428801502.3343	1.7238e+05
330	336758.2133	-287041.2624	1014721.2133	3245121.7376	9428801502.3343	1.7213e+05
331	336849.8162	-287081.3736	1014812.8162	3245081.6264	9428801502.3343	1.7189e+05
332	336941.4192	-287121.4847	1014904.4192	3245041.5153	9428801502.3343	1.7164e+05
333	337033.0221	-287161.5958	1014996.0221	3245001.4042	9428801502.3343	1.7140e+05
334	337124.6251	-287201.7069	1015087.6251	3244961.2931	9428801502.3343	1.7115e+05
335	337216.2280	-287241.8180	1015179.2280	3244921.1820	9428801502.3343	1.7091e+05
336	337307.8309	-287281.9291	1015270.8309	3244881.0709	9428801502.3343	1.7066e+05
337	337399.4339	-287322.0402	1015362.4339	3244840.9598	9428801502.3343	1.7042e+05
338	337491.0368	-287362.1513	1015454.0368	3244800.8487	9428801502.3343	1.7018e+05
339	337582.6398	-287402.2624	1015545.6398	3244760.7376	9428801502.3343	1.6993e+05
340	337674.2427	-287442.3735	1015637.2427	3244720.6265	9428801502.3343	1.6969e+05
341	337765.8457	-287482.4846	1015728.8457	3244680.5154	9428801502.3343	1.6945e+05
342	337857.4486	-287522.5957	1015820.4486	3244640.4043	9428801502.3343	1.6921e+05
343	337949.0515	-287562.7069	1015912.0515	3244600.2931	9428801502.3343	1.6897e+05
344	338040.6545	-287602.8180	1016003.6545	3244560.1820	9428801502.3343	1.6872e+05
345	338132.2574	-287642.9291	1016095.2574	3244520.0709	9428801502.3343	1.6848e+05
346	338223.8604	-287683.0402	1016186.8604	3244479.9598	9428801502.3343	1.6824e+05
347	338315.4633	-287723.1513	1016278.4633	3244439.8487	9428801502.3343	1.6800e+05
348	338407.0662	-287763.2624	1016370.0662	3244399.7376	9428801502.3343	1.6776e+05
349	338498.6692	-287803.3735	1016461.6692	3244359.6265	9428801502.3343	1.6753e+05
350	338590.2721	-287843.4846	1016553.2721	3244319.5154	9428801502.3343	1.6729e+05
351	338681.8751	-287883.5957	1016644.8751	3244279.4043	9428801502.3343	1.6705e+05
352	338773.4780	-287923.7068	1016736.4780	3244239.2932	9428801502.3343	1.6681e+05
353	338865.0810	-287963.8179	1016828.0810	3244199.1821	9428801502.3343	1.6657e+05
354	338956.6839	-288003.9291	1016919.6839	3244159.0709	9428801502.3343	1.6634e+05
355	339048.2868	-288044.0402	1017011.2868	3244118.9598	9428801502.3343	1.6610e+05
356	339139.8898	-288084.1513	1017102.8898	3244078.8487	9428801502.3343	1.6586e+05
357	339231.4927	-288124.2624	1017194.4927	3244038.7376	9428801502.3343	1.6563e+05
358	339323.0957	-288164.3735	1017286.0957	3243998.6265	9428801502.3343	1.6539e+05
359	339414.6986	-288204.4846	1017377.6986	3243958.5154	9428801502.3343	1.6516e+05
360	339506.3016	-288244.5957	1017469.3016	3243918.4043	9428801502.3343	1.6492e+05
361	339597.9045	-288284.7068	1017560.9045	3243878.2932	9428801502.3343	1.6469e+05
362	339689.5074	-288324.8179	1017652.5074	3243838.1821	9428801502.3343	1.6445e+05
363	339781.1104	-288364.9290	1017744.1104	3243798.0710	9428801502.3343	1.6422e+05
364	339872.7133	-288405.0401	1017835.7133	3243757.9599	9428801502.3343	1.6399e+05
365	339964.3163	-288445.1512	1017927.3163	3243717.8488	9428801502.3343	1.6375e+05
366	340055.9192	-288485.2624	1018018.9192	3243677.7376	9428801502.3343	1.6352e+05
367	340147.5221	-288525.3735	1018110.5221	3243637.6265	9428801502.3343	1.6329e+05
368	340239.1251	-288565.4846	1018202.1251	3243597.5154	9428801502.3343	1.6306e+05
369	340330.7280	-288605.5957	1018293.7280	3243557.4043	9428801502.3343	1.6282e+05
370	340422.3310	-288645.7068	1018385.3310	3243517.2932	9428801502.3343	1.6259e+05
371	340513.9339	-288685.8179	1018476.9339	3243477.1821	9428801502.3343	1.6236e+05
372	340605.5369	-288725.9290	1018568.5369	3243437.0710	9428801502.3343	1.6213e+05
373	340697.1398	-288766.0401	1018660.1398	3243396.9599	9428801502.3343	1.6190e+05
374	340788.7427	-288806.1512	1018751.7427	3243356.8488	9428801502.3343	1.6167e+05
375	340880.3457	-288846.2623	1018843.3457	3243316.7377	9428801502.3343	1.6144e+05
376	340971.9486	-288886.3734	1018934.9486	3243276.6266	9428801502.3343	1.6121e+05
377	341063.5516	-288926.4846	1019026.5516	3243236.5154	9428801502.3343	1.6098e+05
378	341155.1545	-288966.5957	1019118.1545	3243196.4043	9428801502.3343	1.6076e+05
379	341246.7574	-289006.7068	1019209.7574	3243156.2932	9428801502.3343	1.6053e+05
380	341338.3604	-289046.8179	1019301.3604	3243116.1821	9428801502.3343	1.6030e+05
381	341429.9633	-289086.9290	1019392.9633	3243076.0710	9428801502.3343	1.6007e+05
382	341521.5663	-289127.0401	1019484.5663	3243035.9599	9428801502.3343	1.5985e+05
383	341613.1692	-289167.1512	1019576.1692	3242995.8488	9428801502.3343	1.5962e+05
384	341704.7722	-289207.2623	1019667.7722	3242955.7377	9428801502.3343	1.5939e+05
385	341796.3751	-289247.3734	1019759.3751	3242915.6266	9428801502.3343	1.5917e+05
386	341887.9780	-289287.4845	1019850.9780	3242875.5155	9428801502.3343	1.5894e+05
387	341979.5810	-289327.5956	1019942.5810	3242835.4044	9428801502.3343	1.5872e+05
388	342071.1839	-289367.7067	1020034.1839	3242795.2933	9428801502.3343	1.5849e+05
389	342162.7869	-289407.8179	1020125.7869	3242755.1821	9428801502.3343	1.5827e+05
390	342254.3898	-289447.9290	1020217.3898	3242715.0710	9428801502.3343	1.5804e+05
391	342345.9927	-289488.0401	1020308.9927	3242674.9599	9428801502.3343	1.5782e+05
392	342437.5957	-289528.1512	1020400.5957	3242634.8488	9428801502.3343	1.5760e+05
393	342529.1986	-289568.2623	1020492.1986	3242594.7377	9428801502.3343	1.5737e+05
394	342620.8016	-289608.3734	1020583.8016	3242554.6266	9428801502.3343	1.5715e+05
395	342712.4045	-289648.4845	1020675.4045	3242514.5155	9428801502.3343	1.5693e+05
396	342804.0075	-289688.5956	1020767.0075	3242474.4044	9428801502.3343	1.5671e+05
397	342895.6104	-289728.7067	1020858.6104	3242434.2933	9428801502.3343	1.5649e+05
398	342987.2133	-289768.8178	1020950.2133	3242394.1822	9428801502.3343	1.5626e+05
399	343078.8163	-289808.9289	1021041.8163	3242354.0711	9428801502.3343	1.5604e+05
400	343170.4192	-289849.0400	1021133.4192	3242313.9600	9428801502.3343	1.5582e+05
401	343262.0222	-289889.1512	1021225.0222	3242273.8488	9428801502.3343	1.5560e+05
402	343353.6251	-289929.2623	1021316.6251	3242233.7377	9428801502.3343	1.5538e+05
403	343445.2281	-289969.3734	1021408.2281	3242193.6266	9428801502.3343	1.5516e+05
404	343536.8310	-290009.4845	1021499.8310	3242153.5155	9428801502.3343	1.5494e+05
405	343628.4339	-290049.5956	1021591.4339	3242113.4044	9428801502.3343	1.5472e+05
406	343720.0369	-290089.7067	1021683.0369	3242073.2933	9428801502.3343	1.5451e+05
407	343811.6398	-290129.8178	1021774.6398	3242033.1822	9428801502.3343	1.5429e+05
408	343903.2428	-290169.9289	1021866.2428	3241993.0711	9428801502.3343	1.5407e+05
409	343994.8457	-290210.0400	1021957.8457	3241952.9600	9428801502.3343	1.5385e+05
410	344086.4486	-290250.1511	1022049.4486	3241912.8489	9428801502.3343	1.5364e+05
411	344178.0516	-290290.2622	1022141.0516	3241872.7378	9428801502.3343	1.5342e+05
412	344269.6545	-290330.3734	1022232.6545	3241832.6266	9428801502.3343	1.5320e+05
413	344361.2575	-290370.4845	1022324.2575	3241792.5155	9428801502.3343	1.5299e+05
414	344452.8604	-290410.5956	1022415.8604	3241752.4044	9428801502.3343	1.5277e+05
415	344544.4634	-290450.7067	1022507.4634	3241712.2933	9428801502.3343	1.5256e+05
416	344636.0663	-290490.8178	1022599.0663	3241672.1822	9428801502.3343	1.5234e+05
417	344727.6692	-290530.9289	1022690.6692	3241632.0711	9428801502.3343	1.5213e+05
418	344819.2722	-290571.0400	1022782.2722	3241591.9600	9428801502.3343	1.5191e+05
419	344910.8751	-290611.1511	1022873.8751	3241551.8489	9428801502.3343	1.5170e+05
420	345002.4781	-290651.2622	1022965.4781	3241511.7378	9428801502.3343	1.5148e+05
421	345094.0810	-290691.3733	1023057.0810	3241471.6267	9428801502.3343	1.5127e+05
422	345185.6839	-290731.4844	1023148.6839	3241431.5156	9428801502.3343	1.5106e+05
423	345277.2869	-290771.5955	1023240.2869	3241391.4045	9428801502.3343	1.5084e+05
424	345368.8898	-290811.7067	1023331.8898	3241351.2933	9428801502.3343	1.5063e+05
425	345460.4928	-290851.8178	1023423.4928	3241311.1822	9428801502.3343	1.5042e+05
426	345552.0957	-290891.9289	1023515.0957	3241271.0711	9428801502.3343	1.5021e+05
427	345643.6987	-290932.0400	1023606.6987	3241230.9600	9428801502.3343	1.5000e+05
428	345735.3016	-290972.1511	1023698.3016	3241190.8489	9428801502.3343	1.4979e+05
429	345826.9045	-291012.2622	1023789.9045	3241150.7378	9428801502.3343	1.4957e+05
430	345918.5075	-291052.3733	1023881.5075	3241110.6267	9428801502.3343	1.4936e+05
431	346010.1104	-291092.4844	1023973.1104	3241070.5156	9428801502.3343	1.4915e+05
432	346101.7134	-291132.5955	1024064.7134	3241030.4045	9428801502.3343	1.4894e+05
433	346193.3163	-291172.7066	1024156.3163	3240990.2934	9428801502.3343	1.4873e+05
434	346284.9193	-291212.8177	1024247.9193	3240950.1823	9428801502.3343	1.4853e+05
435	346376.5222	-291252.9289	1024339.5222	3240910.0711	9428801502.3343	1.4832e+05
436	346468.1251	-291293.0400	1024431.1251	3240869.9600	9428801502.3343	1.4811e+05
437	346559.7281	-291333.1511	1024522.7281	3240829.8489	9428801502.3343	1.4790e+05
438	346651.3310	-291373.2622	1024614.3310	3240789.7378	9428801502.3343	1.4769e+05
439	346742.9340	-291413.3733	1024705.9340	3240749.6267	9428801502.3343	1.4749e+05
440	346834.5369	-291453.4844	1024797.5369	3240709.5156	9428801502.3343	1.4728e+05
441	346926.1398	-291493.5955	1024889.1398	3240669.4045	9428801502.3343	1.4707e+05
442	347017.7428	-291533.7066	1024980.7428	3240629.2934	9428801502.3343	1.4686e+05
443	347109.3457	-291573.8177	1025072.3457	3240589.1823	9428801502.3343	1.4666e+05
444	347200.9487	-291613.9288	1025163.9487	3240549.0712	9428801502.3343	1.4645e+05
445	347292.5516	-291654.0399	1025255.5516	3240508.9601	9428801502.3343	1.4625e+05
446	347384.1546	-291694.1510	1025347.1546	3240468.8490	9428801502.3343	1.4604e+05
447	347475.7575	-291734.2622	1025438.7575	3240428.7378	9428801502.3343	1.4584e+05
448	347567.3604	-291774.3733	1025530.3604	3240388.6267	9428801502.3343	1.4563e+05
449	347658.9634	-291814.4844	1025621.9634	3240348.5156	9428801502.3343	1.4543e+05
450	347750.5663	-291854.5955	1025713.5663	3240308.4045	9428801502.3343	1.4522e+05
451	347842.1693	-291894.7066	1025805.1693	3240268.2934	9428801502.3343	1.4502e+05
452	347933.7722	-291934.8177	1025896.7722	3240228.1823	9428801502.3343	1.4482e+05
453	348025.3751	-291974.9288	1025988.3751	3240188.0712	9428801502.3343	1.4461e+05
454	348116.9781	-292015.0399	1026079.9781	3240147.9601	9428801502.3343	1.4441e+05
455	348208.5810	-292055.1510	1026171.5810	3240107.8490	9428801502.3343	1.4421e+05
456	348300.1840	-292095.2621	1026263.1840	3240067.7379	9428801502.3343	1.4401e+05
457	348391.7869	-292135.3732	1026354.7869	3240027.6268	9428801502.3343	1.4381e+05
458	348483.3899	-292175.4843	1026446.3899	3239987.5157	9428801502.3343	1.4360e+05
459	348574.9928	-292215.5955	1026537.9928	3239947.4045	9428801502.3343	1.4340e+05
460	348666.5957	-292255.7066	1026629.5957	3239907.2934	9428801502.3343	1.4320e+05
461	348758.1987	-292295.8177	1026721.1987	3239867.1823	9428801502.3343	1.4300e+05
462	348849.8016	-292335.9288	1026812.8016	3239827.0712	9428801502.3343	1.4280e+05
463	348941.4046	-292376.0399	1026904.4046	3239786.9601	9428801502.3343	1.4260e+05
464	349033.0075	-292416.1510	1026996.0075	3239746.8490	9428801502.3343	1.4240e+05
465	349124.6105	-292456.2621	1027087.6105	3239706.7379	9428801502.3343	1.4220e+05
466	349216.2134	-292496.3732	1027179.2134	3239666.6268	9428801502.3343	1.4200e+05
467	349307.8163	-292536.4843	1027270.8163	3239626.5157	9428801502.3343	1.4181e+05
468	349399.4193	-292576.5954	1027362.4193	3239586.4046	9428801502.3343	1.4161e+05
469	349491.0222	-292616.7065	1027454.0222	3239546.2935	9428801502.3343	1.4141e+05
470	349582.6252	-292656.8177	1027545.6252	3239506.1823	9428801502.3343	1.4121e+05
471	349674.2281	-292696.9288	1027637.2281	3239466.0712	9428801502.3343	1.4101e+05
472	349765.8310	-292737.0399	1027728.8310	3239425.9601	9428801502.3343	1.4082e+05
473	349857.4340	-292777.1510	1027820.4340	3239385.8490	9428801502.3343	1.4062e+05
474	349949.0369	-292817.2621	1027912.0369	3239345.7379	9428801502.3343	1.4042e+05
475	350040.6399	-292857.3732	1028003.6399	3239305.6268	9428801502.3343	1.4023e+05
476	350132.2428	-292897.4843	1028095.2428	3239265.5157	9428801502.3343	1.4003e+05
477	350223.8458	-292937.5954	1028186.8458	3239225.4046	9428801502.3343	1.3984e+05
478	350315.4487	-292977.7065	1028278.4487	3239185.2935	9428801502.3343	1.3964e+05
479	350407.0516	-293017.8176	1028370.0516	3239145.1824	9428801502.3343	1.3945e+05
480	350498.6546	-293057.9287	1028461.6546	3239105.0713	9428801502.3343	1.3925e+05
481	350590.2575	-293098.0398	1028553.2575	3239064.9602	9428801502.3343	1.3906e+05
482	350681.8605	-293138.1510	1028644.8605	3239024.8490	9428801502.3343	1.3886e+05
483	350773.4634	-293178.2621	1028736.4634	3238984.7379	9428801502.3343	1.3867e+05
484	350865.0663	-293218.3732	1028828.0663	3238944.6268	9428801502.3343	1.3848e+05
485	350956.6693	-293258.4843	1028919.6693	3238904.5157	9428801502.3343	1.3828e+05
486	351048.2722	-293298.5954	1029011.2722	3238864.4046	9428801502.3343	1.3809e+05
487	351139.8752	-293338.7065	1029102.8752	3238824.2935	9428801502.3343	1.3790e+05
488	351231.4781	-293378.8176	1029194.4781	3238784.1824	9428801502.3343	1.3770e+05
489	351323.0811	-293418.9287	1029286.0811	3238744.0713	9428801502.3343	1.3751e+05
490	351414.6840	-293459.0398	1029377.6840	3238703.9602	9428801502.3343	1.3732e+05
491	351506.2869	-293499.1509	1029469.2869	3238663.8491	9428801502.3343	1.3713e+05
492	351597.8899	-293539.2620	1029560.8899	3238623.7380	9428801502.3343	1.3694e+05
493	351689.4928	-293579.3732	1029652.4928	3238583.6268	9428801502.3343	1.3675e+05
494	351781.0958	-293619.4843	1029744.0958	3238543.5157	9428801502.3343	1.3656e+05
495	351872.6987	-293659.5954	1029835.6987	3238503.4046	9428801502.3343	1.3637e+05
496	351964.3016	-293699.7065	1029927.3016	3238463.2935	9428801502.3343	1.3618e+05
497	352055.9046	-293739.8176	1030018.9046	3238423.1824	9428801502.3343	1.3599e+05
498	352147.5075	-293779.9287	1030110.5075	3238383.0713	9428801502.3343	1.3580e+05
499	352239.1105	-293820.0398	1030202.1105	3238342.9602	9428801502.3343	1.3561e+05
500	352330.7134	-293860.1509	1030293.7134	3238302.8491	9428801502.3343	1.3542e+05
501	352422.3164	-293900.2620	1030385.3164	3238262.7380	9428801502.3343	1.3523e+05
502	352513.9193	-293940.3731	1030476.9193	3238222.6269	9428801502.3343	1.3504e+05
503	352605.5222	-293980.4842	1030568.5222	3238182.5158	9428801502.3343	1.3486e+05
504	352697.1252	-294020.5953	1030660.1252	3238142.4047	9428801502.3343	1.3467e+05
505	352788.7281	-294060.7065	1030751.7281	3238102.2935	9428801502.3343	1.3448e+05
506	352880.3311	-294100.8176	1030843.3311	3238062.1824	9428801502.3343	1.3430e+05
507	352971.9340	-294140.9287	1030934.9340	3238022.0713	9428801502.3343	1.3411e+05
508	353063.5370	-294181.0398	1031026.5370	3237981.9602	9428801502.3343	1.3392e+05
509	353155.1399	-294221.1509	1031118.1399	3237941.8491	9428801502.3343	1.3374e+05
510	353246.7428	-294261.2620	1031209.7428	3237901.7380	9428801502.3343	1.3355e+05
511	353338.3458	-294301.3731	1031301.3458	3237861.6269	9428801502.3343	1.3337e+05
512	353429.9487	-294341.4842	1031392.9487	3237821.5158	9428801502.3343	1.3318e+05
513	353521.5517	-294381.5953	1031484.5517	3237781.4047	9428801502.3343	1.3299e+05
514	353613.1546	-294421.7064	1031576.1546	3237741.2936	9428801502.3343	1.3281e+05
515	353704.7575	-294461.8175	1031667.7575	3237701.1825	9428801502.3343	1.3263e+05
516	353796.3605	-294501.9286	1031759.3605	3237661.0714	9428801502.3343	1.3244e+05
517	353887.9634	-294542.0398	1031850.9634	3237620.9602	9428801502.3343	1.3226e+05
518	353979.5664	-294582.1509	1031942.5664	3237580.8491	9428801502.3343	1.3207e+05
519	354071.1693	-294622.2620	1032034.1693	3237540.7380	9428801502.3343	1.3189e+05
520	354162.7723	-294662.3731	1032125.7723	3237500.6269	9428801502.3343	1.3171e+05
521	354254.3752	-294702.4842	1032217.3752	3237460.5158	9428801502.3343	1.3153e+05
522	354345.9781	-294742.5953	1032308.9781	3237420.4047	9428801502.3343	1.3134e+05
523	354437.5811	-294782.7064	1032400.5811	3237380.2936	9428801502.3343	1.3116e+05
524	354529.1840	-294822.8175	1032492.1840	3237340.1825	9428801502.3343	1.3098e+05
525	354620.7870	-294862.9286	1032583.7870	3237300.0714	9428801502.3343	1.3080e+05
526	354712.3899	-294903.0397	1032675.3899	3237259.9603	9428801502.3343	1.3062e+05
527	354803.9928	-294943.1508	1032766.9928	3237219.8492	9428801502.3343	1.3044e+05
528	354895.5958	-294983.2620	1032858.5958	3237179.7380	9428801502.3343	1.3026e+05
529	354987.1987	-295023.3731	1032950.1987	3237139.6269	9428801502.3343	1.3007e+05
530	355078.8017	-295063.4842	1033041.8017	3237099.5158	9428801502.3343	1.2989e+05
531	355170.4046	-295103.5953	1033133.4046	3237059.4047	9428801502.3343	1.2971e+05
532	355262.0076	-295143.7064	1033225.0076	3237019.2936	9428801502.3343	1.2954e+05
533	355353.6105	-295183.8175	1033316.6105	3236979.1825	9428801502.3343	1.2936e+05
534	355445.2134	-295223.9286	1033408.2134	3236939.0714	9428801502.3343	1.2918e+05
535	355536.8164	-295264.0397	1033499.8164	3236898.9603	9428801502.3343	1.2900e+05
536	355628.4193	-295304.1508	1033591.4193	3236858.8492	9428801502.3343	1.2882e+05
537	355720.0223	-295344.2619	1033683.0223	3236818.7381	9428801502.3343	1.2864e+05
538	355811.6252	-295384.3730	1033774.6252	3236778.6270	9428801502.3343	1.2846e+05
539	355903.2282	-295424.4841	1033866.2282	3236738.5159	9428801502.3343	1.2829e+05
540	355994.8311	-295464.5953	1033957.8311	3236698.4047	9428801502.3343	1.2811e+05
541	356086.4340	-295504.7064	1034049.4340	3236658.2936	9428801502.3343	1.2793e+05
542	356178.0370	-295544.8175	1034141.0370	3236618.1825	9428801502.3343	1.2775e+05
543	356269.6399	-295584.9286	1034232.6399	3236578.0714	9428801502.3343	1.2758e+05
544	356361.2429	-295625.0397	1034324.2429	3236537.9603	9428801502.3343	1.2740e+05
545	356452.8458	-295665.1508	1034415.8458	3236497.8492	9428801502.3343	1.2723e+05
546	356544.4487	-295705.2619	1034507.4487	3236457.7381	9428801502.3343	1.2705e+05
547	356636.0517	-295745.3730	1034599.0517	3236417.6270	9428801502.3343	1.2687e+05
548	356727.6546	-295785.4841	1034690.6546	3236377.5159	9428801502.3343	1.2670e+05
549	356819.2576	-295825.5952	1034782.2576	3236337.4048	9428801502.3343	1.2652e+05
550	356910.8605	-295865.7063	1034873.8605	3236297.2937	9428801502.3343	1.2635e+05
551	357002.4635	-295905.8174	1034965.4635	3236257.1826	9428801502.3343	1.2618e+05
552	357094.0664	-295945.9286	1035057.0664	3236217.0714	9428801502.3343	1.2600e+05
553	357185.6693	-295986.0397	1035148.6693	3236176.9603	9428801502.3343	1.2583e+05
554	357277.2723	-296026.1508	1035240.2723	3236136.8492	9428801502.3343	1.2565e+05
555	357368.8752	-296066.2619	1035331.8752	3236096.7381	9428801502.3343	1.2548e+05
556	357460.4782	-296106.3730	1035423.4782	3236056.6270	9428801502.3343	1.2531e+05
557	357552.0811	-296146.4841	1035515.0811	3236016.5159	9428801502.3343	1.2514e+05
558	357643.6840	-296186.5952	1035606.6840	3235976.4048	9428801502.3343	1.2496e+05
559	357735.2870	-296226.7063	1035698.2870	3235936.2937	9428801502.3343	1.2479e+05
560	357826.8899	-296266.8174	1035789.8899	3235896.1826	9428801502.3343	1.2462e+05
561	357918.4929	-296306.9285	1035881.4929	3235856.0715	9428801502.3343	1.2445e+05
562	358010.0958	-296347.0396	1035973.0958	3235815.9604	9428801502.3343	1.2428e+05
563	358101.6988	-296387.1508	1036064.6988	3235775.8492	9428801502.3343	1.2410e+05
564	358193.3017	-296427.2619	1036156.3017	3235735.7381	9428801502.3343	1.2393e+05
565	358284.9046	-296467.3730	1036247.9046	3235695.6270	9428801502.3343	1.2376e+05
566	358376.5076	-296507.4841	1036339.5076	3235655.5159	9428801502.3343	1.2359e+05
567	358468.1105	-296547.5952	1036431.1105	3235615.4048	9428801502.3343	1.2342e+05
568	358559.7135	-296587.7063	1036522.7135	3235575.2937	9428801502.3343	1.2325e+05
569	358651.3164	-296627.8174	1036614.3164	3235535.1826	9428801502.3343	1.2308e+05
570	358742.9194	-296667.9285	1036705.9194	3235495.0715	9428801502.3343	1.2291e+05
571	358834.5223	-296708.0396	1036797.5223	3235454.9604	9428801502.3343	1.2274e+05
572	358926.1252	-296748.1507	1036889.1252	3235414.8493	9428801502.3343	1.2258e+05
573	359017.7282	-296788.2618	1036980.7282	3235374.7382	9428801502.3343	1.2241e+05
574	359109.3311	-296828.3729	1037072.3311	3235334.6271	9428801502.3343	1.2224e+05
575	359200.9341	-296868.4841	1037163.9341	3235294.5159	9428801502.3343	1.2207e+05
576	359292.5370	-296908.5952	1037255.5370	3235254.4048	9428801502.3343	1.2190e+05
577	359384.1399	-296948.7063	1037347.1399	3235214.2937	9428801502.3343	1.2174e+05
578	359475.7429	-296988.8174	1037438.7429	3235174.1826	9428801502.3343	1.2157e+05
579	359567.3458	-297028.9285	1037530.3458	3235134.0715	9428801502.3343	1.2140e+05
580	359658.9488	-297069.0396	1037621.9488	3235093.9604	9428801502.3343	1.2123e+05
581	359750.5517	-297109.1507	1037713.5517	3235053.8493	9428801502.3343	1.2107e+05
582	359842.1547	-297149.2618	1037805.1547	3235013.7382	9428801502.3343	1.2090e+05
583	359933.7576	-297189.3729	1037896.7576	3234973.6271	9428801502.3343	1.2074e+05
584	360025.3605	-297229.4840	1037988.3605	3234933.5160	9428801502.3343	1.2057e+05
585	360116.9635	-297269.5951	1038079.9635	3234893.4049	9428801502.3343	1.2040e+05
586	360208.5664	-297309.7063	1038171.5664	3234853.2937	9428801502.3343	1.2024e+05
587	360300.1694	-297349.8174	1038263.1694	3234813.1826	9428801502.3343	1.2007e+05
588	360391.7723	-297389.9285	1038354.7723	3234773.0715	9428801502.3343	1.1991e+05
589	360483.3752	-297430.0396	1038446.3752	3234732.9604	9428801502.3343	1.1974e+05
590	360574.9782	-297470.1507	1038537.9782	3234692.8493	9428801502.3343	1.1958e+05
591	360666.5811	-297510.2618	1038629.5811	3234652.7382	9428801502.3343	1.1942e+05
592	360758.1841	-297550.3729	1038721.1841	3234612.6271	9428801502.3343	1.1925e+05
593	360849.7870	-297590.4840	1038812.7870	3234572.5160	9428801502.3343	1.1909e+05
594	360941.3900	-297630.5951	1038904.3900	3234532.4049	9428801502.3343	1.1893e+05
595	361032.9929	-297670.7062	1038995.9929	3234492.2938	9428801502.3343	1.1876e+05
596	361124.5958	-297710.8173	1039087.5958	3234452.1827	9428801502.3343	1.1860e+05
597	361216.1988	-297750.9284	1039179.1988	3234412.0716	9428801502.3343	1.1844e+05
598	361307.8017	-297791.0396	1039270.8017	3234371.9604	9428801502.3343	1.1828e+05
599	361399.4047	-297831.1507	1039362.4047	3234331.8493	9428801502.3343	1.1811e+05
600	361491.0076	-297871.2618	1039454.0076	3234291.7382	9428801502.3343	1.1795e+05
601	361582.6106	-297911.3729	1039545.6106	3234251.6271	9428801502.3343	1.1779e+05
602	361674.2135	-297951.4840	1039637.2135	3234211.5160	9428801502.3343	1.1763e+05
603	361765.8164	-297991.5951	1039728.8164	3234171.4049	9428801502.3343	1.1747e+05
604	361857.4194	-298031.7062	1039820.4194	3234131.2938	9428801502.3343	1.1731e+05
605	361949.0223	-298071.8173	1039912.0223	3234091.1827	9428801502.3343	1.1715e+05
606	362040.6253	-298111.9284	1040003.6253	3234051.0716	9428801502.3343	1.1699e+05
607	362132.2282	-298152.0395	1040095.2282	3234010.9605	9428801502.3343	1.1683e+05
608	362223.8311	-298192.1506	1040186.8311	3233970.8494	9428801502.3343	1.1667e+05
609	362315.4341	-298232.2617	1040278.4341	3233930.7383	9428801502.3343	1.1651e+05
610	362407.0370	-298272.3729	1040370.0370	3233890.6271	9428801502.3343	1.1635e+05
611	362498.6400	-298312.4840	1040461.6400	3233850.5160	9428801502.3343	1.1619e+05
612	362590.2429	-298352.5951	1040553.2429	3233810.4049	9428801502.3343	1.1603e+05
613	362681.8459	-298392.7062	1040644.8459	3233770.2938	9428801502.3343	1.1587e+05
614	362773.4488	-298432.8173	1040736.4488	3233730.1827	9428801502.3343	1.1571e+05
615	362865.0517	-298472.9284	1040828.0517	3233690.0716	9428801502.3343	1.1556e+05
616	362956.6547	-298513.0395	1040919.6547	3233649.9605	9428801502.3343	1.1540e+05
617	363048.2576	-298553.1506	1041011.2576	3233609.8494	9428801502.3343	1.1524e+05
618	363139.8606	-298593.2617	1041102.8606	3233569.7383	9428801502.3343	1.1508e+05
619	363231.4635	-298633.3728	1041194.4635	3233529.6272	9428801502.3343	1.1493e+05
620	363323.0664	-298673.4839	1041286.0664	3233489.5161	9428801502.3343	1.1477e+05
621	363414.6694	-298713.5951	1041377.6694	3233449.4049	9428801502.3343	1.1461e+05
622	363506.2723	-298753.7062	1041469.2723	3233409.2938	9428801502.3343	1.1446e+05
623	363597.8753	-298793.8173	1041560.8753	3233369.1827	9428801502.3343	1.1430e+05
624	363689.4782	-298833.9284	1041652.4782	3233329.0716	9428801502.3343	1.1414e+05
625	363781.0812	-298874.0395	1041744.0812	3233288.9605	9428801502.3343	1.1399e+05
626	363872.6841	-298914.1506	1041835.6841	3233248.8494	9428801502.3343	1.1383e+05
627	363964.2870	-298954.2617	1041927.2870	3233208.7383	9428801502.3343	1.1368e+05
628	364055.8900	-298994.3728	1042018.8900	3233168.6272	9428801502.3343	1.1352e+05
629	364147.4929	-299034.4839	1042110.4929	3233128.5161	9428801502.3343	1.1337e+05
630	364239.0959	-299074.5950	1042202.0959	3233088.4050	9428801502.3343	1.1321e+05
631	364330.6988	-299114.7061	1042293.6988	3233048.2939	9428801502.3343	1.1306e+05
632	364422.3017	-299154.8172	1042385.3017	3233008.1828	9428801502.3343	1.1290e+05
633	364513.9047	-299194.9284	1042476.9047	3232968.0716	9428801502.3343	1.1275e+05
634	364605.5076	-299235.0395	1042568.5076	3232927.9605	9428801502.3343	1.1260e+05
635	364697.1106	-299275.1506	1042660.1106	3232887.8494	9428801502.3343	1.1244e+05
636	364788.7135	-299315.2617	1042751.7135	3232847.7383	9428801502.3343	1.1229e+05
637	364880.3165	-299355.3728	1042843.3165	3232807.6272	9428801502.3343	1.1214e+05
638	364971.9194	-299395.4839	1042934.9194	3232767.5161	9428801502.3343	1.1199e+05
639	365063.5223	-299435.5950	1043026.5223	3232727.4050	9428801502.3343	1.1183e+05
640	365155.1253	-299475.7061	1043118.1253	3232687.2939	9428801502.3343	1.1168e+05
641	365246.7282	-299515.8172	1043209.7282	3232647.1828	9428801502.3343	1.1153e+05
642	365338.3312	-299555.9283	1043301.3312	3232607.0717	9428801502.3343	1.1138e+05
643	365429.9341	-299596.0394	1043392.9341	3232566.9606	9428801502.3343	1.1123e+05
644	365521.5371	-299636.1506	1043484.5371	3232526.8494	9428801502.3343	1.1108e+05
645	365613.1400	-299676.2617	1043576.1400	3232486.7383	9428801502.3343	1.1092e+05
646	365704.7429	-299716.3728	1043667.7429	3232446.6272	9428801502.3343	1.1077e+05
647	365796.3459	-299756.4839	1043759.3459	3232406.5161	9428801502.3343	1.1062e+05
648	365887.9488	-299796.5950	1043850.9488	3232366.4050	9428801502.3343	1.1047e+05
649	365979.5518	-299836.7061	1043942.5518	3232326.2939	9428801502.3343	1.1032e+05
650	366071.1547	-299876.8172	1044034.1547	3232286.1828	9428801502.3343	1.1017e+05
651	366162.7576	-299916.9283	1044125.7576	3232246.0717	9428801502.3343	1.1002e+05
652	366254.3606	-299957.0394	1044217.3606	3232205.9606	9428801502.3343	1.0987e+05
653	366345.9635	-299997.1505	1044308.9635	3232165.8495	9428801502.3343	1.0972e+05
654	366437.5665	-300037.2616	1044400.5665	3232125.7384	9428801502.3343	1.0958e+05
655	366529.1694	-300077.3727	1044492.1694	3232085.6273	9428801502.3343	1.0943e+05
656	366620.7724	-300117.4839	1044583.7724	3232045.5161	9428801502.3343	1.0928e+05
657	366712.3753	-300157.5950	1044675.3753	3232005.4050	9428801502.3343	1.0913e+05
658	366803.9782	-300197.7061	1044766.9782	3231965.2939	9428801502.3343	1.0898e+05
659	366895.5812	-300237.8172	1044858.5812	3231925.1828	9428801502.3343	1.0883e+05
660	366987.1841	-300277.9283	1044950.1841	3231885.0717	9428801502.3343	1.0869e+05
661	367078.7871	-300318.0394	1045041.7871	3231844.9606	9428801502.3343	1.0854e+05
662	367170.3900	-300358.1505	1045133.3900	3231804.8495	9428801502.3343	1.0839e+05
663	367261.9929	-300398.2616	1045224.9929	3231764.7384	9428801502.3343	1.0825e+05
664	367353.5959	-300438.3727	1045316.5959	3231724.6273	9428801502.3343	1.0810e+05
665	367445.1988	-300478.4838	1045408.1988	3231684.5162	9428801502.3343	1.0795e+05
666	367536.8018	-300518.5949	1045499.8018	3231644.4051	9428801502.3343	1.0781e+05
667	367628.4047	-300558.7060	1045591.4047	3231604.2940	9428801502.3343	1.0766e+05
668	367720.0077	-300598.8172	1045683.0077	3231564.1828	9428801502.3343	1.0751e+05
669	367811.6106	-300638.9283	1045774.6106	3231524.0717	9428801502.3343	1.0737e+05
670	367903.2135	-300679.0394	1045866.2135	3231483.9606	9428801502.3343	1.0722e+05
671	367994.8165	-300719.1505	1045957.8165	3231443.8495	9428801502.3343	1.0708e+05
672	368086.4194	-300759.2616	1046049.4194	3231403.7384	9428801502.3343	1.0693e+05
673	368178.0224	-300799.3727	1046141.0224	3231363.6273	9428801502.3343	1.0679e+05
674	368269.6253	-300839.4838	1046232.6253	3231323.5162	9428801502.3343	1.0664e+05
675	368361.2283	-300879.5949	1046324.2283	3231283.4051	9428801502.3343	1.0650e+05
676	368452.8312	-300919.7060	1046415.8312	3231243.2940	9428801502.3343	1.0636e+05
677	368544.4341	-300959.8171	1046507.4341	3231203.1829	9428801502.3343	1.0621e+05
678	368636.0371	-300999.9282	1046599.0371	3231163.0718	9428801502.3343	1.0607e+05
679	368727.6400	-301040.0394	1046690.6400	3231122.9606	9428801502.3343	1.0592e+05
680	368819.2430	-301080.1505	1046782.2430	3231082.8495	9428801502.3343	1.0578e+05
681	368910.8459	-301120.2616	1046873.8459	3231042.7384	9428801502.3343	1.0564e+05
682	369002.4488	-301160.3727	1046965.4488	3231002.6273	9428801502.3343	1.0550e+05
683	369094.0518	-301200.4838	1047057.0518	3230962.5162	9428801502.3343	1.0535e+05
684	369185.6547	-301240.5949	1047148.6547	3230922.4051	9428801502.3343	1.0521e+05
685	369277.2577	-301280.7060	1047240.2577	3230882.2940	9428801502.3343	1.0507e+05
686	369368.8606	-301320.8171	1047331.8606	3230842.1829	9428801502.3343	1.0493e+05
687	369460.4636	-301360.9282	1047423.4636	3230802.0718	9428801502.3343	1.0479e+05
688	369552.0665	-301401.0393	1047515.0665	3230761.9607	9428801502.3343	1.0464e+05
689	369643.6694	-301441.1504	1047606.6694	3230721.8496	9428801502.3343	1.0450e+05
690	369735.2724	-301481.2615	1047698.2724	3230681.7385	9428801502.3343	1.0436e+05
691	369826.8753	-301521.3727	1047789.8753	3230641.6273	9428801502.3343	1.0422e+05
692	369918.4783	-301561.4838	1047881.4783	3230601.5162	9428801502.3343	1.0408e+05
693	370010.0812	-301601.5949	1047973.0812	3230561.4051	9428801502.3343	1.0394e+05
694	370101.6841	-301641.7060	1048064.6841	3230521.2940	9428801502.3343	1.0380e+05
695	370193.2871	-301681.8171	1048156.2871	3230481.1829	9428801502.3343	1.0366e+05
696	370284.8900	-301721.9282	1048247.8900	3230441.0718	9428801502.3343	1.0352e+05
697	370376.4930	-301762.0393	1048339.4930	3230400.9607	9428801502.3343	1.0338e+05
698	370468.0959	-301802.1504	1048431.0959	3230360.8496	9428801502.3343	1.0324e+05
699	370559.6989	-301842.2615	1048522.6989	3230320.7385	9428801502.3343	1.0310e+05
700	370651.3018	-301882.3726	1048614.3018	3230280.6274	9428801502.3343	1.0296e+05
701	370742.9047	-301922.4837	1048705.9047	3230240.5163	9428801502.3343	1.0282e+05
702	370834.5077	-301962.5948	1048797.5077	3230200.4052	9428801502.3343	1.0269e+05
703	370926.1106	-302002.7060	1048889.1106	3230160.2940	9428801502.3343	1.0255e+05
704	371017.7136	-302042.8171	1048980.7136	3230120.1829	9428801502.3343	1.0241e+05
705	371109.3165	-302082.9282	1049072.3165	3230080.0718	9428801502.3343	1.0227e+05
706	371200.9195	-302123.0393	1049163.9195	3230039.9607	9428801502.3343	1.0213e+05
707	371292.5224	-302163.1504	1049255.5224	3229999.8496	9428801502.3343	1.0200e+05
708	371384.1253	-302203.2615	1049347.1253	3229959.7385	9428801502.3343	1.0186e+05
709	371475.7283	-302243.3726	1049438.7283	3229919.6274	9428801502.3343	1.0172e+05
710	371567.3312	-302283.4837	1049530.3312	3229879.5163	9428801502.3343	1.0159e+05
711	371658.9342	-302323.5948	1049621.9342	3229839.4052	9428801502.3343	1.0145e+05
712	371750.5371	-302363.7059	1049713.5371	3229799.2941	9428801502.3343	1.0131e+05
713	371842.1400	-302403.8170	1049805.1400	3229759.1830	9428801502.3343	1.0118e+05
714	371933.7430	-302443.9282	1049896.7430	3229719.0718	9428801502.3343	1.0104e+05
715	372025.3459	-302484.0393	1049988.3459	3229678.9607	9428801502.3343	1.0090e+05
716	372116.9489	-302524.1504	1050079.9489	3229638.8496	9428801502.3343	1.0077e+05
717	372208.5518	-302564.2615	1050171.5518	3229598.7385	9428801502.3343	1.0063e+05
718	372300.1548	-302604.3726	1050263.1548	3229558.6274	9428801502.3343	1.0050e+05
719	372391.7577	-302644.4837	1050354.7577	3229518.5163	9428801502.3343	1.0036e+05
720	372483.3606	-302684.5948	1050446.3606	3229478.4052	9428801502.3343	1.0023e+05
721	372574.9636	-302724.7059	1050537.9636	3229438.2941	9428801502.3343	1.0009e+05
722	372666.5665	-302764.8170	1050629.5665	3229398.1830	9428801502.3343	9.9960e+04
723	372758.1695	-302804.9281	1050721.1695	3229358.0719	9428801502.3343	9.9826e+04
724	372849.7724	-302845.0392	1050812.7724	3229317.9608	9428801502.3343	9.9692e+04
725	372941.3753	-302885.1503	1050904.3753	3229277.8497	9428801502.3343	9.9558e+04
726	373032.9783	-302925.2615	1050995.9783	3229237.7385	9428801502.3343	9.9424e+04
727	373124.5812	-302965.3726	1051087.5812	3229197.6274	9428801502.3343	9.9291e+04
728	373216.1842	-303005.4837	1051179.1842	3229157.5163	9428801502.3343	9.9158e+04
729	373307.7871	-303045.5948	1051270.7871	3229117.4052	9428801502.3343	9.9025e+04
730	373399.3901	-303085.7059	1051362.3901	3229077.2941	9428801502.3343	9.8892e+04
731	373490.9930	-303125.8170	1051453.9930	3229037.1830	9428801502.3343	9.8760e+04
732	373582.5959	-303165.9281	1051545.5959	3228997.0719	9428801502.3343	9.8627e+04
733	373674.1989	-303206.0392	1051637.1989	3228956.9608	9428801502.3343	9.8495e+04
734	373765.8018	-303246.1503	1051728.8018	3228916.8497	9428801502.3343	9.8363e+04
735	373857.4048	-303286.2614	1051820.4048	3228876.7386	9428801502.3343	9.8231e+04
736	373949.0077	-303326.3725	1051912.0077	3228836.6275	9428801502.3343	9.8100e+04
737	374040.6106	-303366.4837	1052003.6106	3228796.5163	9428801502.3343	9.7968e+04
738	374132.2136	-303406.5948	1052095.2136	3228756.4052	9428801502.3343	9.7837e+04
739	374223.8165	-303446.7059	1052186.8165	3228716.2941	9428801502.3343	9.7706e+04
740	374315.4195	-303486.8170	1052278.4195	3228676.1830	9428801502.3343	9.7575e+04
741	374407.0224	-303526.9281	1052370.0224	3228636.0719	9428801502.3343	9.7445e+04
742	374498.6254	-303567.0392	1052461.6254	3228595.9608	9428801502.3343	9.7315e+04
743	374590.2283	-303607.1503	1052553.2283	3228555.8497	9428801502.3343	9.7184e+04
744	374681.8312	-303647.2614	1052644.8312	3228515.7386	9428801502.3343	9.7054e+04
745	374773.4342	-303687.3725	1052736.4342	3228475.6275	9428801502.3343	9.6925e+04
746	374865.0371	-303727.4836	1052828.0371	3228435.5164	9428801502.3343	9.6795e+04
747	374956.6401	-303767.5947	1052919.6401	3228395.4053	9428801502.3343	9.6666e+04
748	375048.2430	-303807.7058	1053011.2430	3228355.2942	9428801502.3343	9.6536e+04
749	375139.8460	-303847.8170	1053102.8460	3228315.1830	9428801502.3343	9.6407e+04
750	375231.4489	-303887.9281	1053194.4489	3228275.0719	9428801502.3343	9.6278e+04
751	375323.0518	-303928.0392	1053286.0518	3228234.9608	9428801502.3343	9.6150e+04
752	375414.6548	-303968.1503	1053377.6548	3228194.8497	9428801502.3343	9.6021e+04
753	375506.2577	-304008.2614	1053469.2577	3228154.7386	9428801502.3343	9.5893e+04
754	375597.8607	-304048.3725	1053560.8607	3228114.6275	9428801502.3343	9.5765e+04
755	375689.4636	-304088.4836	1053652.4636	3228074.5164	9428801502.3343	9.5637e+04
756	375781.0665	-304128.5947	1053744.0665	3228034.4053	9428801502.3343	9.5510e+04
757	375872.6695	-304168.7058	1053835.6695	3227994.2942	9428801502.3343	9.5382e+04
758	375964.2724	-304208.8169	1053927.2724	3227954.1831	9428801502.3343	9.5255e+04
759	376055.8754	-304248.9280	1054018.8754	3227914.0720	9428801502.3343	9.5128e+04
760	376147.4783	-304289.0391	1054110.4783	3227873.9609	9428801502.3343	9.5001e+04
761	376239.0813	-304329.1503	1054202.0813	3227833.8497	9428801502.3343	9.4874e+04
762	376330.6842	-304369.2614	1054293.6842	3227793.7386	9428801502.3343	9.4748e+04
763	376422.2871	-304409.3725	1054385.2871	3227753.6275	9428801502.3343	9.4621e+04
764	376513.8901	-304449.4836	1054476.8901	3227713.5164	9428801502.3343	9.4495e+04
765	376605.4930	-304489.5947	1054568.4930	3227673.4053	9428801502.3343	9.4369e+04
766	376697.0960	-304529.7058	1054660.0960	3227633.2942	9428801502.3343	9.4243e+04
767	376788.6989	-304569.8169	1054751.6989	3227593.1831	9428801502.3343	9.4118e+04
768	376880.3018	-304609.9280	1054843.3018	3227553.0720	9428801502.3343	9.3992e+04
769	376971.9048	-304650.0391	1054934.9048	3227512.9609	9428801502.3343	9.3867e+04
770	377063.5077	-304690.1502	1055026.5077	3227472.8498	9428801502.3343	9.3742e+04
771	377155.1107	-304730.2613	1055118.1107	3227432.7387	9428801502.3343	9.3617e+04
772	377246.7136	-304770.3725	1055209.7136	3227392.6275	9428801502.3343	9.3493e+04
773	377338.3166	-304810.4836	1055301.3166	3227352.5164	9428801502.3343	9.3368e+04
774	377429.9195	-304850.5947	1055392.9195	3227312.4053	9428801502.3343	9.3244e+04
775	377521.5224	-304890.7058	1055484.5224	3227272.2942	9428801502.3343	9.3120e+04
776	377613.1254	-304930.8169	1055576.1254	3227232.1831	9428801502.3343	9.2996e+04
777	377704.7283	-304970.9280	1055667.7283	3227192.0720	9428801502.3343	9.2872e+04
778	377796.3313	-305011.0391	1055759.3313	3227151.9609	9428801502.3343	9.2749e+04
779	377887.9342	-305051.1502	1055850.9342	3227111.8498	9428801502.3343	9.2625e+04
780	377979.5372	-305091.2613	1055942.5372	3227071.7387	9428801502.3343	9.2502e+04
781	378071.1401	-305131.3724	1056034.1401	3227031.6276	9428801502.3343	9.2379e+04
782	378162.7430	-305171.4835	1056125.7430	3226991.5165	9428801502.3343	9.2256e+04
783	378254.3460	-305211.5946	1056217.3460	3226951.4054	9428801502.3343	9.2134e+04
784	378345.9489	-305251.7058	1056308.9489	3226911.2942	9428801502.3343	9.2011e+04
785	378437.5519	-305291.8169	1056400.5519	3226871.1831	9428801502.3343	9.1889e+04
786	378529.1548	-305331.9280	1056492.1548	3226831.0720	9428801502.3343	9.1767e+04
787	378620.7577	-305372.0391	1056583.7577	3226790.9609	9428801502.3343	9.1645e+04
788	378712.3607	-305412.1502	1056675.3607	3226750.8498	9428801502.3343	9.1524e+04
789	378803.9636	-305452.2613	1056766.9636	3226710.7387	9428801502.3343	9.1402e+04
790	378895.5666	-305492.3724	1056858.5666	3226670.6276	9428801502.3343	9.1281e+04
791	378987.1695	-305532.4835	1056950.1695	3226630.5165	9428801502.3343	9.1160e+04
792	379078.7725	-305572.5946	1057041.7725	3226590.4054	9428801502.3343	9.1039e+04
793	379170.3754	-305612.7057	1057133.3754	3226550.2943	9428801502.3343	9.0918e+04
794	379261.9783	-305652.8168	1057224.9783	3226510.1832	9428801502.3343	9.0797e+04
795	379353.5813	-305692.9280	1057316.5813	3226470.0720	9428801502.3343	9.0677e+04
796	379445.1842	-305733.0391	1057408.1842	3226429.9609	9428801502.3343	9.0556e+04
797	379536.7872	-305773.1502	1057499.7872	3226389.8498	9428801502.3343	9.0436e+04
798	379628.3901	-305813.2613	1057591.3901	3226349.7387	9428801502.3343	9.0316e+04
799	379719.9930	-305853.3724	1057682.9930	3226309.6276	9428801502.3343	9.0197e+04
800	379811.5960	-305893.4835	1057774.5960	3226269.5165	9428801502.3343	9.0077e+04
801	379903.1989	-305933.5946	1057866.1989	3226229.4054	9428801502.3343	8.9958e+04
802	379994.8019	-305973.7057	1057957.8019	3226189.2943	9428801502.3343	8.9839e+04
803	380086.4048	-306013.8168	1058049.4048	3226149.1832	9428801502.3343	8.9720e+04
804	380178.0078	-306053.9279	1058141.0078	3226109.0721	9428801502.3343	8.9601e+04
805	380269.6107	-306094.0390	1058232.6107	3226068.9610	9428801502.3343	8.9482e+04
806	380361.2136	-306134.1501	1058324.2136	3226028.8499	9428801502.3343	8.9364e+04
807	380452.8166	-306174.2613	1058415.8166	3225988.7387	9428801502.3343	8.9245e+04
808	380544.4195	-306214.3724	1058507.4195	3225948.6276	9428801502.3343	8.9127e+04
809	380636.0225	-306254.4835	1058599.0225	3225908.5165	9428801502.3343	8.9009e+04
810	380727.6254	-306294.5946	1058690.6254	3225868.4054	9428801502.3343	8.8892e+04
811	380819.2284	-306334.7057	1058782.2284	3225828.2943	9428801502.3343	8.8774e+04
812	380910.8313	-306374.8168	1058873.8313	3225788.1832	9428801502.3343	8.8657e+04
813	381002.4342	-306414.9279	1058965.4342	3225748.0721	9428801502.3343	8.8539e+04
814	381094.0372	-306455.0390	1059057.0372	3225707.9610	9428801502.3343	8.8422e+04
815	381185.6401	-306495.1501	1059148.6401	3225667.8499	9428801502.3343	8.8305e+04
816	381277.2431	-306535.2612	1059240.2431	3225627.7388	9428801502.3343	8.8189e+04
817	381368.8460	-306575.3723	1059331.8460	3225587.6277	9428801502.3343	8.8072e+04
818	381460.4489	-306615.4834	1059423.4489	3225547.5166	9428801502.3343	8.7956e+04
819	381552.0519	-306655.5946	1059515.0519	3225507.4054	9428801502.3343	8.7840e+04
820	381643.6548	-306695.7057	1059606.6548	3225467.2943	9428801502.3343	8.7723e+04
821	381735.2578	-306735.8168	1059698.2578	3225427.1832	9428801502.3343	8.7608e+04
822	381826.8607	-306775.9279	1059789.8607	3225387.0721	9428801502.3343	8.7492e+04
823	381918.4637	-306816.0390	1059881.4637	3225346.9610	9428801502.3343	8.7376e+04
824	382010.0666	-306856.1501	1059973.0666	3225306.8499	9428801502.3343	8.7261e+04
825	382101.6695	-306896.2612	1060064.6695	3225266.7388	9428801502.3343	8.7146e+04
826	382193.2725	-306936.3723	1060156.2725	3225226.6277	9428801502.3343	8.7031e+04
827	382284.8754	-306976.4834	1060247.8754	3225186.5166	9428801502.3343	8.6916e+04
828	382376.4784	-307016.5945	1060339.4784	3225146.4055	9428801502.3343	8.6801e+04
829	382468.0813	-307056.7056	1060431.0813	3225106.2944	9428801502.3343	8.6687e+04
830	382559.6842	-307096.8168	1060522.6842	3225066.1832	9428801502.3343	8.6573e+04
831	382651.2872	-307136.9279	1060614.2872	3225026.0721	9428801502.3343	8.6458e+04
832	382742.8901	-307177.0390	1060705.8901	3224985.9610	9428801502.3343	8.6344e+04
833	382834.4931	-307217.1501	1060797.4931	3224945.8499	9428801502.3343	8.6231e+04
834	382926.0960	-307257.2612	1060889.0960	3224905.7388	9428801502.3343	8.6117e+04
835	383017.6990	-307297.3723	1060980.6990	3224865.6277	9428801502.3343	8.6004e+04
836	383109.3019	-307337.4834	1061072.3019	3224825.5166	9428801502.3343	8.5890e+04
837	383200.9048	-307377.5945	1061163.9048	3224785.4055	9428801502.3343	8.5777e+04
838	383292.5078	-307417.7056	1061255.5078	3224745.2944	9428801502.3343	8.5664e+04
839	383384.1107	-307457.8167	1061347.1107	3224705.1833	9428801502.3343	8.5551e+04
840	383475.7137	-307497.9278	1061438.7137	3224665.0722	9428801502.3343	8.5439e+04
841	383567.3166	-307538.0389	1061530.3166	3224624.9611	9428801502.3343	8.5326e+04
842	383658.9195	-307578.1501	1061621.9195	3224584.8499	9428801502.3343	8.5214e+04
843	383750.5225	-307618.2612	1061713.5225	3224544.7388	9428801502.3343	8.5102e+04
844	383842.1254	-307658.3723	1061805.1254	3224504.6277	9428801502.3343	8.4990e+04
845	383933.7284	-307698.4834	1061896.7284	3224464.5166	9428801502.3343	8.4878e+04
846	384025.3313	-307738.5945	1061988.3313	3224424.4055	9428801502.3343	8.4766e+04
847	384116.9343	-307778.7056	1062079.9343	3224384.2944	9428801502.3343	8.4655e+04
848	384208.5372	-307818.8167	1062171.5372	3224344.1833	9428801502.3343	8.4544e+04
849	384300.1401	-307858.9278	1062263.1401	3224304.0722	9428801502.3343	8.4432e+04
850	384391.7431	-307899.0389	1062354.7431	3224263.9611	9428801502.3343	8.4322e+04
851	384483.3460	-307939.1500	1062446.3460	3224223.8500	9428801502.3343	8.4211e+04
852	384574.9490	-307979.2611	1062537.9490	3224183.7389	9428801502.3343	8.4100e+04
853	384666.5519	-308019.3722	1062629.5519	3224143.6278	9428801502.3343	8.3990e+04
854	384758.1549	-308059.4834	1062721.1549	3224103.5166	9428801502.3343	8.3879e+04
855	384849.7578	-308099.5945	1062812.7578	3224063.4055	9428801502.3343	8.3769e+04
856	384941.3607	-308139.7056	1062904.3607	3224023.2944	9428801502.3343	8.3659e+04
857	385032.9637	-308179.8167	1062995.9637	3223983.1833	9428801502.3343	8.3549e+04
858	385124.5666	-308219.9278	1063087.5666	3223943.0722	9428801502.3343	8.3440e+04
859	385216.1696	-308260.0389	1063179.1696	3223902.9611	9428801502.3343	8.3330e+04
860	385307.7725	-308300.1500	1063270.7725	3223862.8500	9428801502.3343	8.3221e+04
861	385399.3754	-308340.2611	1063362.3754	3223822.7389	9428801502.3343	8.3112e+04
862	385490.9784	-308380.3722	1063453.9784	3223782.6278	9428801502.3343	8.3003e+04
863	385582.5813	-308420.4833	1063545.5813	3223742.5167	9428801502.3343	8.2894e+04
864	385674.1843	-308460.5944	1063637.1843	3223702.4056	9428801502.3343	8.2785e+04
865	385765.7872	-308500.7056	1063728.7872	3223662.2944	9428801502.3343	8.2676e+04
866	385857.3902	-308540.8167	1063820.3902	3223622.1833	9428801502.3343	8.2568e+04
867	385948.9931	-308580.9278	1063911.9931	3223582.0722	9428801502.3343	8.2460e+04
868	386040.5960	-308621.0389	1064003.5960	3223541.9611	9428801502.3343	8.2352e+04
869	386132.1990	-308661.1500	1064095.1990	3223501.8500	9428801502.3343	8.2244e+04
870	386223.8019	-308701.2611	1064186.8019	3223461.7389	9428801502.3343	8.2136e+04
871	386315.4049	-308741.3722	1064278.4049	3223421.6278	9428801502.3343	8.2029e+04
872	386407.0078	-308781.4833	1064370.0078	3223381.5167	9428801502.3343	8.1921e+04
873	386498.6107	-308821.5944	1064461.6107	3223341.4056	9428801502.3343	8.1814e+04
874	386590.2137	-308861.7055	1064553.2137	3223301.2945	9428801502.3343	8.1707e+04
875	386681.8166	-308901.8166	1064644.8166	3223261.1834	9428801502.3343	8.1600e+04
876	386773.4196	-308941.9277	1064736.4196	3223221.0723	9428801502.3343	8.1493e+04
877	386865.0225	-308982.0389	1064828.0225	3223180.9611	9428801502.3343	8.1386e+04
878	386956.6255	-309022.1500	1064919.6255	3223140.8500	9428801502.3343	8.1280e+04
879	387048.2284	-309062.2611	1065011.2284	3223100.7389	9428801502.3343	8.1174e+04
880	387139.8313	-309102.3722	1065102.8313	3223060.6278	9428801502.3343	8.1067e+04
881	387231.4343	-309142.4833	1065194.4343	3223020.5167	9428801502.3343	8.0961e+04
882	387323.0372	-309182.5944	1065286.0372	3222980.4056	9428801502.3343	8.0855e+04
883	387414.6402	-309222.7055	1065377.6402	3222940.2945	9428801502.3343	8.0750e+04
884	387506.2431	-309262.8166	1065469.2431	3222900.1834	9428801502.3343	8.0644e+04
885	387597.8461	-309302.9277	1065560.8461	3222860.0723	9428801502.3343	8.0539e+04
886	387689.4490	-309343.0388	1065652.4490	3222819.9612	9428801502.3343	8.0434e+04
887	387781.0519	-309383.1499	1065744.0519	3222779.8501	9428801502.3343	8.0329e+04
888	387872.6549	-309423.2611	1065835.6549	3222739.7389	9428801502.3343	8.0224e+04
889	387964.2578	-309463.3722	1065927.2578	3222699.6278	9428801502.3343	8.0119e+04
890	388055.8608	-309503.4833	1066018.8608	3222659.5167	9428801502.3343	8.0014e+04
891	388147.4637	-309543.5944	1066110.4637	3222619.4056	9428801502.3343	7.9910e+04
892	388239.0666	-309583.7055	1066202.0666	3222579.2945	9428801502.3343	7.9806e+04
893	388330.6696	-309623.8166	1066293.6696	3222539.1834	9428801502.3343	7.9701e+04
894	388422.2725	-309663.9277	1066385.2725	3222499.0723	9428801502.3343	7.9597e+04
895	388513.8755	-309704.0388	1066476.8755	3222458.9612	9428801502.3343	7.9494e+04
896	388605.4784	-309744.1499	1066568.4784	3222418.8501	9428801502.3343	7.9390e+04
897	388697.0814	-309784.2610	1066660.0814	3222378.7390	9428801502.3343	7.9286e+04
898	388788.6843	-309824.3721	1066751.6843	3222338.6279	9428801502.3343	7.9183e+04
899	388880.2872	-309864.4832	1066843.2872	3222298.5168	9428801502.3343	7.9080e+04
900	388971.8902	-309904.5944	1066934.8902	3222258.4056	9428801502.3343	7.8977e+04
901	389063.4931	-309944.7055	1067026.4931	3222218.2945	9428801502.3343	7.8874e+04
902	389155.0961	-309984.8166	1067118.0961	3222178.1834	9428801502.3343	7.8771e+04
903	389246.6990	-310024.9277	1067209.6990	3222138.0723	9428801502.3343	7.8668e+04
904	389338.3019	-310065.0388	1067301.3019	3222097.9612	9428801502.3343	7.8566e+04
905	389429.9049	-310105.1499	1067392.9049	3222057.8501	9428801502.3343	7.8463e+04
906	389521.5078	-310145.2610	1067484.5078	3222017.7390	9428801502.3343	7.8361e+04
907	389613.1108	-310185.3721	1067576.1108	3221977.6279	9428801502.3343	7.8259e+04
908	389704.7137	-310225.4832	1067667.7137	3221937.5168	9428801502.3343	7.8157e+04
909	389796.3167	-310265.5943	1067759.3167	3221897.4057	9428801502.3343	7.8056e+04
910	389887.9196	-310305.7054	1067850.9196	3221857.2946	9428801502.3343	7.7954e+04
911	389979.5225	-310345.8165	1067942.5225	3221817.1835	9428801502.3343	7.7853e+04
912	390071.1255	-310385.9277	1068034.1255	3221777.0723	9428801502.3343	7.7751e+04
913	390162.7284	-310426.0388	1068125.7284	3221736.9612	9428801502.3343	7.7650e+04
914	390254.3314	-310466.1499	1068217.3314	3221696.8501	9428801502.3343	7.7549e+04
915	390345.9343	-310506.2610	1068308.9343	3221656.7390	9428801502.3343	7.7448e+04
916	390437.5373	-310546.3721	1068400.5373	3221616.6279	9428801502.3343	7.7348e+04
917	390529.1402	-310586.4832	1068492.1402	3221576.5168	9428801502.3343	7.7247e+04
918	390620.7431	-310626.5943	1068583.7431	3221536.4057	9428801502.3343	7.7147e+04
919	390712.3461	-310666.7054	1068675.3461	3221496.2946	9428801502.3343	7.7046e+04
920	390803.9490	-310706.8165	1068766.9490	3221456.1835	9428801502.3343	7.6946e+04
921	390895.5520	-310746.9276	1068858.5520	3221416.0724	9428801502.3343	7.6846e+04
922	390987.1549	-310787.0387	1068950.1549	3221375.9613	9428801502.3343	7.6747e+04
923	391078.7578	-310827.1499	1069041.7578	3221335.8501	9428801502.3343	7.6647e+04
924	391170.3608	-310867.2610	1069133.3608	3221295.7390	9428801502.3343	7.6547e+04
925	391261.9637	-310907.3721	1069224.9637	3221255.6279	9428801502.3343	7.6448e+04
926	391353.5667	-310947.4832	1069316.5667	3221215.5168	9428801502.3343	7.6349e+04
927	391445.1696	-310987.5943	1069408.1696	3221175.4057	9428801502.3343	7.6250e+04
928	391536.7726	-311027.7054	1069499.7726	3221135.2946	9428801502.3343	7.6151e+04
929	391628.3755	-311067.8165	1069591.3755	3221095.1835	9428801502.3343	7.6052e+04
930	391719.9784	-311107.9276	1069682.9784	3221055.0724	9428801502.3343	7.5953e+04
931	391811.5814	-311148.0387	1069774.5814	3221014.9613	9428801502.3343	7.5855e+04
932	391903.1843	-311188.1498	1069866.1843	3220974.8502	9428801502.3343	7.5757e+04
933	391994.7873	-311228.2609	1069957.7873	3220934.7391	9428801502.3343	7.5658e+04
934	392086.3902	-311268.3720	1070049.3902	3220894.6280	9428801502.3343	7.5560e+04
935	392177.9931	-311308.4832	1070140.9931	3220854.5168	9428801502.3343	7.5462e+04
936	392269.5961	-311348.5943	1070232.5961	3220814.4057	9428801502.3343	7.5365e+04
937	392361.1990	-311388.7054	1070324.1990	3220774.2946	9428801502.3343	7.5267e+04
938	392452.8020	-311428.8165	1070415.8020	3220734.1835	9428801502.3343	7.5169e+04
939	392544.4049	-311468.9276	1070507.4049	3220694.0724	9428801502.3343	7.5072e+04
940	392636.0079	-311509.0387	1070599.0079	3220653.9613	9428801502.3343	7.4975e+04
941	392727.6108	-311549.1498	1070690.6108	3220613.8502	9428801502.3343	7.4878e+04
942	392819.2137	-311589.2609	1070782.2137	3220573.7391	9428801502.3343	7.4781e+04
943	392910.8167	-311629.3720	1070873.8167	3220533.6280	9428801502.3343	7.4684e+04
944	393002.4196	-311669.4831	1070965.4196	3220493.5169	9428801502.3343	7.4587e+04
945	393094.0226	-311709.5942	1071057.0226	3220453.4058	9428801502.3343	7.4491e+04
946	393185.6255	-311749.7054	1071148.6255	3220413.2946	9428801502.3343	7.4395e+04
947	393277.2284	-311789.8165	1071240.2284	3220373.1835	9428801502.3343	7.4298e+04
948	393368.8314	-311829.9276	1071331.8314	3220333.0724	9428801502.3343	7.4202e+04
949	393460.4343	-311870.0387	1071423.4343	3220292.9613	9428801502.3343	7.4106e+04
950	393552.0373	-311910.1498	1071515.0373	3220252.8502	9428801502.3343	7.4011e+04
951	393643.6402	-311950.2609	1071606.6402	3220212.7391	9428801502.3343	7.3915e+04
952	393735.2432	-311990.3720	1071698.2432	3220172.6280	9428801502.3343	7.3819e+04
953	393826.8461	-312030.4831	1071789.8461	3220132.5169	9428801502.3343	7.3724e+04
954	393918.4490	-312070.5942	1071881.4490	3220092.4058	9428801502.3343	7.3629e+04
955	394010.0520	-312110.7053	1071973.0520	3220052.2947	9428801502.3343	7.3534e+04
956	394101.6549	-312150.8164	1072064.6549	3220012.1836	9428801502.3343	7.3439e+04
957	394193.2579	-312190.9275	1072156.2579	3219972.0725	9428801502.3343	7.3344e+04
958	394284.8608	-312231.0387	1072247.8608	3219931.9613	9428801502.3343	7.3249e+04
959	394376.4638	-312271.1498	1072339.4638	3219891.8502	9428801502.3343	7.3155e+04
960	394468.0667	-312311.2609	1072431.0667	3219851.7391	9428801502.3343	7.3060e+04
961	394559.6696	-312351.3720	1072522.6696	3219811.6280	9428801502.3343	7.2966e+04
962	394651.2726	-312391.4831	1072614.2726	3219771.5169	9428801502.3343	7.2872e+04
963	394742.8755	-312431.5942	1072705.8755	3219731.4058	9428801502.3343	7.2778e+04
964	394834.4785	-312471.7053	1072797.4785	3219691.2947	9428801502.3343	7.2684e+04
965	394926.0814	-312511.8164	1072889.0814	3219651.1836	9428801502.3343	7.2590e+04
966	395017.6843	-312551.9275	1072980.6843	3219611.0725	9428801502.3343	7.2497e+04
967	395109.2873	-312592.0386	1073072.2873	3219570.9614	9428801502.3343	7.2403e+04
968	395200.8902	-312632.1497	1073163.8902	3219530.8503	9428801502.3343	7.2310e+04
969	395292.4932	-312672.2608	1073255.4932	3219490.7392	9428801502.3343	7.2217e+04
970	395384.0961	-312712.3720	1073347.0961	3219450.6280	9428801502.3343	7.2124e+04
971	395475.6991	-312752.4831	1073438.6991	3219410.5169	9428801502.3343	7.2031e+04
972	395567.3020	-312792.5942	1073530.3020	3219370.4058	9428801502.3343	7.1938e+04
973	395658.9049	-312832.7053	1073621.9049	3219330.2947	9428801502.3343	7.1845e+04
974	395750.5079	-312872.8164	1073713.5079	3219290.1836	9428801502.3343	7.1753e+04
975	395842.1108	-312912.9275	1073805.1108	3219250.0725	9428801502.3343	7.1660e+04
976	395933.7138	-312953.0386	1073896.7138	3219209.9614	9428801502.3343	7.1568e+04
977	396025.3167	-312993.1497	1073988.3167	3219169.8503	9428801502.3343	7.1476e+04
978	396116.9196	-313033.2608	1074079.9196	3219129.7392	9428801502.3343	7.1384e+04
979	396208.5226	-313073.3719	1074171.5226	3219089.6281	9428801502.3343	7.1292e+04
980	396300.1255	-313113.4830	1074263.1255	3219049.5170	9428801502.3343	7.1201e+04
981	396391.7285	-313153.5942	1074354.7285	3219009.4058	9428801502.3343	7.1109e+04
982	396483.3314	-313193.7053	1074446.3314	3218969.2947	9428801502.3343	7.1018e+04
983	396574.9344	-313233.8164	1074537.9344	3218929.1836	9428801502.3343	7.0926e+04
984	396666.5373	-313273.9275	1074629.5373	3218889.0725	9428801502.3343	7.0835e+04
985	396758.1402	-313314.0386	1074721.1402	3218848.9614	9428801502.3343	7.0744e+04
986	396849.7432	-313354.1497	1074812.7432	3218808.8503	9428801502.3343	7.0653e+04
987	396941.3461	-313394.2608	1074904.3461	3218768.7392	9428801502.3343	7.0562e+04
988	397032.9491	-313434.3719	1074995.9491	3218728.6281	9428801502.3343	7.0472e+04
989	397124.5520	-313474.4830	1075087.5520	3218688.5170	9428801502.3343	7.0381e+04
990	397216.1550	-313514.5941	1075179.1550	3218648.4059	9428801502.3343	7.0291e+04
991	397307.7579	-313554.7052	1075270.7579	3218608.2948	9428801502.3343	7.0201e+04
992	397399.3608	-313594.8163	1075362.3608	3218568.1837	9428801502.3343	7.0110e+04
993	397490.9638	-313634.9275	1075453.9638	3218528.0725	9428801502.3343	7.0020e+04
994	397582.5667	-313675.0386	1075545.5667	3218487.9614	9428801502.3343	6.9931e+04
995	397674.1697	-313715.1497	1075637.1697	3218447.8503	9428801502.3343	6.9841e+04
996	397765.7726	-313755.2608	1075728.7726	3218407.7392	9428801502.3343	6.9751e+04
997	397857.3755	-313795.3719	1075820.3755	3218367.6281	9428801502.3343	6.9662e+04
998	397948.9785	-313835.4830	1075911.9785	3218327.5170	9428801502.3343	6.9573e+04
999	398040.5814	-313875.5941	1076003.5814	3218287.4059	9428801502.3343	6.9483e+04
