i	x_from_vent	y_from_vent	x_coord	y_coord	cloud_sigma2	mass_released
0	344.9839	-509.8491	678307.9839	3531653.1509	207716.7829	1.7927e+07
1	406.6514	-612.8214	678369.6514	3531550.1786	244238.6397	1.6387e+07
2	475.8607	-727.2013	678438.8607	3531435.7987	285007.6774	1.4981e+07
3	552.6639	-846.6355	678515.6639	3531316.3645	331671.6537	1.3696e+07
4	636.6462	-968.6232	678599.6462	3531194.3768	385753.4782	1.2522e+07
5	727.0538	-1091.7867	678690.0538	3531071.2133	447711.3430	1.1450e+07
6	823.0534	-1215.1175	678786.0534	3530947.8825	517359.0884	1.0471e+07
7	924.7482	-1337.9700	678887.7482	3530825.0300	594099.4943	9.5760e+06
8	1030.9495	-1458.9969	678993.9495	3530704.0031	676724.1351	8.7583e+06
9	1139.7475	-1577.6348	679102.7475	3530585.3652	764173.3934	8.0110e+06
10	1251.1035	-1693.4974	679214.1035	3530469.5026	855838.3848	7.3280e+06
11	1365.1743	-1806.2091	679328.1743	3530356.7909	951355.3150	6.7038e+06
12	1480.4858	-1916.3255	679443.4858	3530246.6745	1050379.0599	6.1332e+06
13	1598.2962	-2023.1603	679561.2962	3530139.8397	1152523.9262	5.6116e+06
14	1717.1763	-2127.3237	679680.1763	3530035.6763	1257448.9033	5.1347e+06
15	1837.6378	-2228.5136	679800.6378	3529934.4864	1364790.5759	4.6988e+06
16	1959.2247	-2326.8913	679922.2247	3529836.1087	1474207.6492	4.3002e+06
17	2081.8636	-2422.4852	680044.8636	3529740.5148	1585361.3292	3.9356e+06
18	2205.3715	-2515.3297	680168.3715	3529647.6703	1697922.3784	3.6023e+06
19	2329.7386	-2605.4197	680292.7386	3529557.5803	1811567.1058	3.2974e+06
20	2454.4450	-2693.0519	680417.4450	3529469.9481	1925987.3367	3.0186e+06
21	2580.1112	-2777.7627	680543.1112	3529385.2373	2040864.6501	2.7635e+06
22	2705.3816	-2860.5366	680668.3816	3529302.4634	2155919.2181	2.5302e+06
23	2831.9029	-2940.0455	680794.9029	3529222.9545	2270830.2120	2.3168e+06
24	2957.9427	-3017.6714	680920.9427	3529145.3286	2385338.4142	2.1215e+06
25	3084.1037	-3092.8763	681047.1037	3529070.1237	2499153.4711	1.9428e+06
26	3210.5203	-3165.5361	681173.5203	3528997.4639	2611999.6374	1.7793e+06
27	3336.2815	-3236.4441	681299.2815	3528926.5559	2723625.3319	1.6297e+06
28	3462.1856	-3304.9829	681425.1856	3528858.0171	2833758.2095	1.4927e+06
29	3587.8367	-3371.4583	681550.8367	3528791.5417	2942214.2755	1.3674e+06
30	3712.6122	-3436.4432	681675.6122	3528726.5568	3045566.0831	1.2527e+06
31	3836.8140	-3500.1514	681799.8140	3528662.8486	3150593.9750	1.1476e+06
32	3960.4848	-3562.6019	681923.4848	3528600.3981	3253634.6449	1.0515e+06
33	4083.0201	-3624.0552	682046.0201	3528538.9448	3354532.3274	9.6348e+05
34	4204.4262	-3684.5301	682167.4262	3528478.4699	3453133.8994	8.8289e+05
35	4325.4488	-3743.9218	682288.4488	3528419.0782	3549284.6765	8.0910e+05
36	4445.4827	-3802.3509	682408.4827	3528360.6491	3642864.2401	7.4152e+05
37	4564.3649	-3859.8641	682527.3649	3528303.1359	3733754.0725	6.7964e+05
38	4682.1018	-3916.4796	682645.1018	3528246.5204	3821841.6298	6.2296e+05
39	4799.0162	-3972.1528	682762.0162	3528190.8472	3907017.0804	5.7105e+05
40	4915.1845	-4026.8876	682878.1845	3528136.1124	3989182.6819	5.2350e+05
41	5030.1863	-4080.7854	682993.1863	3528082.2146	4068256.6979	4.7994e+05
42	5144.0269	-4133.8633	683107.0269	3528029.1367	4144156.6784	4.4003e+05
43	5256.7109	-4186.1382	683219.7109	3527976.8618	4216806.5996	4.0347e+05
44	5368.2426	-4237.6267	683331.2426	3527925.3733	4286136.5293	3.6997e+05
45	5478.9944	-4288.2608	683441.9944	3527874.7392	4352075.7923	3.3927e+05
46	5588.7174	-4338.1141	683551.7174	3527824.8859	4414570.2728	3.1114e+05
47	5697.2638	-4387.2366	683660.2638	3527775.7634	4473569.3733	2.8536e+05
48	5804.6365	-4435.6435	683767.6365	3527727.3565	4529024.9455	2.6174e+05
49	5910.8376	-4483.3497	683873.8376	3527679.6503	4580893.8003	2.4008e+05
50	6015.8690	-4530.3700	683978.8690	3527632.6300	4629137.5610	2.2023e+05
51	6119.7321	-4576.7188	684082.7321	3527586.2812	4673722.5368	2.0204e+05
52	6222.4278	-4622.4101	684185.4278	3527540.5899	4714619.6127	1.8536e+05
53	6323.9567	-4667.4579	684286.9567	3527495.5421	4751804.1558	1.7006e+05
54	6424.3188	-4711.8758	684387.3188	3527451.1242	4785255.9342	1.5604e+05
55	6518.7339	-4753.5169	684481.7339	3527409.4831	4814559.2397	1.4318e+05
56	6611.4290	-4794.3048	684574.4290	3527368.6952	4840056.0533	1.3139e+05
57	6703.9460	-4834.9495	684666.9460	3527328.0505	4861868.0245	1.2058e+05
58	6796.2753	-4875.4600	684759.2753	3527287.5400	4879991.2501	1.1067e+05
59	6888.4073	-4915.8450	684851.4073	3527247.1550	4894426.0210	1.0157e+05
60	6980.3328	-4956.1133	684943.3328	3527206.8867	4905176.7962	9.3231e+04
61	7072.0424	-4996.2736	685035.0424	3527166.7264	4912252.1839	8.5579e+04
62	7163.6453	-5036.3847	685126.6453	3527126.6153	4912252.1839	7.8560e+04
63	7255.2483	-5076.4958	685218.2483	3527086.5042	4912252.1839	7.2121e+04
64	7346.8512	-5116.6069	685309.8512	3527046.3931	4912252.1839	6.6214e+04
65	7438.4541	-5156.7180	685401.4541	3527006.2820	4912252.1839	6.0794e+04
66	7530.0571	-5196.8291	685493.0571	3526966.1709	4912252.1839	5.5820e+04
67	7621.6600	-5236.9402	685584.6600	3526926.0598	4912252.1839	5.1256e+04
68	7713.2630	-5277.0513	685676.2630	3526885.9487	4912252.1839	4.7068e+04
69	7804.8659	-5317.1624	685767.8659	3526845.8376	4912252.1839	4.3225e+04
70	7896.4689	-5357.2735	685859.4689	3526805.7265	4912252.1839	3.9698e+04
71	7988.0718	-5397.3846	685951.0718	3526765.6154	4912252.1839	3.6460e+04
72	8079.6747	-5437.4958	686042.6747	3526725.5042	4912252.1839	3.3488e+04
73	8171.2777	-5477.6069	686134.2777	3526685.3931	4912252.1839	3.0760e+04
74	8262.8806	-5517.7180	686225.8806	3526645.2820	4912252.1839	2.8256e+04
75	8354.4836	-5557.8291	686317.4836	3526605.1709	4912252.1839	2.5957e+04
76	8446.0865	-5597.9402	686409.0865	3526565.0598	4912252.1839	2.3847e+04
77	8537.6894	-5638.0513	686500.6894	3526524.9487	4912252.1839	2.1909e+04
78	8629.2924	-5678.1624	686592.2924	3526484.8376	4912252.1839	2.0129e+04
79	8720.8953	-5718.2735	686683.8953	3526444.7265	4912252.1839	1.8495e+04
80	8812.4983	-5758.3846	686775.4983	3526404.6154	4912252.1839	1.6995e+04
81	8904.1012	-5798.4957	686867.1012	3526364.5043	4912252.1839	1.5617e+04
82	8995.7042	-5838.6068	686958.7042	3526324.3932	4912252.1839	1.4351e+04
83	9087.3071	-5878.7179	687050.3071	3526284.2821	4912252.1839	1.3189e+04
84	9178.9100	-5918.8291	687141.9100	3526244.1709	4912252.1839	1.2121e+04
85	9270.5130	-5958.9402	687233.5130	3526204.0598	4912252.1839	1.1141e+04
86	9362.1159	-5999.0513	687325.1159	3526163.9487	4912252.1839	1.0240e+04
87	9453.7189	-6039.1624	687416.7189	3526123.8376	4912252.1839	9.4125e+03
88	9545.3218	-6079.2735	687508.3218	3526083.7265	4912252.1839	8.6523e+03
89	9636.9248	-6119.3846	687599.9248	3526043.6154	4912252.1839	7.9538e+03
90	9728.5277	-6159.4957	687691.5277	3526003.5043	4912252.1839	7.3121e+03
91	9820.1306	-6199.6068	687783.1306	3525963.3932	4912252.1839	6.7224e+03
92	9911.7336	-6239.7179	687874.7336	3525923.2821	4912252.1839	6.1806e+03
93	10003.3365	-6279.8290	687966.3365	3525883.1710	4912252.1839	5.6827e+03
94	10094.9395	-6319.9401	688057.9395	3525843.0599	4912252.1839	5.2251e+03
95	10186.5424	-6360.0513	688149.5424	3525802.9487	4912252.1839	4.8047e+03
96	10278.1453	-6400.1624	688241.1453	3525762.8376	4912252.1839	4.4182e+03
97	10369.7483	-6440.2735	688332.7483	3525722.7265	4912252.1839	4.0630e+03
98	10461.3512	-6480.3846	688424.3512	3525682.6154	4912252.1839	3.7365e+03
99	10552.9542	-6520.4957	688515.9542	3525642.5043	4912252.1839	3.4364e+03
100	10644.5571	-6560.6068	688607.5571	3525602.3932	4912252.1839	3.1606e+03
101	10736.1601	-6600.7179	688699.1601	3525562.2821	4912252.1839	2.9070e+03
102	10827.7630	-6640.8290	688790.7630	3525522.1710	4912252.1839	2.6738e+03
103	10919.3659	-6680.9401	688882.3659	3525482.0599	4912252.1839	2.4595e+03
104	11010.9689	-6721.0512	688973.9689	3525441.9488	4912252.1839	2.2624e+03
105	11102.5718	-6761.1623	689065.5718	3525401.8377	4912252.1839	2.0812e+03
106	11194.1748	-6801.2734	689157.1748	3525361.7266	4912252.1839	1.9146e+03
107	11285.7777	-6841.3846	689248.7777	3525321.6154	4912252.1839	1.7615e+03
108	11377.3806	-6881.4957	689340.3806	3525281.5043	4912252.1839	1.6206e+03
109	11468.9836	-6921.6068	689431.9836	3525241.3932	4912252.1839	1.4910e+03
110	11560.5865	-6961.7179	689523.5865	3525201.2821	4912252.1839	1.3719e+03
111	11652.1895	-7001.8290	689615.1895	3525161.1710	4912252.1839	1.2623e+03
112	11743.7924	-7041.9401	689706.7924	3525121.0599	4912252.1839	1.1616e+03
113	11835.3954	-7082.0512	689798.3954	3525080.9488	4912252.1839	1.0689e+03
114	11926.9983	-7122.1623	689889.9983	3525040.8377	4912252.1839	9.8362e+02
115	12018.6012	-7162.2734	689981.6012	3525000.7266	4912252.1839	9.0520e+02
116	12110.2042	-7202.3845	690073.2042	3524960.6155	4912252.1839	8.3307e+02
117	12201.8071	-7242.4956	690164.8071	3524920.5044	4912252.1839	7.6671e+02
118	12293.4101	-7282.6067	690256.4101	3524880.3933	4912252.1839	7.0566e+02
119	12385.0130	-7322.7179	690348.0130	3524840.2821	4912252.1839	6.4949e+02
120	12476.6159	-7362.8290	690439.6159	3524800.1710	4912252.1839	5.9782e+02
121	12568.2189	-7402.9401	690531.2189	3524760.0599	4912252.1839	5.5028e+02
122	12659.8218	-7443.0512	690622.8218	3524719.9488	4912252.1839	5.0654e+02
123	12751.4248	-7483.1623	690714.4248	3524679.8377	4912252.1839	4.6629e+02
124	12843.0277	-7523.2734	690806.0277	3524639.7266	4912252.1839	4.2925e+02
125	12934.6307	-7563.3845	690897.6307	3524599.6155	4912252.1839	3.9517e+02
126	13026.2336	-7603.4956	690989.2336	3524559.5044	4912252.1839	3.6381e+02
127	13117.8365	-7643.6067	691080.8365	3524519.3933	4912252.1839	3.3494e+02
128	13209.4395	-7683.7178	691172.4395	3524479.2822	4912252.1839	3.0838e+02
129	13301.0424	-7723.8289	691264.0424	3524439.1711	4912252.1839	2.8393e+02
130	13392.6454	-7763.9401	691355.6454	3524399.0599	4912252.1839	2.6143e+02
131	13484.2483	-7804.0512	691447.2483	3524358.9488	4912252.1839	2.4073e+02
132	13575.8513	-7844.1623	691538.8513	3524318.8377	4912252.1839	2.2166e+02
133	13667.4542	-7884.2734	691630.4542	3524278.7266	4912252.1839	2.0412e+02
134	13759.0571	-7924.3845	691722.0571	3524238.6155	4912252.1839	1.8797e+02
135	13850.6601	-7964.4956	691813.6601	3524198.5044	4912252.1839	1.7310e+02
136	13942.2630	-8004.6067	691905.2630	3524158.3933	4912252.1839	1.5941e+02
137	14033.8660	-8044.7178	691996.8660	3524118.2822	4912252.1839	1.4681e+02
138	14125.4689	-8084.8289	692088.4689	3524078.1711	4912252.1839	1.3521e+02
139	14217.0718	-8124.9400	692180.0718	3524038.0600	4912252.1839	1.2453e+02
140	14308.6748	-8165.0511	692271.6748	3523997.9489	4912252.1839	1.1470e+02
141	14400.2777	-8205.1622	692363.2777	3523957.8378	4912252.1839	1.0565e+02
142	14491.8807	-8245.2734	692454.8807	3523917.7266	4912252.1839	9.7313e+01
143	14583.4836	-8285.3845	692546.4836	3523877.6155	4912252.1839	8.9638e+01
144	14675.0866	-8325.4956	692638.0866	3523837.5044	4912252.1839	8.2570e+01
145	14766.6895	-8365.6067	692729.6895	3523797.3933	4912252.1839	7.6062e+01
146	14858.2924	-8405.7178	692821.2924	3523757.2822	4912252.1839	7.0069e+01
147	14949.8954	-8445.8289	692912.8954	3523717.1711	4912252.1839	6.4550e+01
148	15041.4983	-8485.9400	693004.4983	3523677.0600	4912252.1839	5.9467e+01
149	15133.1013	-8526.0511	693096.1013	3523636.9489	4912252.1839	5.4786e+01
150	15224.7042	-8566.1622	693187.7042	3523596.8378	4912252.1839	5.0475e+01
151	15316.3071	-8606.2733	693279.3071	3523556.7267	4912252.1839	4.6504e+01
152	15407.9101	-8646.3844	693370.9101	3523516.6156	4912252.1839	4.2847e+01
153	15499.5130	-8686.4956	693462.5130	3523476.5044	4912252.1839	3.9478e+01
154	15591.1160	-8726.6067	693554.1160	3523436.3933	4912252.1839	3.6376e+01
155	15682.7189	-8766.7178	693645.7189	3523396.2822	4912252.1839	3.3518e+01
156	15774.3219	-8806.8289	693737.3219	3523356.1711	4912252.1839	3.0885e+01
157	15865.9248	-8846.9400	693828.9248	3523316.0600	4912252.1839	2.8460e+01
158	15957.5277	-8887.0511	693920.5277	3523275.9489	4912252.1839	2.6226e+01
159	16049.1307	-8927.1622	694012.1307	3523235.8378	4912252.1839	2.4168e+01
160	16140.7336	-8967.2733	694103.7336	3523195.7267	4912252.1839	2.2272e+01
161	16232.3366	-9007.3844	694195.3366	3523155.6156	4912252.1839	2.0525e+01
162	16323.9395	-9047.4955	694286.9395	3523115.5045	4912252.1839	1.8916e+01
163	16415.5425	-9087.6066	694378.5425	3523075.3934	4912252.1839	1.7434e+01
164	16507.1454	-9127.7177	694470.1454	3523035.2823	4912252.1839	1.6067e+01
165	16598.7483	-9167.8289	694561.7483	3522995.1711	4912252.1839	1.4809e+01
166	16690.3513	-9207.9400	694653.3513	3522955.0600	4912252.1839	1.3649e+01
167	16781.9542	-9248.0511	694744.9542	3522914.9489	4912252.1839	1.2580e+01
168	16873.5572	-9288.1622	694836.5572	3522874.8378	4912252.1839	1.1596e+01
169	16965.1601	-9328.2733	694928.1601	3522834.7267	4912252.1839	1.0688e+01
170	17056.7630	-9368.3844	695019.7630	3522794.6156	4912252.1839	9.8523e+00
171	17148.3660	-9408.4955	695111.3660	3522754.5045	4912252.1839	9.0818e+00
172	17239.9689	-9448.6066	695202.9689	3522714.3934	4912252.1839	8.3718e+00
173	17331.5719	-9488.7177	695294.5719	3522674.2823	4912252.1839	7.7174e+00
174	17423.1748	-9528.8288	695386.1748	3522634.1712	4912252.1839	7.1143e+00
175	17514.7778	-9568.9399	695477.7778	3522594.0601	4912252.1839	6.5585e+00
176	17606.3807	-9609.0510	695569.3807	3522553.9490	4912252.1839	6.0463e+00
177	17697.9836	-9649.1622	695660.9836	3522513.8378	4912252.1839	5.5742e+00
178	17789.5866	-9689.2733	695752.5866	3522473.7267	4912252.1839	5.1390e+00
179	17881.1895	-9729.3844	695844.1895	3522433.6156	4912252.1839	4.7380e+00
180	17972.7925	-9769.4955	695935.7925	3522393.5045	4912252.1839	4.3683e+00
181	18064.3954	-9809.6066	696027.3954	3522353.3934	4912252.1839	4.0276e+00
182	18155.9983	-9849.7177	696118.9983	3522313.2823	4912252.1839	3.7135e+00
183	18247.6013	-9889.8288	696210.6013	3522273.1712	4912252.1839	3.4240e+00
184	18339.2042	-9929.9399	696302.2042	3522233.0601	4912252.1839	3.1571e+00
185	18430.8072	-9970.0510	696393.8072	3522192.9490	4912252.1839	2.9110e+00
186	18522.4101	-10010.1621	696485.4101	3522152.8379	4912252.1839	2.6842e+00
187	18614.0131	-10050.2732	696577.0131	3522112.7268	4912252.1839	2.4752e+00
188	18705.6160	-10090.3844	696668.6160	3522072.6156	4912252.1839	2.2824e+00
189	18797.2189	-10130.4955	696760.2189	3522032.5045	4912252.1839	2.1047e+00
190	18888.8219	-10170.6066	696851.8219	3521992.3934	4912252.1839	1.9409e+00
191	18980.4248	-10210.7177	696943.4248	3521952.2823	4912252.1839	1.7899e+00
192	19072.0278	-10250.8288	697035.0278	3521912.1712	4912252.1839	1.6506e+00
193	19163.6307	-10290.9399	697126.6307	3521872.0601	4912252.1839	1.5222e+00
194	19255.2337	-10331.0510	697218.2337	3521831.9490	4912252.1839	1.4038e+00
195	19346.8366	-10371.1621	697309.8366	3521791.8379	4912252.1839	1.2947e+00
196	19438.4395	-10411.2732	697401.4395	3521751.7268	4912252.1839	1.1941e+00
197	19530.0425	-10451.3843	697493.0425	3521711.6157	4912252.1839	1.1013e+00
198	19621.6454	-10491.4954	697584.6454	3521671.5046	4912252.1839	1.0157e+00
199	19713.2484	-10531.6065	697676.2484	3521631.3935	4912252.1839	9.3680e-01
200	19804.8513	-10571.7177	697767.8513	3521591.2823	4912252.1839	8.6405e-01
201	19896.4542	-10611.8288	697859.4542	3521551.1712	4912252.1839	7.9695e-01
202	19988.0572	-10651.9399	697951.0572	3521511.0601	4912252.1839	7.3509e-01
203	20079.6601	-10692.0510	698042.6601	3521470.9490	4912252.1839	6.7803e-01
204	20171.2631	-10732.1621	698134.2631	3521430.8379	4912252.1839	6.2542e-01
205	20262.8660	-10772.2732	698225.8660	3521390.7268	4912252.1839	5.7690e-01
206	20354.4690	-10812.3843	698317.4690	3521350.6157	4912252.1839	5.3215e-01
207	20446.0719	-10852.4954	698409.0719	3521310.5046	4912252.1839	4.9088e-01
208	20537.6748	-10892.6065	698500.6748	3521270.3935	4912252.1839	4.5282e-01
209	20629.2778	-10932.7176	698592.2778	3521230.2824	4912252.1839	4.1772e-01
210	20720.8807	-10972.8287	698683.8807	3521190.1713	4912252.1839	3.8534e-01
211	20812.4837	-11012.9399	698775.4837	3521150.0601	4912252.1839	3.5548e-01
212	20904.0866	-11053.0510	698867.0866	3521109.9490	4912252.1839	3.2794e-01
213	20995.6895	-11093.1621	698958.6895	3521069.8379	4912252.1839	3.0254e-01
214	21087.2925	-11133.2732	699050.2925	3521029.7268	4912252.1839	2.7911e-01
215	21178.8954	-11173.3843	699141.8954	3520989.6157	4912252.1839	2.5750e-01
216	21270.4984	-11213.4954	699233.4984	3520949.5046	4912252.1839	2.3756e-01
217	21362.1013	-11253.6065	699325.1013	3520909.3935	4912252.1839	2.1918e-01
218	21453.7043	-11293.7176	699416.7043	3520869.2824	4912252.1839	2.0221e-01
219	21545.3072	-11333.8287	699508.3072	3520829.1713	4912252.1839	1.8657e-01
220	21636.9101	-11373.9398	699599.9101	3520789.0602	4912252.1839	1.7214e-01
221	21728.5131	-11414.0509	699691.5131	3520748.9491	4912252.1839	1.5882e-01
222	21820.1160	-11454.1620	699783.1160	3520708.8380	4912252.1839	1.4654e-01
223	21911.7190	-11494.2732	699874.7190	3520668.7268	4912252.1839	1.3521e-01
224	22003.3219	-11534.3843	699966.3219	3520628.6157	4912252.1839	1.2476e-01
225	22094.9249	-11574.4954	700057.9249	3520588.5046	4912252.1839	1.1512e-01
226	22186.5278	-11614.6065	700149.5278	3520548.3935	4912252.1839	1.0622e-01
227	22278.1307	-11654.7176	700241.1307	3520508.2824	4912252.1839	9.8014e-02
228	22369.7337	-11694.8287	700332.7337	3520468.1713	4912252.1839	9.0442e-02
229	22461.3366	-11734.9398	700424.3366	3520428.0602	4912252.1839	8.3457e-02
230	22552.9396	-11775.0509	700515.9396	3520387.9491	4912252.1839	7.7012e-02
231	22644.5425	-11815.1620	700607.5425	3520347.8380	4912252.1839	7.1066e-02
232	22736.1454	-11855.2731	700699.1454	3520307.7269	4912252.1839	6.5580e-02
233	22827.7484	-11895.3842	700790.7484	3520267.6158	4912252.1839	6.0519e-02
234	22919.3513	-11935.4953	700882.3513	3520227.5047	4912252.1839	5.5848e-02
235	23010.9543	-11975.6065	700973.9543	3520187.3935	4912252.1839	5.1539e-02
236	23102.5572	-12015.7176	701065.5572	3520147.2824	4912252.1839	4.7563e-02
237	23194.1602	-12055.8287	701157.1602	3520107.1713	4912252.1839	4.3895e-02
238	23285.7631	-12095.9398	701248.7631	3520067.0602	4912252.1839	4.0509e-02
239	23377.3660	-12136.0509	701340.3660	3520026.9491	4912252.1839	3.7386e-02
240	23468.9690	-12176.1620	701431.9690	3519986.8380	4912252.1839	3.4503e-02
241	23560.5719	-12216.2731	701523.5719	3519946.7269	4912252.1839	3.1844e-02
242	23652.1749	-12256.3842	701615.1749	3519906.6158	4912252.1839	2.9390e-02
243	23743.7778	-12296.4953	701706.7778	3519866.5047	4912252.1839	2.7125e-02
244	23835.3807	-12336.6064	701798.3807	3519826.3936	4912252.1839	2.5035e-02
245	23926.9837	-12376.7175	701889.9837	3519786.2825	4912252.1839	2.3106e-02
246	24018.5866	-12416.8287	701981.5866	3519746.1713	4912252.1839	2.1327e-02
247	24110.1896	-12456.9398	702073.1896	3519706.0602	4912252.1839	1.9684e-02
248	24201.7925	-12497.0509	702164.7925	3519665.9491	4912252.1839	1.8168e-02
249	24293.3955	-12537.1620	702256.3955	3519625.8380	4912252.1839	1.6770e-02
250	24384.9984	-12577.2731	702347.9984	3519585.7269	4912252.1839	1.5479e-02
251	24476.6013	-12617.3842	702439.6013	3519545.6158	4912252.1839	1.4287e-02
252	24568.2043	-12657.4953	702531.2043	3519505.5047	4912252.1839	1.3188e-02
253	24659.8072	-12697.6064	702622.8072	3519465.3936	4912252.1839	1.2173e-02
254	24751.4102	-12737.7175	702714.4102	3519425.2825	4912252.1839	1.1237e-02
255	24843.0131	-12777.8286	702806.0131	3519385.1714	4912252.1839	1.0372e-02
256	24934.6160	-12817.9397	702897.6160	3519345.0603	4912252.1839	9.5744e-03
257	25026.2190	-12858.0508	702989.2190	3519304.9492	4912252.1839	8.8381e-03
258	25117.8219	-12898.1620	703080.8219	3519264.8380	4912252.1839	8.1586e-03
259	25209.4249	-12938.2731	703172.4249	3519224.7269	4912252.1839	7.5313e-03
260	25301.0278	-12978.3842	703264.0278	3519184.6158	4912252.1839	6.9524e-03
261	25392.6308	-13018.4953	703355.6308	3519144.5047	4912252.1839	6.4180e-03
262	25484.2337	-13058.6064	703447.2337	3519104.3936	4912252.1839	5.9248e-03
263	25575.8366	-13098.7175	703538.8366	3519064.2825	4912252.1839	5.4695e-03
264	25667.4396	-13138.8286	703630.4396	3519024.1714	4912252.1839	5.0493e-03
265	25759.0425	-13178.9397	703722.0425	3518984.0603	4912252.1839	4.6614e-03
266	25850.6455	-13219.0508	703813.6455	3518943.9492	4912252.1839	4.3034e-03
267	25942.2484	-13259.1619	703905.2484	3518903.8381	4912252.1839	3.9729e-03
268	26033.8514	-13299.2730	703996.8514	3518863.7270	4912252.1839	3.6678e-03
269	26125.4543	-13339.3841	704088.4543	3518823.6159	4912252.1839	3.3862e-03
270	26217.0572	-13379.4953	704180.0572	3518783.5047	4912252.1839	3.1263e-03
271	26308.6602	-13419.6064	704271.6602	3518743.3936	4912252.1839	2.8863e-03
272	26400.2631	-13459.7175	704363.2631	3518703.2825	4912252.1839	2.6648e-03
273	26491.8661	-13499.8286	704454.8661	3518663.1714	4912252.1839	2.4603e-03
274	26583.4690	-13539.9397	704546.4690	3518623.0603	4912252.1839	2.2715e-03
275	26675.0719	-13580.0508	704638.0719	3518582.9492	4912252.1839	2.0972e-03
276	26766.6749	-13620.1619	704729.6749	3518542.8381	4912252.1839	1.9364e-03
277	26858.2778	-13660.2730	704821.2778	3518502.7270	4912252.1839	1.7878e-03
278	26949.8808	-13700.3841	704912.8808	3518462.6159	4912252.1839	1.6507e-03
279	27041.4837	-13740.4952	705004.4837	3518422.5048	4912252.1839	1.5241e-03
280	27133.0867	-13780.6063	705096.0867	3518382.3937	4912252.1839	1.4073e-03
281	27224.6896	-13820.7175	705187.6896	3518342.2825	4912252.1839	1.2994e-03
282	27316.2925	-13860.8286	705279.2925	3518302.1714	4912252.1839	1.1998e-03
283	27407.8955	-13900.9397	705370.8955	3518262.0603	4912252.1839	1.1078e-03
284	27499.4984	-13941.0508	705462.4984	3518221.9492	4912252.1839	1.0229e-03
285	27591.1014	-13981.1619	705554.1014	3518181.8381	4912252.1839	9.4453e-04
286	27682.7043	-14021.2730	705645.7043	3518141.7270	4912252.1839	8.7216e-04
287	27774.3072	-14061.3841	705737.3072	3518101.6159	4912252.1839	8.0535e-04
288	27865.9102	-14101.4952	705828.9102	3518061.5048	4912252.1839	7.4365e-04
289	27957.5131	-14141.6063	705920.5131	3518021.3937	4912252.1839	6.8669e-04
290	28049.1161	-14181.7174	706012.1161	3517981.2826	4912252.1839	6.3410e-04
291	28140.7190	-14221.8285	706103.7190	3517941.1715	4912252.1839	5.8555e-04
292	28232.3220	-14261.9396	706195.3220	3517901.0604	4912252.1839	5.4071e-04
293	28323.9249	-14302.0508	706286.9249	3517860.9492	4912252.1839	4.9931e-04
294	28415.5278	-14342.1619	706378.5278	3517820.8381	4912252.1839	4.6109e-04
295	28507.1308	-14382.2730	706470.1308	3517780.7270	4912252.1839	4.2580e-04
296	28598.7337	-14422.3841	706561.7337	3517740.6159	4912252.1839	3.9321e-04
297	28690.3367	-14462.4952	706653.3367	3517700.5048	4912252.1839	3.6312e-04
298	28781.9396	-14502.6063	706744.9396	3517660.3937	4912252.1839	3.3533e-04
299	28873.5426	-14542.7174	706836.5426	3517620.2826	4912252.1839	3.0968e-04
300	28965.1455	-14582.8285	706928.1455	3517580.1715	4912252.1839	2.8598e-04
301	29056.7484	-14622.9396	707019.7484	3517540.0604	4912252.1839	2.6411e-04
302	29148.3514	-14663.0507	707111.3514	3517499.9493	4912252.1839	2.4391e-04
303	29239.9543	-14703.1618	707202.9543	3517459.8382	4912252.1839	2.2525e-04
304	29331.5573	-14743.2730	707294.5573	3517419.7270	4912252.1839	2.0803e-04
305	29423.1602	-14783.3841	707386.1602	3517379.6159	4912252.1839	1.9212e-04
306	29514.7631	-14823.4952	707477.7631	3517339.5048	4912252.1839	1.7743e-04
307	29606.3661	-14863.6063	707569.3661	3517299.3937	4912252.1839	1.6387e-04
308	29697.9690	-14903.7174	707660.9690	3517259.2826	4912252.1839	1.5134e-04
309	29789.5720	-14943.8285	707752.5720	3517219.1715	4912252.1839	1.3978e-04
310	29881.1749	-14983.9396	707844.1749	3517179.0604	4912252.1839	1.2909e-04
311	29972.7779	-15024.0507	707935.7779	3517138.9493	4912252.1839	1.1923e-04
312	30064.3808	-15064.1618	708027.3808	3517098.8382	4912252.1839	1.1012e-04
313	30155.9837	-15104.2729	708118.9837	3517058.7271	4912252.1839	1.0170e-04
314	30247.5867	-15144.3840	708210.5867	3517018.6160	4912252.1839	9.3935e-05
315	30339.1896	-15184.4951	708302.1896	3516978.5049	4912252.1839	8.6759e-05
316	30430.7926	-15224.6063	708393.7926	3516938.3937	4912252.1839	8.0133e-05
317	30522.3955	-15264.7174	708485.3955	3516898.2826	4912252.1839	7.4013e-05
318	30613.9984	-15304.8285	708576.9984	3516858.1715	4912252.1839	6.8361e-05
319	30705.6014	-15344.9396	708668.6014	3516818.0604	4912252.1839	6.3141e-05
320	30797.2043	-15385.0507	708760.2043	3516777.9493	4912252.1839	5.8320e-05
321	30888.8073	-15425.1618	708851.8073	3516737.8382	4912252.1839	5.3867e-05
322	30980.4102	-15465.2729	708943.4102	3516697.7271	4912252.1839	4.9755e-05
323	31072.0132	-15505.3840	709035.0132	3516657.6160	4912252.1839	4.5957e-05
324	31163.6161	-15545.4951	709126.6161	3516617.5049	4912252.1839	4.2450e-05
325	31255.2190	-15585.6062	709218.2190	3516577.3938	4912252.1839	3.9210e-05
326	31346.8220	-15625.7173	709309.8220	3516537.2827	4912252.1839	3.6218e-05
327	31438.4249	-15665.8284	709401.4249	3516497.1716	4912252.1839	3.3454e-05
328	31530.0279	-15705.9396	709493.0279	3516457.0604	4912252.1839	3.0902e-05
329	31621.6308	-15746.0507	709584.6308	3516416.9493	4912252.1839	2.8544e-05
330	31713.2338	-15786.1618	709676.2338	3516376.8382	4912252.1839	2.6367e-05
331	31804.8367	-15826.2729	709767.8367	3516336.7271	4912252.1839	2.4356e-05
332	31896.4396	-15866.3840	709859.4396	3516296.6160	4912252.1839	2.2498e-05
333	31988.0426	-15906.4951	709951.0426	3516256.5049	4912252.1839	2.0782e-05
334	32079.6455	-15946.6062	710042.6455	3516216.3938	4912252.1839	1.9198e-05
335	32171.2485	-15986.7173	710134.2485	3516176.2827	4912252.1839	1.7734e-05
336	32262.8514	-16026.8284	710225.8514	3516136.1716	4912252.1839	1.6382e-05
337	32354.4543	-16066.9395	710317.4543	3516096.0605	4912252.1839	1.5133e-05
338	32446.0573	-16107.0506	710409.0573	3516055.9494	4912252.1839	1.3979e-05
339	32537.6602	-16147.1618	710500.6602	3516015.8382	4912252.1839	1.2914e-05
340	32629.2632	-16187.2729	710592.2632	3515975.7271	4912252.1839	1.1929e-05
341	32720.8661	-16227.3840	710683.8661	3515935.6160	4912252.1839	1.1020e-05
342	32812.4691	-16267.4951	710775.4691	3515895.5049	4912252.1839	1.0180e-05
343	32904.0720	-16307.6062	710867.0720	3515855.3938	4912252.1839	9.4047e-06
344	32995.6749	-16347.7173	710958.6749	3515815.2827	4912252.1839	8.6881e-06
345	33087.2779	-16387.8284	711050.2779	3515775.1716	4912252.1839	8.0262e-06
346	33178.8808	-16427.9395	711141.8808	3515735.0605	4912252.1839	7.4148e-06
347	33270.4838	-16468.0506	711233.4838	3515694.9494	4912252.1839	6.8499e-06
348	33362.0867	-16508.1617	711325.0867	3515654.8383	4912252.1839	6.3282e-06
349	33453.6896	-16548.2728	711416.6896	3515614.7272	4912252.1839	5.8462e-06
350	33545.2926	-16588.3839	711508.2926	3515574.6161	4912252.1839	5.4010e-06
351	33636.8955	-16628.4951	711599.8955	3515534.5049	4912252.1839	4.9897e-06
352	33728.4985	-16668.6062	711691.4985	3515494.3938	4912252.1839	4.6097e-06
353	33820.1014	-16708.7173	711783.1014	3515454.2827	4912252.1839	4.2588e-06
354	33911.7044	-16748.8284	711874.7044	3515414.1716	4912252.1839	3.9345e-06
355	34003.3073	-16788.9395	711966.3073	3515374.0605	4912252.1839	3.6350e-06
356	34094.9102	-16829.0506	712057.9102	3515333.9494	4912252.1839	3.3583e-06
357	34186.5132	-16869.1617	712149.5132	3515293.8383	4912252.1839	3.1027e-06
358	34278.1161	-16909.2728	712241.1161	3515253.7272	4912252.1839	2.8665e-06
359	34369.7191	-16949.3839	712332.7191	3515213.6161	4912252.1839	2.6484e-06
360	34461.3220	-16989.4950	712424.3220	3515173.5050	4912252.1839	2.4468e-06
361	34552.9249	-17029.6061	712515.9249	3515133.3939	4912252.1839	2.2606e-06
362	34644.5279	-17069.7173	712607.5279	3515093.2827	4912252.1839	2.0886e-06
363	34736.1308	-17109.8284	712699.1308	3515053.1716	4912252.1839	1.9297e-06
364	34827.7338	-17149.9395	712790.7338	3515013.0605	4912252.1839	1.7829e-06
365	34919.3367	-17190.0506	712882.3367	3514972.9494	4912252.1839	1.6473e-06
366	35010.9397	-17230.1617	712973.9397	3514932.8383	4912252.1839	1.5220e-06
367	35102.5426	-17270.2728	713065.5426	3514892.7272	4912252.1839	1.4062e-06
368	35194.1455	-17310.3839	713157.1455	3514852.6161	4912252.1839	1.2993e-06
369	35285.7485	-17350.4950	713248.7485	3514812.5050	4912252.1839	1.2005e-06
370	35377.3514	-17390.6061	713340.3514	3514772.3939	4912252.1839	1.1092e-06
371	35468.9544	-17430.7172	713431.9544	3514732.2828	4912252.1839	1.0248e-06
372	35560.5573	-17470.8283	713523.5573	3514692.1717	4912252.1839	9.4691e-07
373	35652.1603	-17510.9394	713615.1603	3514652.0606	4912252.1839	8.7492e-07
374	35743.7632	-17551.0506	713706.7632	3514611.9494	4912252.1839	8.0840e-07
375	35835.3661	-17591.1617	713798.3661	3514571.8383	4912252.1839	7.4695e-07
376	35926.9691	-17631.2728	713889.9691	3514531.7272	4912252.1839	6.9017e-07
377	36018.5720	-17671.3839	713981.5720	3514491.6161	4912252.1839	6.3771e-07
378	36110.1750	-17711.4950	714073.1750	3514451.5050	4912252.1839	5.8924e-07
379	36201.7779	-17751.6061	714164.7779	3514411.3939	4912252.1839	5.4446e-07
380	36293.3808	-17791.7172	714256.3808	3514371.2828	4912252.1839	5.0309e-07
381	36384.9838	-17831.8283	714347.9838	3514331.1717	4912252.1839	4.6486e-07
382	36476.5867	-17871.9394	714439.5867	3514291.0606	4912252.1839	4.2954e-07
383	36568.1897	-17912.0505	714531.1897	3514250.9495	4912252.1839	3.9690e-07
384	36659.7926	-17952.1616	714622.7926	3514210.8384	4912252.1839	3.6675e-07
385	36751.3956	-17992.2727	714714.3956	3514170.7273	4912252.1839	3.3889e-07
386	36842.9985	-18032.3839	714805.9985	3514130.6161	4912252.1839	3.1314e-07
387	36934.6014	-18072.4950	714897.6014	3514090.5050	4912252.1839	2.8936e-07
388	37026.2044	-18112.6061	714989.2044	3514050.3939	4912252.1839	2.6738e-07
389	37117.8073	-18152.7172	715080.8073	3514010.2828	4912252.1839	2.4707e-07
390	37209.4103	-18192.8283	715172.4103	3513970.1717	4912252.1839	2.2831e-07
391	37301.0132	-18232.9394	715264.0132	3513930.0606	4912252.1839	2.1097e-07
392	37392.6161	-18273.0505	715355.6161	3513889.9495	4912252.1839	1.9495e-07
393	37484.2191	-18313.1616	715447.2191	3513849.8384	4912252.1839	1.8015e-07
394	37575.8220	-18353.2727	715538.8220	3513809.7273	4912252.1839	1.6647e-07
395	37667.4250	-18393.3838	715630.4250	3513769.6162	4912252.1839	1.5383e-07
396	37759.0279	-18433.4949	715722.0279	3513729.5051	4912252.1839	1.4215e-07
397	37850.6309	-18473.6061	715813.6309	3513689.3939	4912252.1839	1.3136e-07
398	37942.2338	-18513.7172	715905.2338	3513649.2828	4912252.1839	1.2139e-07
399	38033.8367	-18553.8283	715996.8367	3513609.1717	4912252.1839	1.1218e-07
400	38125.4397	-18593.9394	716088.4397	3513569.0606	4912252.1839	1.0366e-07
401	38217.0426	-18634.0505	716180.0426	3513528.9495	4912252.1839	9.5796e-08
402	38308.6456	-18674.1616	716271.6456	3513488.8384	4912252.1839	8.8526e-08
403	38400.2485	-18714.2727	716363.2485	3513448.7273	4912252.1839	8.1808e-08
404	38491.8515	-18754.3838	716454.8515	3513408.6162	4912252.1839	7.5601e-08
405	38583.4544	-18794.4949	716546.4544	3513368.5051	4912252.1839	6.9865e-08
406	38675.0573	-18834.6060	716638.0573	3513328.3940	4912252.1839	6.4564e-08
407	38766.6603	-18874.7171	716729.6603	3513288.2829	4912252.1839	5.9666e-08
408	38858.2632	-18914.8282	716821.2632	3513248.1718	4912252.1839	5.5139e-08
409	38949.8662	-18954.9394	716912.8662	3513208.0606	4912252.1839	5.0956e-08
410	39041.4691	-18995.0505	717004.4691	3513167.9495	4912252.1839	4.7091e-08
411	39133.0720	-19035.1616	717096.0720	3513127.8384	4912252.1839	4.3519e-08
412	39224.6750	-19075.2727	717187.6750	3513087.7273	4912252.1839	4.0219e-08
413	39316.2779	-19115.3838	717279.2779	3513047.6162	4912252.1839	3.7168e-08
414	39407.8809	-19155.4949	717370.8809	3513007.5051	4912252.1839	3.4350e-08
415	39499.4838	-19195.6060	717462.4838	3512967.3940	4912252.1839	3.1745e-08
416	39591.0868	-19235.7171	717554.0868	3512927.2829	4912252.1839	2.9338e-08
417	39682.6897	-19275.8282	717645.6897	3512887.1718	4912252.1839	2.7113e-08
418	39774.2926	-19315.9393	717737.2926	3512847.0607	4912252.1839	2.5058e-08
419	39865.8956	-19356.0504	717828.8956	3512806.9496	4912252.1839	2.3158e-08
420	39957.4985	-19396.1616	717920.4985	3512766.8384	4912252.1839	2.1402e-08
421	40049.1015	-19436.2727	718012.1015	3512726.7273	4912252.1839	1.9780e-08
422	40140.7044	-19476.3838	718103.7044	3512686.6162	4912252.1839	1.8280e-08
423	40232.3073	-19516.4949	718195.3073	3512646.5051	4912252.1839	1.6895e-08
424	40323.9103	-19556.6060	718286.9103	3512606.3940	4912252.1839	1.5614e-08
425	40415.5132	-19596.7171	718378.5132	3512566.2829	4912252.1839	1.4431e-08
426	40507.1162	-19636.8282	718470.1162	3512526.1718	4912252.1839	1.3337e-08
427	40598.7191	-19676.9393	718561.7191	3512486.0607	4912252.1839	1.2326e-08
428	40690.3221	-19717.0504	718653.3221	3512445.9496	4912252.1839	1.1392e-08
429	40781.9250	-19757.1615	718744.9250	3512405.8385	4912252.1839	1.0529e-08
430	40873.5279	-19797.2726	718836.5279	3512365.7274	4912252.1839	9.7312e-09
431	40965.1309	-19837.3837	718928.1309	3512325.6163	4912252.1839	8.9939e-09
432	41056.7338	-19877.4949	719019.7338	3512285.5051	4912252.1839	8.3125e-09
433	41148.3368	-19917.6060	719111.3368	3512245.3940	4912252.1839	7.6827e-09
434	41239.9397	-19957.7171	719202.9397	3512205.2829	4912252.1839	7.1007e-09
435	41331.5427	-19997.8282	719294.5427	3512165.1718	4912252.1839	6.5628e-09
436	41423.1456	-20037.9393	719386.1456	3512125.0607	4912252.1839	6.0657e-09
437	41514.7485	-20078.0504	719477.7485	3512084.9496	4912252.1839	5.6062e-09
438	41606.3515	-20118.1615	719569.3515	3512044.8385	4912252.1839	5.1816e-09
439	41697.9544	-20158.2726	719660.9544	3512004.7274	4912252.1839	4.7892e-09
440	41789.5574	-20198.3837	719752.5574	3511964.6163	4912252.1839	4.4265e-09
441	41881.1603	-20238.4948	719844.1603	3511924.5052	4912252.1839	4.0913e-09
442	41972.7632	-20278.6059	719935.7632	3511884.3941	4912252.1839	3.7814e-09
443	42064.3662	-20318.7170	720027.3662	3511844.2830	4912252.1839	3.4951e-09
444	42155.9691	-20358.8282	720118.9691	3511804.1718	4912252.1839	3.2305e-09
445	42247.5721	-20398.9393	720210.5721	3511764.0607	4912252.1839	2.9859e-09
446	42339.1750	-20439.0504	720302.1750	3511723.9496	4912252.1839	2.7598e-09
447	42430.7780	-20479.1615	720393.7780	3511683.8385	4912252.1839	2.5509e-09
448	42522.3809	-20519.2726	720485.3809	3511643.7274	4912252.1839	2.3577e-09
449	42613.9838	-20559.3837	720576.9838	3511603.6163	4912252.1839	2.1793e-09
450	42705.5868	-20599.4948	720668.5868	3511563.5052	4912252.1839	2.0143e-09
451	42797.1897	-20639.6059	720760.1897	3511523.3941	4912252.1839	1.8618e-09
452	42888.7927	-20679.7170	720851.7927	3511483.2830	4912252.1839	1.7209e-09
453	42980.3956	-20719.8281	720943.3956	3511443.1719	4912252.1839	1.5907e-09
454	43071.9985	-20759.9392	721034.9985	3511403.0608	4912252.1839	1.4703e-09
455	43163.6015	-20800.0504	721126.6015	3511362.9496	4912252.1839	1.3590e-09
456	43255.2044	-20840.1615	721218.2044	3511322.8385	4912252.1839	1.2562e-09
457	43346.8074	-20880.2726	721309.8074	3511282.7274	4912252.1839	1.1611e-09
458	43438.4103	-20920.3837	721401.4103	3511242.6163	4912252.1839	1.0732e-09
459	43530.0133	-20960.4948	721493.0133	3511202.5052	4912252.1839	9.9203e-10
460	43621.6162	-21000.6059	721584.6162	3511162.3941	4912252.1839	9.1697e-10
461	43713.2191	-21040.7170	721676.2191	3511122.2830	4912252.1839	8.4759e-10
462	43804.8221	-21080.8281	721767.8221	3511082.1719	4912252.1839	7.8346e-10
463	43896.4250	-21120.9392	721859.4250	3511042.0608	4912252.1839	7.2419e-10
464	43988.0280	-21161.0503	721951.0280	3511001.9497	4912252.1839	6.6941e-10
465	44079.6309	-21201.1614	722042.6309	3510961.8386	4912252.1839	6.1877e-10
466	44171.2338	-21241.2725	722134.2338	3510921.7275	4912252.1839	5.7196e-10
467	44262.8368	-21281.3837	722225.8368	3510881.6163	4912252.1839	5.2870e-10
468	44354.4397	-21321.4948	722317.4397	3510841.5052	4912252.1839	4.8871e-10
469	44446.0427	-21361.6059	722409.0427	3510801.3941	4912252.1839	4.5175e-10
470	44537.6456	-21401.7170	722500.6456	3510761.2830	4912252.1839	4.1758e-10
471	44629.2486	-21441.8281	722592.2486	3510721.1719	4912252.1839	3.8600e-10
472	44720.8515	-21481.9392	722683.8515	3510681.0608	4912252.1839	3.5681e-10
473	44812.4544	-21522.0503	722775.4544	3510640.9497	4912252.1839	3.2983e-10
474	44904.0574	-21562.1614	722867.0574	3510600.8386	4912252.1839	3.0489e-10
475	44995.6603	-21602.2725	722958.6603	3510560.7275	4912252.1839	2.8184e-10
476	45087.2633	-21642.3836	723050.2633	3510520.6164	4912252.1839	2.6053e-10
477	45178.8662	-21682.4947	723141.8662	3510480.5053	4912252.1839	2.4083e-10
478	45270.4692	-21722.6058	723233.4692	3510440.3942	4912252.1839	2.2262e-10
479	45362.0721	-21762.7170	723325.0721	3510400.2830	4912252.1839	2.0579e-10
480	45453.6750	-21802.8281	723416.6750	3510360.1719	4912252.1839	1.9023e-10
481	45545.2780	-21842.9392	723508.2780	3510320.0608	4912252.1839	1.7585e-10
482	45636.8809	-21883.0503	723599.8809	3510279.9497	4912252.1839	1.6256e-10
483	45728.4839	-21923.1614	723691.4839	3510239.8386	4912252.1839	1.5027e-10
484	45820.0868	-21963.2725	723783.0868	3510199.7275	4912252.1839	1.3891e-10
485	45911.6897	-22003.3836	723874.6897	3510159.6164	4912252.1839	1.2841e-10
486	46003.2927	-22043.4947	723966.2927	3510119.5053	4912252.1839	1.1871e-10
487	46094.8956	-22083.6058	724057.8956	3510079.3942	4912252.1839	1.0974e-10
488	46186.4986	-22123.7169	724149.4986	3510039.2831	4912252.1839	1.0144e-10
489	46278.1015	-22163.8280	724241.1015	3509999.1720	4912252.1839	9.3776e-11
490	46369.7045	-22203.9392	724332.7045	3509959.0608	4912252.1839	8.6690e-11
491	46461.3074	-22244.0503	724424.3074	3509918.9497	4912252.1839	8.0139e-11
492	46552.9103	-22284.1614	724515.9103	3509878.8386	4912252.1839	7.4084e-11
493	46644.5133	-22324.2725	724607.5133	3509838.7275	4912252.1839	6.8486e-11
494	46736.1162	-22364.3836	724699.1162	3509798.6164	4912252.1839	6.3311e-11
495	46827.7192	-22404.4947	724790.7192	3509758.5053	4912252.1839	5.8528e-11
496	46919.3221	-22444.6058	724882.3221	3509718.3942	4912252.1839	5.4106e-11
497	47010.9250	-22484.7169	724973.9250	3509678.2831	4912252.1839	5.0018e-11
498	47102.5280	-22524.8280	725065.5280	3509638.1720	4912252.1839	4.6240e-11
499	47194.1309	-22564.9391	725157.1309	3509598.0609	4912252.1839	4.2747e-11
500	47285.7339	-22605.0502	725248.7339	3509557.9498	4912252.1839	3.9518e-11
501	47377.3368	-22645.1613	725340.3368	3509517.8387	4912252.1839	3.6533e-11
502	47468.9398	-22685.2725	725431.9398	3509477.7275	4912252.1839	3.3773e-11
503	47560.5427	-22725.3836	725523.5427	3509437.6164	4912252.1839	3.1222e-11
504	47652.1456	-22765.4947	725615.1456	3509397.5053	4912252.1839	2.8864e-11
505	47743.7486	-22805.6058	725706.7486	3509357.3942	4912252.1839	2.6684e-11
506	47835.3515	-22845.7169	725798.3515	3509317.2831	4912252.1839	2.4669e-11
507	47926.9545	-22885.8280	725889.9545	3509277.1720	4912252.1839	2.2806e-11
508	48018.5574	-22925.9391	725981.5574	3509237.0609	4912252.1839	2.1084e-11
509	48110.1604	-22966.0502	726073.1604	3509196.9498	4912252.1839	1.9491e-11
510	48201.7633	-23006.1613	726164.7633	3509156.8387	4912252.1839	1.8020e-11
511	48293.3662	-23046.2724	726256.3662	3509116.7276	4912252.1839	1.6659e-11
512	48384.9692	-23086.3835	726347.9692	3509076.6165	4912252.1839	1.5401e-11
513	48476.5721	-23126.4947	726439.5721	3509036.5053	4912252.1839	1.4238e-11
514	48568.1751	-23166.6058	726531.1751	3508996.3942	4912252.1839	1.3163e-11
515	48659.7780	-23206.7169	726622.7780	3508956.2831	4912252.1839	1.2169e-11
516	48751.3809	-23246.8280	726714.3809	3508916.1720	4912252.1839	1.1251e-11
517	48842.9839	-23286.9391	726805.9839	3508876.0609	4912252.1839	1.0401e-11
518	48934.5868	-23327.0502	726897.5868	3508835.9498	4912252.1839	9.6161e-12
519	49026.1898	-23367.1613	726989.1898	3508795.8387	4912252.1839	8.8902e-12
520	49117.7927	-23407.2724	727080.7927	3508755.7276	4912252.1839	8.2191e-12
521	49209.3957	-23447.3835	727172.3957	3508715.6165	4912252.1839	7.5987e-12
522	49300.9986	-23487.4946	727263.9986	3508675.5054	4912252.1839	7.0252e-12
523	49392.6015	-23527.6057	727355.6015	3508635.3943	4912252.1839	6.4949e-12
524	49484.2045	-23567.7168	727447.2045	3508595.2832	4912252.1839	6.0047e-12
525	49575.8074	-23607.8280	727538.8074	3508555.1720	4912252.1839	5.5515e-12
526	49667.4104	-23647.9391	727630.4104	3508515.0609	4912252.1839	5.1325e-12
527	49759.0133	-23688.0502	727722.0133	3508474.9498	4912252.1839	4.7452e-12
528	49850.6162	-23728.1613	727813.6162	3508434.8387	4912252.1839	4.3871e-12
529	49942.2192	-23768.2724	727905.2192	3508394.7276	4912252.1839	4.0560e-12
530	50033.8221	-23808.3835	727996.8221	3508354.6165	4912252.1839	3.7500e-12
531	50125.4251	-23848.4946	728088.4251	3508314.5054	4912252.1839	3.4670e-12
532	50217.0280	-23888.6057	728180.0280	3508274.3943	4912252.1839	3.2054e-12
533	50308.6310	-23928.7168	728271.6310	3508234.2832	4912252.1839	2.9635e-12
534	50400.2339	-23968.8279	728363.2339	3508194.1721	4912252.1839	2.7399e-12
535	50491.8368	-24008.9390	728454.8368	3508154.0610	4912252.1839	2.5332e-12
536	50583.4398	-24049.0501	728546.4398	3508113.9499	4912252.1839	2.3421e-12
537	50675.0427	-24089.1613	728638.0427	3508073.8387	4912252.1839	2.1654e-12
538	50766.6457	-24129.2724	728729.6457	3508033.7276	4912252.1839	2.0020e-12
539	50858.2486	-24169.3835	728821.2486	3507993.6165	4912252.1839	1.8510e-12
540	50949.8516	-24209.4946	728912.8516	3507953.5054	4912252.1839	1.7114e-12
541	51041.4545	-24249.6057	729004.4545	3507913.3943	4912252.1839	1.5823e-12
542	51133.0574	-24289.7168	729096.0574	3507873.2832	4912252.1839	1.4629e-12
543	51224.6604	-24329.8279	729187.6604	3507833.1721	4912252.1839	1.3526e-12
544	51316.2633	-24369.9390	729279.2633	3507793.0610	4912252.1839	1.2506e-12
545	51407.8663	-24410.0501	729370.8663	3507752.9499	4912252.1839	1.1562e-12
546	51499.4692	-24450.1612	729462.4692	3507712.8388	4912252.1839	1.0690e-12
547	51591.0721	-24490.2723	729554.0721	3507672.7277	4912252.1839	9.8840e-13
548	51682.6751	-24530.3835	729645.6751	3507632.6165	4912252.1839	9.1386e-13
549	51774.2780	-24570.4946	729737.2780	3507592.5054	4912252.1839	8.4494e-13
550	51865.8810	-24610.6057	729828.8810	3507552.3943	4912252.1839	7.8122e-13
551	51957.4839	-24650.7168	729920.4839	3507512.2832	4912252.1839	7.2231e-13
552	52049.0869	-24690.8279	730012.0869	3507472.1721	4912252.1839	6.6784e-13
553	52140.6898	-24730.9390	730103.6898	3507432.0610	4912252.1839	6.1748e-13
554	52232.2927	-24771.0501	730195.2927	3507391.9499	4912252.1839	5.7092e-13
555	52323.8957	-24811.1612	730286.8957	3507351.8388	4912252.1839	5.2787e-13
556	52415.4986	-24851.2723	730378.4986	3507311.7277	4912252.1839	4.8807e-13
557	52507.1016	-24891.3834	730470.1016	3507271.6166	4912252.1839	4.5127e-13
558	52598.7045	-24931.4945	730561.7045	3507231.5055	4912252.1839	4.1725e-13
559	52690.3074	-24971.6056	730653.3074	3507191.3944	4912252.1839	3.8579e-13
560	52781.9104	-25011.7168	730744.9104	3507151.2832	4912252.1839	3.5671e-13
561	52873.5133	-25051.8279	730836.5133	3507111.1721	4912252.1839	3.2981e-13
562	52965.1163	-25091.9390	730928.1163	3507071.0610	4912252.1839	3.0495e-13
563	53056.7192	-25132.0501	731019.7192	3507030.9499	4912252.1839	2.8196e-13
564	53148.3222	-25172.1612	731111.3222	3506990.8388	4912252.1839	2.6071e-13
565	53239.9251	-25212.2723	731202.9251	3506950.7277	4912252.1839	2.4106e-13
566	53331.5280	-25252.3834	731294.5280	3506910.6166	4912252.1839	2.2289e-13
567	53423.1310	-25292.4945	731386.1310	3506870.5055	4912252.1839	2.0609e-13
568	53514.7339	-25332.6056	731477.7339	3506830.3944	4912252.1839	1.9055e-13
569	53606.3369	-25372.7167	731569.3369	3506790.2833	4912252.1839	1.7619e-13
570	53697.9398	-25412.8278	731660.9398	3506750.1722	4912252.1839	1.6291e-13
571	53789.5427	-25452.9390	731752.5427	3506710.0610	4912252.1839	1.5063e-13
572	53881.1457	-25493.0501	731844.1457	3506669.9499	4912252.1839	1.3928e-13
573	53972.7486	-25533.1612	731935.7486	3506629.8388	4912252.1839	1.2878e-13
574	54064.3516	-25573.2723	732027.3516	3506589.7277	4912252.1839	1.1908e-13
575	54155.9545	-25613.3834	732118.9545	3506549.6166	4912252.1839	1.1010e-13
576	54247.5575	-25653.4945	732210.5575	3506509.5055	4912252.1839	1.0181e-13
577	54339.1604	-25693.6056	732302.1604	3506469.3944	4912252.1839	9.4136e-14
578	54430.7633	-25733.7167	732393.7633	3506429.2833	4912252.1839	8.7042e-14
579	54522.3663	-25773.8278	732485.3663	3506389.1722	4912252.1839	8.0483e-14
580	54613.9692	-25813.9389	732576.9692	3506349.0611	4912252.1839	7.4419e-14
581	54705.5722	-25854.0500	732668.5722	3506308.9500	4912252.1839	6.8812e-14
582	54797.1751	-25894.1611	732760.1751	3506268.8389	4912252.1839	6.3627e-14
583	54888.7781	-25934.2723	732851.7781	3506228.7277	4912252.1839	5.8833e-14
584	54980.3810	-25974.3834	732943.3810	3506188.6166	4912252.1839	5.4401e-14
585	55071.9839	-26014.4945	733034.9839	3506148.5055	4912252.1839	5.0302e-14
586	55163.5869	-26054.6056	733126.5869	3506108.3944	4912252.1839	4.6513e-14
587	55255.1898	-26094.7167	733218.1898	3506068.2833	4912252.1839	4.3009e-14
588	55346.7928	-26134.8278	733309.7928	3506028.1722	4912252.1839	3.9769e-14
589	55438.3957	-26174.9389	733401.3957	3505988.0611	4912252.1839	3.6773e-14
590	55529.9986	-26215.0500	733492.9986	3505947.9500	4912252.1839	3.4003e-14
591	55621.6016	-26255.1611	733584.6016	3505907.8389	4912252.1839	3.1442e-14
592	55713.2045	-26295.2722	733676.2045	3505867.7278	4912252.1839	2.9073e-14
593	55804.8075	-26335.3833	733767.8075	3505827.6167	4912252.1839	2.6883e-14
594	55896.4104	-26375.4944	733859.4104	3505787.5056	4912252.1839	2.4858e-14
595	55988.0134	-26415.6056	733951.0134	3505747.3944	4912252.1839	2.2986e-14
596	56079.6163	-26455.7167	734042.6163	3505707.2833	4912252.1839	2.1255e-14
597	56171.2192	-26495.8278	734134.2192	3505667.1722	4912252.1839	1.9654e-14
598	56262.8222	-26535.9389	734225.8222	3505627.0611	4912252.1839	1.8174e-14
599	56354.4251	-26576.0500	734317.4251	3505586.9500	4912252.1839	1.6805e-14
600	56446.0281	-26616.1611	734409.0281	3505546.8389	4912252.1839	1.5539e-14
601	56537.6310	-26656.2722	734500.6310	3505506.7278	4912252.1839	1.4369e-14
602	56629.2339	-26696.3833	734592.2339	3505466.6167	4912252.1839	1.3287e-14
603	56720.8369	-26736.4944	734683.8369	3505426.5056	4912252.1839	1.2287e-14
604	56812.4398	-26776.6055	734775.4398	3505386.3945	4912252.1839	1.1361e-14
605	56904.0428	-26816.7166	734867.0428	3505346.2834	4912252.1839	1.0506e-14
606	56995.6457	-26856.8278	734958.6457	3505306.1722	4912252.1839	9.7148e-15
607	57087.2487	-26896.9389	735050.2487	3505266.0611	4912252.1839	8.9833e-15
608	57178.8516	-26937.0500	735141.8516	3505225.9500	4912252.1839	8.3069e-15
609	57270.4545	-26977.1611	735233.4545	3505185.8389	4912252.1839	7.6814e-15
610	57362.0575	-27017.2722	735325.0575	3505145.7278	4912252.1839	7.1031e-15
611	57453.6604	-27057.3833	735416.6604	3505105.6167	4912252.1839	6.5683e-15
612	57545.2634	-27097.4944	735508.2634	3505065.5056	4912252.1839	6.0738e-15
613	57636.8663	-27137.6055	735599.8663	3505025.3945	4912252.1839	5.6165e-15
614	57728.4693	-27177.7166	735691.4693	3504985.2834	4912252.1839	5.1937e-15
615	57820.0722	-27217.8277	735783.0722	3504945.1723	4912252.1839	4.8027e-15
616	57911.6751	-27257.9388	735874.6751	3504905.0612	4912252.1839	4.4411e-15
617	58003.2781	-27298.0499	735966.2781	3504864.9501	4912252.1839	4.1068e-15
618	58094.8810	-27338.1611	736057.8810	3504824.8389	4912252.1839	3.7976e-15
619	58186.4840	-27378.2722	736149.4840	3504784.7278	4912252.1839	3.5118e-15
620	58278.0869	-27418.3833	736241.0869	3504744.6167	4912252.1839	3.2474e-15
621	58369.6898	-27458.4944	736332.6898	3504704.5056	4912252.1839	3.0030e-15
622	58461.2928	-27498.6055	736424.2928	3504664.3945	4912252.1839	2.7769e-15
623	58552.8957	-27538.7166	736515.8957	3504624.2834	4912252.1839	2.5679e-15
624	58644.4987	-27578.8277	736607.4987	3504584.1723	4912252.1839	2.3746e-15
625	58736.1016	-27618.9388	736699.1016	3504544.0612	4912252.1839	2.1959e-15
626	58827.7046	-27659.0499	736790.7046	3504503.9501	4912252.1839	2.0306e-15
627	58919.3075	-27699.1610	736882.3075	3504463.8390	4912252.1839	1.8778e-15
628	59010.9104	-27739.2721	736973.9104	3504423.7279	4912252.1839	1.7365e-15
629	59102.5134	-27779.3832	737065.5134	3504383.6168	4912252.1839	1.6058e-15
630	59194.1163	-27819.4944	737157.1163	3504343.5056	4912252.1839	1.4850e-15
631	59285.7193	-27859.6055	737248.7193	3504303.3945	4912252.1839	1.3732e-15
632	59377.3222	-27899.7166	737340.3222	3504263.2834	4912252.1839	1.2699e-15
633	59468.9251	-27939.8277	737431.9251	3504223.1723	4912252.1839	1.1743e-15
634	59560.5281	-27979.9388	737523.5281	3504183.0612	4912252.1839	1.0859e-15
635	59652.1310	-28020.0499	737615.1310	3504142.9501	4912252.1839	1.0042e-15
636	59743.7340	-28060.1610	737706.7340	3504102.8390	4912252.1839	9.2865e-16
637	59835.3369	-28100.2721	737798.3369	3504062.7279	4912252.1839	8.5878e-16
638	59926.9399	-28140.3832	737889.9399	3504022.6168	4912252.1839	7.9416e-16
639	60018.5428	-28180.4943	737981.5428	3503982.5057	4912252.1839	7.3440e-16
640	60110.1457	-28220.6054	738073.1457	3503942.3946	4912252.1839	6.7915e-16
641	60201.7487	-28260.7166	738164.7487	3503902.2834	4912252.1839	6.2805e-16
642	60293.3516	-28300.8277	738256.3516	3503862.1723	4912252.1839	5.8079e-16
643	60384.9546	-28340.9388	738347.9546	3503822.0612	4912252.1839	5.3710e-16
644	60476.5575	-28381.0499	738439.5575	3503781.9501	4912252.1839	4.9669e-16
645	60568.1605	-28421.1610	738531.1605	3503741.8390	4912252.1839	4.5932e-16
646	60659.7634	-28461.2721	738622.7634	3503701.7279	4912252.1839	4.2477e-16
647	60751.3663	-28501.3832	738714.3663	3503661.6168	4912252.1839	3.9281e-16
648	60842.9693	-28541.4943	738805.9693	3503621.5057	4912252.1839	3.6326e-16
649	60934.5722	-28581.6054	738897.5722	3503581.3946	4912252.1839	3.3593e-16
650	61026.1752	-28621.7165	738989.1752	3503541.2835	4912252.1839	3.1066e-16
651	61117.7781	-28661.8276	739080.7781	3503501.1724	4912252.1839	2.8729e-16
652	61209.3810	-28701.9387	739172.3810	3503461.0613	4912252.1839	2.6568e-16
653	61300.9840	-28742.0499	739263.9840	3503420.9501	4912252.1839	2.4570e-16
654	61392.5869	-28782.1610	739355.5869	3503380.8390	4912252.1839	2.2722e-16
655	61484.1899	-28822.2721	739447.1899	3503340.7279	4912252.1839	2.1013e-16
656	61575.7928	-28862.3832	739538.7928	3503300.6168	4912252.1839	1.9432e-16
657	61667.3958	-28902.4943	739630.3958	3503260.5057	4912252.1839	1.7971e-16
658	61758.9987	-28942.6054	739721.9987	3503220.3946	4912252.1839	1.6619e-16
659	61850.6016	-28982.7165	739813.6016	3503180.2835	4912252.1839	1.5369e-16
660	61942.2046	-29022.8276	739905.2046	3503140.1724	4912252.1839	1.4213e-16
661	62033.8075	-29062.9387	739996.8075	3503100.0613	4912252.1839	1.3144e-16
662	62125.4105	-29103.0498	740088.4105	3503059.9502	4912252.1839	1.2156e-16
663	62217.0134	-29143.1609	740180.0134	3503019.8391	4912252.1839	1.1241e-16
664	62308.6163	-29183.2721	740271.6163	3502979.7279	4912252.1839	1.0396e-16
665	62400.2193	-29223.3832	740363.2193	3502939.6168	4912252.1839	9.6142e-17
666	62491.8222	-29263.4943	740454.8222	3502899.5057	4912252.1839	8.8912e-17
667	62583.4252	-29303.6054	740546.4252	3502859.3946	4912252.1839	8.2226e-17
668	62675.0281	-29343.7165	740638.0281	3502819.2835	4912252.1839	7.6042e-17
669	62766.6311	-29383.8276	740729.6311	3502779.1724	4912252.1839	7.0324e-17
670	62858.2340	-29423.9387	740821.2340	3502739.0613	4912252.1839	6.5036e-17
671	62949.8369	-29464.0498	740912.8369	3502698.9502	4912252.1839	6.0146e-17
672	63041.4399	-29504.1609	741004.4399	3502658.8391	4912252.1839	5.5623e-17
673	63133.0428	-29544.2720	741096.0428	3502618.7280	4912252.1839	5.1441e-17
674	63224.6458	-29584.3831	741187.6458	3502578.6169	4912252.1839	4.7573e-17
675	63316.2487	-29624.4942	741279.2487	3502538.5058	4912252.1839	4.3996e-17
676	63407.8517	-29664.6054	741370.8517	3502498.3946	4912252.1839	4.0688e-17
677	63499.4546	-29704.7165	741462.4546	3502458.2835	4912252.1839	3.7629e-17
678	63591.0575	-29744.8276	741554.0575	3502418.1724	4912252.1839	3.4800e-17
679	63682.6605	-29784.9387	741645.6605	3502378.0613	4912252.1839	3.2184e-17
680	63774.2634	-29825.0498	741737.2634	3502337.9502	4912252.1839	2.9764e-17
681	63865.8664	-29865.1609	741828.8664	3502297.8391	4912252.1839	2.7526e-17
682	63957.4693	-29905.2720	741920.4693	3502257.7280	4912252.1839	2.5457e-17
683	64049.0722	-29945.3831	742012.0722	3502217.6169	4912252.1839	2.3543e-17
684	64140.6752	-29985.4942	742103.6752	3502177.5058	4912252.1839	2.1773e-17
685	64232.2781	-30025.6053	742195.2781	3502137.3947	4912252.1839	2.0136e-17
686	64323.8811	-30065.7164	742286.8811	3502097.2836	4912252.1839	1.8623e-17
687	64415.4840	-30105.8275	742378.4840	3502057.1725	4912252.1839	1.7223e-17
688	64507.0870	-30145.9387	742470.0870	3502017.0613	4912252.1839	1.5928e-17
689	64598.6899	-30186.0498	742561.6899	3501976.9502	4912252.1839	1.4731e-17
690	64690.2928	-30226.1609	742653.2928	3501936.8391	4912252.1839	1.3624e-17
691	64781.8958	-30266.2720	742744.8958	3501896.7280	4912252.1839	1.2599e-17
692	64873.4987	-30306.3831	742836.4987	3501856.6169	4912252.1839	1.1652e-17
693	64965.1017	-30346.4942	742928.1017	3501816.5058	4912252.1839	1.0777e-17
694	65056.7046	-30386.6053	743019.7046	3501776.3947	4912252.1839	9.9666e-18
695	65148.3075	-30426.7164	743111.3075	3501736.2836	4912252.1839	9.2175e-18
696	65239.9105	-30466.8275	743202.9105	3501696.1725	4912252.1839	8.5247e-18
697	65331.5134	-30506.9386	743294.5134	3501656.0614	4912252.1839	7.8840e-18
698	65423.1164	-30547.0497	743386.1164	3501615.9503	4912252.1839	7.2914e-18
699	65514.7193	-30587.1609	743477.7193	3501575.8391	4912252.1839	6.7434e-18
700	65606.3223	-30627.2720	743569.3223	3501535.7280	4912252.1839	6.2366e-18
701	65697.9252	-30667.3831	743660.9252	3501495.6169	4912252.1839	5.7679e-18
702	65789.5281	-30707.4942	743752.5281	3501455.5058	4912252.1839	5.3345e-18
703	65881.1311	-30747.6053	743844.1311	3501415.3947	4912252.1839	4.9336e-18
704	65972.7340	-30787.7164	743935.7340	3501375.2836	4912252.1839	4.5628e-18
705	66064.3370	-30827.8275	744027.3370	3501335.1725	4912252.1839	4.2199e-18
706	66155.9399	-30867.9386	744118.9399	3501295.0614	4912252.1839	3.9028e-18
707	66247.5428	-30908.0497	744210.5428	3501254.9503	4912252.1839	3.6095e-18
708	66339.1458	-30948.1608	744302.1458	3501214.8392	4912252.1839	3.3383e-18
709	66430.7487	-30988.2719	744393.7487	3501174.7281	4912252.1839	3.0874e-18
710	66522.3517	-31028.3830	744485.3517	3501134.6170	4912252.1839	2.8554e-18
711	66613.9546	-31068.4942	744576.9546	3501094.5058	4912252.1839	2.6409e-18
712	66705.5576	-31108.6053	744668.5576	3501054.3947	4912252.1839	2.4424e-18
713	66797.1605	-31148.7164	744760.1605	3501014.2836	4912252.1839	2.2589e-18
714	66888.7634	-31188.8275	744851.7634	3500974.1725	4912252.1839	2.0892e-18
715	66980.3664	-31228.9386	744943.3664	3500934.0614	4912252.1839	1.9322e-18
716	67071.9693	-31269.0497	745034.9693	3500893.9503	4912252.1839	1.7870e-18
717	67163.5723	-31309.1608	745126.5723	3500853.8392	4912252.1839	1.6528e-18
718	67255.1752	-31349.2719	745218.1752	3500813.7281	4912252.1839	1.5286e-18
719	67346.7782	-31389.3830	745309.7782	3500773.6170	4912252.1839	1.4137e-18
720	67438.3811	-31429.4941	745401.3811	3500733.5059	4912252.1839	1.3075e-18
721	67529.9840	-31469.6052	745492.9840	3500693.3948	4912252.1839	1.2093e-18
722	67621.5870	-31509.7164	745584.5870	3500653.2836	4912252.1839	1.1184e-18
723	67713.1899	-31549.8275	745676.1899	3500613.1725	4912252.1839	1.0344e-18
724	67804.7929	-31589.9386	745767.7929	3500573.0614	4912252.1839	9.5671e-19
725	67896.3958	-31630.0497	745859.3958	3500532.9503	4912252.1839	8.8484e-19
726	67987.9987	-31670.1608	745950.9987	3500492.8392	4912252.1839	8.1836e-19
727	68079.6017	-31710.2719	746042.6017	3500452.7281	4912252.1839	7.5689e-19
728	68171.2046	-31750.3830	746134.2046	3500412.6170	4912252.1839	7.0003e-19
729	68262.8076	-31790.4941	746225.8076	3500372.5059	4912252.1839	6.4744e-19
730	68354.4105	-31830.6052	746317.4105	3500332.3948	4912252.1839	5.9881e-19
731	68446.0135	-31870.7163	746409.0135	3500292.2837	4912252.1839	5.5383e-19
732	68537.6164	-31910.8274	746500.6164	3500252.1726	4912252.1839	5.1223e-19
733	68629.2193	-31950.9385	746592.2193	3500212.0615	4912252.1839	4.7375e-19
734	68720.8223	-31991.0497	746683.8223	3500171.9503	4912252.1839	4.3816e-19
735	68812.4252	-32031.1608	746775.4252	3500131.8392	4912252.1839	4.0525e-19
736	68904.0282	-32071.2719	746867.0282	3500091.7281	4912252.1839	3.7481e-19
737	68995.6311	-32111.3830	746958.6311	3500051.6170	4912252.1839	3.4666e-19
738	69087.2340	-32151.4941	747050.2340	3500011.5059	4912252.1839	3.2062e-19
739	69178.8370	-32191.6052	747141.8370	3499971.3948	4912252.1839	2.9654e-19
740	69270.4399	-32231.7163	747233.4399	3499931.2837	4912252.1839	2.7427e-19
741	69362.0429	-32271.8274	747325.0429	3499891.1726	4912252.1839	2.5367e-19
742	69453.6458	-32311.9385	747416.6458	3499851.0615	4912252.1839	2.3462e-19
743	69545.2488	-32352.0496	747508.2488	3499810.9504	4912252.1839	2.1700e-19
744	69636.8517	-32392.1607	747599.8517	3499770.8393	4912252.1839	2.0070e-19
745	69728.4546	-32432.2718	747691.4546	3499730.7282	4912252.1839	1.8563e-19
746	69820.0576	-32472.3830	747783.0576	3499690.6170	4912252.1839	1.7169e-19
747	69911.6605	-32512.4941	747874.6605	3499650.5059	4912252.1839	1.5879e-19
748	70003.2635	-32552.6052	747966.2635	3499610.3948	4912252.1839	1.4687e-19
749	70094.8664	-32592.7163	748057.8664	3499570.2837	4912252.1839	1.3584e-19
750	70186.4694	-32632.8274	748149.4694	3499530.1726	4912252.1839	1.2564e-19
751	70278.0723	-32672.9385	748241.0723	3499490.0615	4912252.1839	1.1620e-19
752	70369.6752	-32713.0496	748332.6752	3499449.9504	4912252.1839	1.0748e-19
753	70461.2782	-32753.1607	748424.2782	3499409.8393	4912252.1839	9.9406e-20
754	70552.8811	-32793.2718	748515.8811	3499369.7282	4912252.1839	9.1941e-20
755	70644.4841	-32833.3829	748607.4841	3499329.6171	4912252.1839	8.5037e-20
756	70736.0870	-32873.4940	748699.0870	3499289.5060	4912252.1839	7.8652e-20
757	70827.6899	-32913.6052	748790.6899	3499249.3948	4912252.1839	7.2746e-20
758	70919.2929	-32953.7163	748882.2929	3499209.2837	4912252.1839	6.7284e-20
759	71010.8958	-32993.8274	748973.8958	3499169.1726	4912252.1839	6.2231e-20
760	71102.4988	-33033.9385	749065.4988	3499129.0615	4912252.1839	5.7559e-20
761	71194.1017	-33074.0496	749157.1017	3499088.9504	4912252.1839	5.3237e-20
762	71285.7047	-33114.1607	749248.7047	3499048.8393	4912252.1839	4.9240e-20
763	71377.3076	-33154.2718	749340.3076	3499008.7282	4912252.1839	4.5543e-20
764	71468.9105	-33194.3829	749431.9105	3498968.6171	4912252.1839	4.2123e-20
765	71560.5135	-33234.4940	749523.5135	3498928.5060	4912252.1839	3.8961e-20
766	71652.1164	-33274.6051	749615.1164	3498888.3949	4912252.1839	3.6035e-20
767	71743.7194	-33314.7162	749706.7194	3498848.2838	4912252.1839	3.3330e-20
768	71835.3223	-33354.8273	749798.3223	3498808.1727	4912252.1839	3.0828e-20
769	71926.9252	-33394.9385	749889.9252	3498768.0615	4912252.1839	2.8513e-20
770	72018.5282	-33435.0496	749981.5282	3498727.9504	4912252.1839	2.6373e-20
771	72110.1311	-33475.1607	750073.1311	3498687.8393	4912252.1839	2.4393e-20
772	72201.7341	-33515.2718	750164.7341	3498647.7282	4912252.1839	2.2561e-20
773	72293.3370	-33555.3829	750256.3370	3498607.6171	4912252.1839	2.0868e-20
774	72384.9400	-33595.4940	750347.9400	3498567.5060	4912252.1839	1.9301e-20
775	72476.5429	-33635.6051	750439.5429	3498527.3949	4912252.1839	1.7852e-20
776	72568.1458	-33675.7162	750531.1458	3498487.2838	4912252.1839	1.6512e-20
777	72659.7488	-33715.8273	750622.7488	3498447.1727	4912252.1839	1.5272e-20
778	72751.3517	-33755.9384	750714.3517	3498407.0616	4912252.1839	1.4126e-20
779	72842.9547	-33796.0495	750805.9547	3498366.9505	4912252.1839	1.3066e-20
780	72934.5576	-33836.1606	750897.5576	3498326.8394	4912252.1839	1.2085e-20
781	73026.1606	-33876.2718	750989.1606	3498286.7282	4912252.1839	1.1178e-20
782	73117.7635	-33916.3829	751080.7635	3498246.6171	4912252.1839	1.0339e-20
783	73209.3664	-33956.4940	751172.3664	3498206.5060	4912252.1839	9.5626e-21
784	73300.9694	-33996.6051	751263.9694	3498166.3949	4912252.1839	8.8448e-21
785	73392.5723	-34036.7162	751355.5723	3498126.2838	4912252.1839	8.1809e-21
786	73484.1753	-34076.8273	751447.1753	3498086.1727	4912252.1839	7.5669e-21
787	73575.7782	-34116.9384	751538.7782	3498046.0616	4912252.1839	6.9989e-21
788	73667.3811	-34157.0495	751630.3811	3498005.9505	4912252.1839	6.4736e-21
789	73758.9841	-34197.1606	751721.9841	3497965.8394	4912252.1839	5.9877e-21
790	73850.5870	-34237.2717	751813.5870	3497925.7283	4912252.1839	5.5383e-21
791	73942.1900	-34277.3828	751905.1900	3497885.6172	4912252.1839	5.1226e-21
792	74033.7929	-34317.4940	751996.7929	3497845.5060	4912252.1839	4.7381e-21
793	74125.3959	-34357.6051	752088.3959	3497805.3949	4912252.1839	4.3825e-21
794	74216.9988	-34397.7162	752179.9988	3497765.2838	4912252.1839	4.0536e-21
795	74308.6017	-34437.8273	752271.6017	3497725.1727	4912252.1839	3.7494e-21
796	74400.2047	-34477.9384	752363.2047	3497685.0616	4912252.1839	3.4680e-21
797	74491.8076	-34518.0495	752454.8076	3497644.9505	4912252.1839	3.2077e-21
798	74583.4106	-34558.1606	752546.4106	3497604.8394	4912252.1839	2.9670e-21
799	74675.0135	-34598.2717	752638.0135	3497564.7283	4912252.1839	2.7443e-21
800	74766.6164	-34638.3828	752729.6164	3497524.6172	4912252.1839	2.5384e-21
801	74858.2194	-34678.4939	752821.2194	3497484.5061	4912252.1839	2.3479e-21
802	74949.8223	-34718.6050	752912.8223	3497444.3950	4912252.1839	2.1717e-21
803	75041.4253	-34758.7161	753004.4253	3497404.2839	4912252.1839	2.0087e-21
804	75133.0282	-34798.8273	753096.0282	3497364.1727	4912252.1839	1.8580e-21
805	75224.6312	-34838.9384	753187.6312	3497324.0616	4912252.1839	1.7185e-21
806	75316.2341	-34879.0495	753279.2341	3497283.9505	4912252.1839	1.5896e-21
807	75407.8370	-34919.1606	753370.8370	3497243.8394	4912252.1839	1.4703e-21
808	75499.4400	-34959.2717	753462.4400	3497203.7283	4912252.1839	1.3600e-21
809	75591.0429	-34999.3828	753554.0429	3497163.6172	4912252.1839	1.2579e-21
810	75682.6459	-35039.4939	753645.6459	3497123.5061	4912252.1839	1.1635e-21
811	75774.2488	-35079.6050	753737.2488	3497083.3950	4912252.1839	1.0762e-21
812	75865.8517	-35119.7161	753828.8517	3497043.2839	4912252.1839	9.9545e-22
813	75957.4547	-35159.8272	753920.4547	3497003.1728	4912252.1839	9.2076e-22
814	76049.0576	-35199.9383	754012.0576	3496963.0617	4912252.1839	8.5167e-22
815	76140.6606	-35240.0495	754103.6606	3496922.9505	4912252.1839	7.8777e-22
816	76232.2635	-35280.1606	754195.2635	3496882.8394	4912252.1839	7.2866e-22
817	76323.8665	-35320.2717	754286.8665	3496842.7283	4912252.1839	6.7399e-22
818	76415.4694	-35360.3828	754378.4694	3496802.6172	4912252.1839	6.2342e-22
819	76507.0723	-35400.4939	754470.0723	3496762.5061	4912252.1839	5.7664e-22
820	76598.6753	-35440.6050	754561.6753	3496722.3950	4912252.1839	5.3338e-22
821	76690.2782	-35480.7161	754653.2782	3496682.2839	4912252.1839	4.9336e-22
822	76781.8812	-35520.8272	754744.8812	3496642.1728	4912252.1839	4.5634e-22
823	76873.4841	-35560.9383	754836.4841	3496602.0617	4912252.1839	4.2210e-22
824	76965.0871	-35601.0494	754928.0871	3496561.9506	4912252.1839	3.9044e-22
825	77056.6900	-35641.1605	755019.6900	3496521.8395	4912252.1839	3.6114e-22
826	77148.2929	-35681.2716	755111.2929	3496481.7284	4912252.1839	3.3405e-22
827	77239.8959	-35721.3828	755202.8959	3496441.6172	4912252.1839	3.0899e-22
828	77331.4988	-35761.4939	755294.4988	3496401.5061	4912252.1839	2.8581e-22
829	77423.1018	-35801.6050	755386.1018	3496361.3950	4912252.1839	2.6436e-22
830	77514.7047	-35841.7161	755477.7047	3496321.2839	4912252.1839	2.4453e-22
831	77606.3076	-35881.8272	755569.3076	3496281.1728	4912252.1839	2.2619e-22
832	77697.9106	-35921.9383	755660.9106	3496241.0617	4912252.1839	2.0922e-22
833	77789.5135	-35962.0494	755752.5135	3496200.9506	4912252.1839	1.9352e-22
834	77881.1165	-36002.1605	755844.1165	3496160.8395	4912252.1839	1.7901e-22
835	77972.7194	-36042.2716	755935.7194	3496120.7284	4912252.1839	1.6558e-22
836	78064.3224	-36082.3827	756027.3224	3496080.6173	4912252.1839	1.5316e-22
837	78155.9253	-36122.4938	756118.9253	3496040.5062	4912252.1839	1.4167e-22
838	78247.5282	-36162.6049	756210.5282	3496000.3951	4912252.1839	1.3104e-22
839	78339.1312	-36202.7161	756302.1312	3495960.2839	4912252.1839	1.2121e-22
840	78430.7341	-36242.8272	756393.7341	3495920.1728	4912252.1839	1.1212e-22
841	78522.3371	-36282.9383	756485.3371	3495880.0617	4912252.1839	1.0371e-22
842	78613.9400	-36323.0494	756576.9400	3495839.9506	4912252.1839	9.5928e-23
843	78705.5429	-36363.1605	756668.5429	3495799.8395	4912252.1839	8.8733e-23
844	78797.1459	-36403.2716	756760.1459	3495759.7284	4912252.1839	8.2077e-23
845	78888.7488	-36443.3827	756851.7488	3495719.6173	4912252.1839	7.5920e-23
846	78980.3518	-36483.4938	756943.3518	3495679.5062	4912252.1839	7.0226e-23
847	79071.9547	-36523.6049	757034.9547	3495639.3951	4912252.1839	6.4958e-23
848	79163.5577	-36563.7160	757126.5577	3495599.2840	4912252.1839	6.0086e-23
849	79255.1606	-36603.8271	757218.1606	3495559.1729	4912252.1839	5.5579e-23
850	79346.7635	-36643.9383	757309.7635	3495519.0617	4912252.1839	5.1410e-23
851	79438.3665	-36684.0494	757401.3665	3495478.9506	4912252.1839	4.7554e-23
852	79529.9694	-36724.1605	757492.9694	3495438.8395	4912252.1839	4.3988e-23
853	79621.5724	-36764.2716	757584.5724	3495398.7284	4912252.1839	4.0688e-23
854	79713.1753	-36804.3827	757676.1753	3495358.6173	4912252.1839	3.7637e-23
855	79804.7783	-36844.4938	757767.7783	3495318.5062	4912252.1839	3.4814e-23
856	79896.3812	-36884.6049	757859.3812	3495278.3951	4912252.1839	3.2203e-23
857	79987.9841	-36924.7160	757950.9841	3495238.2840	4912252.1839	2.9788e-23
858	80079.5871	-36964.8271	758042.5871	3495198.1729	4912252.1839	2.7554e-23
859	80171.1900	-37004.9382	758134.1900	3495158.0618	4912252.1839	2.5487e-23
860	80262.7930	-37045.0493	758225.7930	3495117.9507	4912252.1839	2.3576e-23
861	80354.3959	-37085.1604	758317.3959	3495077.8396	4912252.1839	2.1808e-23
862	80445.9988	-37125.2716	758408.9988	3495037.7284	4912252.1839	2.0172e-23
863	80537.6018	-37165.3827	758500.6018	3494997.6173	4912252.1839	1.8659e-23
864	80629.2047	-37205.4938	758592.2047	3494957.5062	4912252.1839	1.7260e-23
865	80720.8077	-37245.6049	758683.8077	3494917.3951	4912252.1839	1.5966e-23
866	80812.4106	-37285.7160	758775.4106	3494877.2840	4912252.1839	1.4768e-23
867	80904.0136	-37325.8271	758867.0136	3494837.1729	4912252.1839	1.3661e-23
868	80995.6165	-37365.9382	758958.6165	3494797.0618	4912252.1839	1.2636e-23
869	81087.2194	-37406.0493	759050.2194	3494756.9507	4912252.1839	1.1689e-23
870	81178.8224	-37446.1604	759141.8224	3494716.8396	4912252.1839	1.0812e-23
871	81270.4253	-37486.2715	759233.4253	3494676.7285	4912252.1839	1.0001e-23
872	81362.0283	-37526.3826	759325.0283	3494636.6174	4912252.1839	9.2514e-24
873	81453.6312	-37566.4938	759416.6312	3494596.5062	4912252.1839	8.5576e-24
874	81545.2341	-37606.6049	759508.2341	3494556.3951	4912252.1839	7.9159e-24
875	81636.8371	-37646.7160	759599.8371	3494516.2840	4912252.1839	7.3223e-24
876	81728.4400	-37686.8271	759691.4400	3494476.1729	4912252.1839	6.7732e-24
877	81820.0430	-37726.9382	759783.0430	3494436.0618	4912252.1839	6.2653e-24
878	81911.6459	-37767.0493	759874.6459	3494395.9507	4912252.1839	5.7955e-24
879	82003.2489	-37807.1604	759966.2489	3494355.8396	4912252.1839	5.3610e-24
880	82094.8518	-37847.2715	760057.8518	3494315.7285	4912252.1839	4.9590e-24
881	82186.4547	-37887.3826	760149.4547	3494275.6174	4912252.1839	4.5872e-24
882	82278.0577	-37927.4937	760241.0577	3494235.5063	4912252.1839	4.2432e-24
883	82369.6606	-37967.6048	760332.6606	3494195.3952	4912252.1839	3.9250e-24
884	82461.2636	-38007.7159	760424.2636	3494155.2841	4912252.1839	3.6307e-24
885	82552.8665	-38047.8271	760515.8665	3494115.1729	4912252.1839	3.3585e-24
886	82644.4695	-38087.9382	760607.4695	3494075.0618	4912252.1839	3.1067e-24
887	82736.0724	-38128.0493	760699.0724	3494034.9507	4912252.1839	2.8738e-24
888	82827.6753	-38168.1604	760790.6753	3493994.8396	4912252.1839	2.6583e-24
889	82919.2783	-38208.2715	760882.2783	3493954.7285	4912252.1839	2.4590e-24
890	83010.8812	-38248.3826	760973.8812	3493914.6174	4912252.1839	2.2746e-24
891	83102.4842	-38288.4937	761065.4842	3493874.5063	4912252.1839	2.1041e-24
892	83194.0871	-38328.6048	761157.0871	3493834.3952	4912252.1839	1.9463e-24
893	83285.6900	-38368.7159	761248.6900	3493794.2841	4912252.1839	1.8004e-24
894	83377.2930	-38408.8270	761340.2930	3493754.1730	4912252.1839	1.6654e-24
895	83468.8959	-38448.9381	761431.8959	3493714.0619	4912252.1839	1.5406e-24
896	83560.4989	-38489.0492	761523.4989	3493673.9508	4912252.1839	1.4251e-24
897	83652.1018	-38529.1604	761615.1018	3493633.8396	4912252.1839	1.3182e-24
898	83743.7048	-38569.2715	761706.7048	3493593.7285	4912252.1839	1.2194e-24
899	83835.3077	-38609.3826	761798.3077	3493553.6174	4912252.1839	1.1280e-24
900	83926.9106	-38649.4937	761889.9106	3493513.5063	4912252.1839	1.0434e-24
901	84018.5136	-38689.6048	761981.5136	3493473.3952	4912252.1839	9.6518e-25
902	84110.1165	-38729.7159	762073.1165	3493433.2841	4912252.1839	8.9283e-25
903	84201.7195	-38769.8270	762164.7195	3493393.1730	4912252.1839	8.2589e-25
904	84293.3224	-38809.9381	762256.3224	3493353.0619	4912252.1839	7.6398e-25
905	84384.9253	-38850.0492	762347.9253	3493312.9508	4912252.1839	7.0671e-25
906	84476.5283	-38890.1603	762439.5283	3493272.8397	4912252.1839	6.5373e-25
907	84568.1312	-38930.2714	762531.1312	3493232.7286	4912252.1839	6.0472e-25
908	84659.7342	-38970.3826	762622.7342	3493192.6174	4912252.1839	5.5939e-25
909	84751.3371	-39010.4937	762714.3371	3493152.5063	4912252.1839	5.1745e-25
910	84842.9401	-39050.6048	762805.9401	3493112.3952	4912252.1839	4.7866e-25
911	84934.5430	-39090.7159	762897.5430	3493072.2841	4912252.1839	4.4278e-25
912	85026.1459	-39130.8270	762989.1459	3493032.1730	4912252.1839	4.0959e-25
913	85117.7489	-39170.9381	763080.7489	3492992.0619	4912252.1839	3.7889e-25
914	85209.3518	-39211.0492	763172.3518	3492951.9508	4912252.1839	3.5049e-25
915	85300.9548	-39251.1603	763263.9548	3492911.8397	4912252.1839	3.2421e-25
916	85392.5577	-39291.2714	763355.5577	3492871.7286	4912252.1839	2.9991e-25
917	85484.1606	-39331.3825	763447.1606	3492831.6175	4912252.1839	2.7743e-25
918	85575.7636	-39371.4936	763538.7636	3492791.5064	4912252.1839	2.5663e-25
919	85667.3665	-39411.6047	763630.3665	3492751.3953	4912252.1839	2.3740e-25
920	85758.9695	-39451.7159	763721.9695	3492711.2841	4912252.1839	2.1960e-25
921	85850.5724	-39491.8270	763813.5724	3492671.1730	4912252.1839	2.0314e-25
922	85942.1754	-39531.9381	763905.1754	3492631.0619	4912252.1839	1.8792e-25
923	86033.7783	-39572.0492	763996.7783	3492590.9508	4912252.1839	1.7383e-25
924	86125.3812	-39612.1603	764088.3812	3492550.8397	4912252.1839	1.6080e-25
925	86216.9842	-39652.2714	764179.9842	3492510.7286	4912252.1839	1.4875e-25
926	86308.5871	-39692.3825	764271.5871	3492470.6175	4912252.1839	1.3760e-25
927	86400.1901	-39732.4936	764363.1901	3492430.5064	4912252.1839	1.2729e-25
928	86491.7930	-39772.6047	764454.7930	3492390.3953	4912252.1839	1.1775e-25
929	86583.3960	-39812.7158	764546.3960	3492350.2842	4912252.1839	1.0892e-25
930	86674.9989	-39852.8269	764637.9989	3492310.1731	4912252.1839	1.0076e-25
931	86766.6018	-39892.9381	764729.6018	3492270.0619	4912252.1839	9.3205e-26
932	86858.2048	-39933.0492	764821.2048	3492229.9508	4912252.1839	8.6219e-26
933	86949.8077	-39973.1603	764912.8077	3492189.8397	4912252.1839	7.9757e-26
934	87041.4107	-40013.2714	765004.4107	3492149.7286	4912252.1839	7.3779e-26
935	87133.0136	-40053.3825	765096.0136	3492109.6175	4912252.1839	6.8250e-26
936	87224.6165	-40093.4936	765187.6165	3492069.5064	4912252.1839	6.3135e-26
937	87316.2195	-40133.6047	765279.2195	3492029.3953	4912252.1839	5.8403e-26
938	87407.8224	-40173.7158	765370.8224	3491989.2842	4912252.1839	5.4026e-26
939	87499.4254	-40213.8269	765462.4254	3491949.1731	4912252.1839	4.9977e-26
940	87591.0283	-40253.9380	765554.0283	3491909.0620	4912252.1839	4.6231e-26
941	87682.6313	-40294.0491	765645.6313	3491868.9509	4912252.1839	4.2766e-26
942	87774.2342	-40334.1602	765737.2342	3491828.8398	4912252.1839	3.9561e-26
943	87865.8371	-40374.2714	765828.8371	3491788.7286	4912252.1839	3.6597e-26
944	87957.4401	-40414.3825	765920.4401	3491748.6175	4912252.1839	3.3854e-26
945	88049.0430	-40454.4936	766012.0430	3491708.5064	4912252.1839	3.1317e-26
946	88140.6460	-40494.6047	766103.6460	3491668.3953	4912252.1839	2.8970e-26
947	88232.2489	-40534.7158	766195.2489	3491628.2842	4912252.1839	2.6799e-26
948	88323.8518	-40574.8269	766286.8518	3491588.1731	4912252.1839	2.4791e-26
949	88415.4548	-40614.9380	766378.4548	3491548.0620	4912252.1839	2.2933e-26
950	88507.0577	-40655.0491	766470.0577	3491507.9509	4912252.1839	2.1214e-26
951	88598.6607	-40695.1602	766561.6607	3491467.8398	4912252.1839	1.9624e-26
952	88690.2636	-40735.2713	766653.2636	3491427.7287	4912252.1839	1.8154e-26
953	88781.8666	-40775.3824	766744.8666	3491387.6176	4912252.1839	1.6793e-26
954	88873.4695	-40815.4935	766836.4695	3491347.5065	4912252.1839	1.5535e-26
955	88965.0724	-40855.6047	766928.0724	3491307.3953	4912252.1839	1.4371e-26
956	89056.6754	-40895.7158	767019.6754	3491267.2842	4912252.1839	1.3294e-26
957	89148.2783	-40935.8269	767111.2783	3491227.1731	4912252.1839	1.2298e-26
958	89239.8813	-40975.9380	767202.8813	3491187.0620	4912252.1839	1.1376e-26
959	89331.4842	-41016.0491	767294.4842	3491146.9509	4912252.1839	1.0524e-26
960	89423.0872	-41056.1602	767386.0872	3491106.8398	4912252.1839	9.7351e-27
961	89514.6901	-41096.2713	767477.6901	3491066.7287	4912252.1839	9.0057e-27
962	89606.2930	-41136.3824	767569.2930	3491026.6176	4912252.1839	8.3308e-27
963	89697.8960	-41176.4935	767660.8960	3490986.5065	4912252.1839	7.7066e-27
964	89789.4989	-41216.6046	767752.4989	3490946.3954	4912252.1839	7.1291e-27
965	89881.1019	-41256.7157	767844.1019	3490906.2843	4912252.1839	6.5949e-27
966	89972.7048	-41296.8269	767935.7048	3490866.1731	4912252.1839	6.1008e-27
967	90064.3077	-41336.9380	768027.3077	3490826.0620	4912252.1839	5.6436e-27
968	90155.9107	-41377.0491	768118.9107	3490785.9509	4912252.1839	5.2208e-27
969	90247.5136	-41417.1602	768210.5136	3490745.8398	4912252.1839	4.8296e-27
970	90339.1166	-41457.2713	768302.1166	3490705.7287	4912252.1839	4.4677e-27
971	90430.7195	-41497.3824	768393.7195	3490665.6176	4912252.1839	4.1329e-27
972	90522.3225	-41537.4935	768485.3225	3490625.5065	4912252.1839	3.8233e-27
973	90613.9254	-41577.6046	768576.9254	3490585.3954	4912252.1839	3.5368e-27
974	90705.5283	-41617.7157	768668.5283	3490545.2843	4912252.1839	3.2718e-27
975	90797.1313	-41657.8268	768760.1313	3490505.1732	4912252.1839	3.0267e-27
976	90888.7342	-41697.9379	768851.7342	3490465.0621	4912252.1839	2.7999e-27
977	90980.3372	-41738.0490	768943.3372	3490424.9510	4912252.1839	2.5901e-27
978	91071.9401	-41778.1602	769034.9401	3490384.8398	4912252.1839	2.3960e-27
979	91163.5430	-41818.2713	769126.5430	3490344.7287	4912252.1839	2.2165e-27
980	91255.1460	-41858.3824	769218.1460	3490304.6176	4912252.1839	2.0505e-27
981	91346.7489	-41898.4935	769309.7489	3490264.5065	4912252.1839	1.8968e-27
982	91438.3519	-41938.6046	769401.3519	3490224.3954	4912252.1839	1.7547e-27
983	91529.9548	-41978.7157	769492.9548	3490184.2843	4912252.1839	1.6233e-27
984	91621.5578	-42018.8268	769584.5578	3490144.1732	4912252.1839	1.5016e-27
985	91713.1607	-42058.9379	769676.1607	3490104.0621	4912252.1839	1.3891e-27
986	91804.7636	-42099.0490	769767.7636	3490063.9510	4912252.1839	1.2851e-27
987	91896.3666	-42139.1601	769859.3666	3490023.8399	4912252.1839	1.1888e-27
988	91987.9695	-42179.2712	769950.9695	3489983.7288	4912252.1839	1.0997e-27
989	92079.5725	-42219.3823	770042.5725	3489943.6177	4912252.1839	1.0173e-27
990	92171.1754	-42259.4935	770134.1754	3489903.5065	4912252.1839	9.4111e-28
991	92262.7784	-42299.6046	770225.7784	3489863.3954	4912252.1839	8.7061e-28
992	92354.3813	-42339.7157	770317.3813	3489823.2843	4912252.1839	8.0538e-28
993	92445.9842	-42379.8268	770408.9842	3489783.1732	4912252.1839	7.4505e-28
994	92537.5872	-42419.9379	770500.5872	3489743.0621	4912252.1839	6.8923e-28
995	92629.1901	-42460.0490	770592.1901	3489702.9510	4912252.1839	6.3760e-28
996	92720.7931	-42500.1601	770683.7931	3489662.8399	4912252.1839	5.8983e-28
997	92812.3960	-42540.2712	770775.3960	3489622.7288	4912252.1839	5.4564e-28
998	92903.9989	-42580.3823	770866.9989	3489582.6177	4912252.1839	5.0477e-28
999	92995.6019	-42620.4934	770958.6019	3489542.5066	4912252.1839	4.6695e-28
