i	x_from_vent	y_from_vent	x_coord	y_coord	cloud_sigma2	mass_released
0	157497.8888	-232775.5298	835460.8888	3299387.4702	27853059880.8706	2.6870e+04
1	180049.1682	-270436.3269	858012.1682	3261726.6731	32954877652.4109	2.6859e+04
2	203025.4268	-308196.7207	880988.4268	3223966.2793	38248603119.9148	2.6849e+04
3	227245.6664	-345721.0720	905208.6664	3186441.9280	43752927969.3281	2.6839e+04
4	252819.7096	-382765.8314	930782.7096	3149397.1686	49453730252.0190	2.6829e+04
5	279536.0844	-419099.9438	957499.0844	3113063.0562	55316287789.1254	2.6818e+04
6	307088.0086	-454520.2414	985051.0086	3077642.7586	61299892488.4587	2.6808e+04
7	335645.1421	-488972.8320	1013608.1421	3043190.1680	67363595376.9545	2.6798e+04
8	364730.4524	-521978.7713	1042693.4524	3010184.2287	73468797675.5809	2.6788e+04
9	393555.7341	-553422.3769	1071518.7341	2978740.6231	79601025158.2148	2.6777e+04
10	422272.4243	-583324.6498	1100235.4243	2948838.3502	85754297539.1889	2.6767e+04
11	451103.7536	-611661.1443	1129066.7536	2920501.8557	91920889207.3381	2.6757e+04
12	479371.4100	-638764.1668	1157334.4100	2893398.8332	98098003070.7875	2.6747e+04
13	507839.6706	-664426.7954	1185802.6706	2867736.2046	104272812103.1178	2.6736e+04
14	535822.4488	-688964.8648	1213785.4488	2843198.1352	110441658655.4991	2.6726e+04
15	563663.2184	-712300.6328	1241626.2184	2819862.3672	116593715826.7928	2.6716e+04
16	591180.9869	-734538.7753	1269143.9869	2797624.2247	122721703920.5586	2.6706e+04
17	618390.5252	-755725.3304	1296353.5252	2776437.6696	128816978931.8068	2.6695e+04
18	645247.4879	-775896.7580	1323210.4879	2756266.2420	134871348880.4984	2.6685e+04
19	671793.2425	-795072.3727	1349756.2425	2737090.6273	140876050252.6408	2.6675e+04
20	697788.4036	-813398.3683	1375751.4036	2718764.6317	146824775814.1395	2.6665e+04
21	723618.8564	-830677.4548	1401581.8564	2701485.5452	152705963447.5103	2.6655e+04
22	748570.0612	-847366.7249	1426533.0612	2684796.2751	158517986976.8908	2.6645e+04
23	773602.6982	-862860.9486	1451565.6982	2669302.0514	164244036067.6128	2.6634e+04
24	797779.6063	-877801.9590	1475742.6063	2654361.0410	169885174546.0577	2.6624e+04
25	821475.9377	-891940.5939	1499438.9377	2640222.4061	175430239963.1075	2.6614e+04
26	844799.6942	-905219.4125	1522762.6942	2626943.5875	180870689607.2661	2.6604e+04
27	867264.8026	-918008.0274	1545227.8026	2614154.9726	186204296826.4483	2.6594e+04
28	889351.2730	-930013.5942	1567314.2730	2602149.4058	191418597371.2695	2.6583e+04
29	910863.2783	-941375.7879	1588826.2783	2590787.2121	196508945914.9096	2.6573e+04
30	931520.6407	-952285.5535	1609483.6407	2579877.4465	201468910474.2173	2.6563e+04
31	951630.1892	-962661.2019	1629593.1892	2569501.7981	206295124682.4623	2.6553e+04
32	971237.5665	-972504.2645	1649200.5665	2559658.7355	210980238382.5544	2.6543e+04
33	990015.9654	-981930.7618	1667978.9654	2550232.2382	215525762949.4208	2.6533e+04
34	1007983.1471	-990949.6249	1685946.1471	2541213.3751	219928609163.0656	2.6523e+04
35	1025580.0862	-999528.3290	1703543.0862	2532634.6710	224178915902.4901	2.6512e+04
36	1042472.4240	-1007708.9677	1720435.4240	2524454.0323	228279813229.7945	2.6502e+04
37	1058578.8524	-1015508.6611	1736541.8524	2516654.3389	232230617517.9836	2.6492e+04
38	1073914.4682	-1022934.7354	1751877.4682	2509228.2646	236029263202.9921	2.6482e+04
39	1088676.6528	-1029971.4951	1766639.6528	2502191.5049	239670710006.4815	2.6472e+04
40	1102919.9110	-1036620.4744	1780882.9110	2495542.5256	243152481104.3982	2.6462e+04
41	1116411.5372	-1042918.3144	1794374.5372	2489244.6856	246477313515.7488	2.6452e+04
42	1129164.0897	-1048870.8916	1807127.0897	2483292.1084	249643878308.9224	2.6442e+04
43	1141189.4551	-1054483.7692	1819152.4551	2477679.2308	252650999790.6050	2.6432e+04
44	1152498.8804	-1059762.2116	1830461.8804	2472400.7884	255497647652.2794	2.6421e+04
45	1163317.4176	-1064678.8892	1841280.4176	2467484.1108	258179034426.1172	2.6411e+04
46	1173508.5177	-1069260.6047	1851471.5177	2462902.3953	260697012429.5120	2.6401e+04
47	1182994.1721	-1073525.0006	1860957.1721	2458637.9994	263052543564.1623	2.6391e+04
48	1191783.6324	-1077476.2498	1869746.6324	2454686.7502	265245127549.1648	2.6381e+04
49	1199885.6444	-1081118.2976	1877848.6444	2451044.7024	267274383606.4133	2.6371e+04
50	1207308.4757	-1084454.8746	1885271.4757	2447708.1254	269140047477.0109	2.6361e+04
51	1214059.9422	-1087489.5078	1892022.9422	2444673.4922	270841968918.1571	2.6351e+04
52	1220147.4327	-1090225.5325	1898110.4327	2441937.4675	272380109622.1003	2.6341e+04
53	1225577.9334	-1092666.1028	1903540.9334	2439496.8972	273754541507.6766	2.6331e+04
54	1230358.0504	-1094814.2020	1908321.0504	2437348.7980	274965445342.6276	2.6321e+04
55	1232025.1470	-1095556.9439	1909988.1470	2436606.0561	275384227313.6970	2.6311e+04
56	1232768.7015	-1095883.7701	1910731.7015	2436279.2299	275565945717.3293	2.6301e+04
57	1233391.1881	-1096157.3248	1911354.1881	2436005.6752	275714709867.2355	2.6291e+04
58	1233893.6113	-1096378.0625	1911856.6113	2435784.9375	275830763110.7986	2.6281e+04
59	1234276.9225	-1096546.4142	1912239.9225	2435616.5858	275914341468.8997	2.6271e+04
60	1234542.0233	-1096662.7892	1912505.0233	2435500.2108	275965674379.4941	2.6261e+04
61	1234689.7687	-1096727.5760	1912652.7687	2435435.4240	275984985431.8572	2.6251e+04
62	1234781.3716	-1096767.6871	1912744.3716	2435395.3129	275984985431.8572	2.6241e+04
63	1234872.9746	-1096807.7982	1912835.9746	2435355.2018	275984985431.8572	2.6231e+04
64	1234964.5775	-1096847.9093	1912927.5775	2435315.0907	275984985431.8572	2.6221e+04
65	1235056.1804	-1096888.0204	1913019.1804	2435274.9796	275984985431.8572	2.6211e+04
66	1235147.7834	-1096928.1315	1913110.7834	2435234.8685	275984985431.8572	2.6201e+04
67	1235239.3863	-1096968.2427	1913202.3863	2435194.7573	275984985431.8572	2.6191e+04
68	1235330.9893	-1097008.3538	1913293.9893	2435154.6462	275984985431.8572	2.6181e+04
69	1235422.5922	-1097048.4649	1913385.5922	2435114.5351	275984985431.8572	2.6171e+04
70	1235514.1951	-1097088.5760	1913477.1951	2435074.4240	275984985431.8572	2.6161e+04
71	1235605.7981	-1097128.6871	1913568.7981	2435034.3129	275984985431.8572	2.6151e+04
72	1235697.4010	-1097168.7982	1913660.4010	2434994.2018	275984985431.8572	2.6141e+04
73	1235789.0040	-1097208.9093	1913752.0040	2434954.0907	275984985431.8572	2.6131e+04
74	1235880.6069	-1097249.0204	1913843.6069	2434913.9796	275984985431.8572	2.6121e+04
75	1235972.2099	-1097289.1315	1913935.2099	2434873.8685	275984985431.8572	2.6111e+04
76	1236063.8128	-1097329.2426	1914026.8128	2434833.7574	275984985431.8572	2.6101e+04
77	1236155.4157	-1097369.3537	1914118.4157	2434793.6463	275984985431.8572	2.6091e+04
78	1236247.0187	-1097409.4649	1914210.0187	2434753.5351	275984985431.8572	2.6081e+04
79	1236338.6216	-1097449.5760	1914301.6216	2434713.4240	275984985431.8572	2.6071e+04
80	1236430.2246	-1097489.6871	1914393.2246	2434673.3129	275984985431.8572	2.6061e+04
81	1236521.8275	-1097529.7982	1914484.8275	2434633.2018	275984985431.8572	2.6051e+04
82	1236613.4304	-1097569.9093	1914576.4304	2434593.0907	275984985431.8572	2.6041e+04
83	1236705.0334	-1097610.0204	1914668.0334	2434552.9796	275984985431.8572	2.6031e+04
84	1236796.6363	-1097650.1315	1914759.6363	2434512.8685	275984985431.8572	2.6021e+04
85	1236888.2393	-1097690.2426	1914851.2393	2434472.7574	275984985431.8572	2.6011e+04
86	1236979.8422	-1097730.3537	1914942.8422	2434432.6463	275984985431.8572	2.6001e+04
87	1237071.4452	-1097770.4648	1915034.4452	2434392.5352	275984985431.8572	2.5991e+04
88	1237163.0481	-1097810.5759	1915126.0481	2434352.4241	275984985431.8572	2.5982e+04
89	1237254.6510	-1097850.6870	1915217.6510	2434312.3130	275984985431.8572	2.5972e+04
90	1237346.2540	-1097890.7982	1915309.2540	2434272.2018	275984985431.8572	2.5962e+04
91	1237437.8569	-1097930.9093	1915400.8569	2434232.0907	275984985431.8572	2.5952e+04
92	1237529.4599	-1097971.0204	1915492.4599	2434191.9796	275984985431.8572	2.5942e+04
93	1237621.0628	-1098011.1315	1915584.0628	2434151.8685	275984985431.8572	2.5932e+04
94	1237712.6658	-1098051.2426	1915675.6658	2434111.7574	275984985431.8572	2.5922e+04
95	1237804.2687	-1098091.3537	1915767.2687	2434071.6463	275984985431.8572	2.5912e+04
96	1237895.8716	-1098131.4648	1915858.8716	2434031.5352	275984985431.8572	2.5902e+04
97	1237987.4746	-1098171.5759	1915950.4746	2433991.4241	275984985431.8572	2.5893e+04
98	1238079.0775	-1098211.6870	1916042.0775	2433951.3130	275984985431.8572	2.5883e+04
99	1238170.6805	-1098251.7981	1916133.6805	2433911.2019	275984985431.8572	2.5873e+04
100	1238262.2834	-1098291.9092	1916225.2834	2433871.0908	275984985431.8572	2.5863e+04
101	1238353.8863	-1098332.0203	1916316.8863	2433830.9797	275984985431.8572	2.5853e+04
102	1238445.4893	-1098372.1315	1916408.4893	2433790.8685	275984985431.8572	2.5843e+04
103	1238537.0922	-1098412.2426	1916500.0922	2433750.7574	275984985431.8572	2.5833e+04
104	1238628.6952	-1098452.3537	1916591.6952	2433710.6463	275984985431.8572	2.5824e+04
105	1238720.2981	-1098492.4648	1916683.2981	2433670.5352	275984985431.8572	2.5814e+04
106	1238811.9011	-1098532.5759	1916774.9011	2433630.4241	275984985431.8572	2.5804e+04
107	1238903.5040	-1098572.6870	1916866.5040	2433590.3130	275984985431.8572	2.5794e+04
108	1238995.1069	-1098612.7981	1916958.1069	2433550.2019	275984985431.8572	2.5784e+04
109	1239086.7099	-1098652.9092	1917049.7099	2433510.0908	275984985431.8572	2.5774e+04
110	1239178.3128	-1098693.0203	1917141.3128	2433469.9797	275984985431.8572	2.5765e+04
111	1239269.9158	-1098733.1314	1917232.9158	2433429.8686	275984985431.8572	2.5755e+04
112	1239361.5187	-1098773.2425	1917324.5187	2433389.7575	275984985431.8572	2.5745e+04
113	1239453.1216	-1098813.3537	1917416.1216	2433349.6463	275984985431.8572	2.5735e+04
114	1239544.7246	-1098853.4648	1917507.7246	2433309.5352	275984985431.8572	2.5725e+04
115	1239636.3275	-1098893.5759	1917599.3275	2433269.4241	275984985431.8572	2.5715e+04
116	1239727.9305	-1098933.6870	1917690.9305	2433229.3130	275984985431.8572	2.5706e+04
117	1239819.5334	-1098973.7981	1917782.5334	2433189.2019	275984985431.8572	2.5696e+04
118	1239911.1364	-1099013.9092	1917874.1364	2433149.0908	275984985431.8572	2.5686e+04
119	1240002.7393	-1099054.0203	1917965.7393	2433108.9797	275984985431.8572	2.5676e+04
120	1240094.3422	-1099094.1314	1918057.3422	2433068.8686	275984985431.8572	2.5667e+04
121	1240185.9452	-1099134.2425	1918148.9452	2433028.7575	275984985431.8572	2.5657e+04
122	1240277.5481	-1099174.3536	1918240.5481	2432988.6464	275984985431.8572	2.5647e+04
123	1240369.1511	-1099214.4647	1918332.1511	2432948.5353	275984985431.8572	2.5637e+04
124	1240460.7540	-1099254.5758	1918423.7540	2432908.4242	275984985431.8572	2.5627e+04
125	1240552.3570	-1099294.6870	1918515.3570	2432868.3130	275984985431.8572	2.5618e+04
126	1240643.9599	-1099334.7981	1918606.9599	2432828.2019	275984985431.8572	2.5608e+04
127	1240735.5628	-1099374.9092	1918698.5628	2432788.0908	275984985431.8572	2.5598e+04
128	1240827.1658	-1099415.0203	1918790.1658	2432747.9797	275984985431.8572	2.5588e+04
129	1240918.7687	-1099455.1314	1918881.7687	2432707.8686	275984985431.8572	2.5579e+04
130	1241010.3717	-1099495.2425	1918973.3717	2432667.7575	275984985431.8572	2.5569e+04
131	1241101.9746	-1099535.3536	1919064.9746	2432627.6464	275984985431.8572	2.5559e+04
132	1241193.5775	-1099575.4647	1919156.5775	2432587.5353	275984985431.8572	2.5550e+04
133	1241285.1805	-1099615.5758	1919248.1805	2432547.4242	275984985431.8572	2.5540e+04
134	1241376.7834	-1099655.6869	1919339.7834	2432507.3131	275984985431.8572	2.5530e+04
135	1241468.3864	-1099695.7980	1919431.3864	2432467.2020	275984985431.8572	2.5520e+04
136	1241559.9893	-1099735.9091	1919522.9893	2432427.0909	275984985431.8572	2.5511e+04
137	1241651.5923	-1099776.0203	1919614.5923	2432386.9797	275984985431.8572	2.5501e+04
138	1241743.1952	-1099816.1314	1919706.1952	2432346.8686	275984985431.8572	2.5491e+04
139	1241834.7981	-1099856.2425	1919797.7981	2432306.7575	275984985431.8572	2.5482e+04
140	1241926.4011	-1099896.3536	1919889.4011	2432266.6464	275984985431.8572	2.5472e+04
141	1242018.0040	-1099936.4647	1919981.0040	2432226.5353	275984985431.8572	2.5462e+04
142	1242109.6070	-1099976.5758	1920072.6070	2432186.4242	275984985431.8572	2.5452e+04
143	1242201.2099	-1100016.6869	1920164.2099	2432146.3131	275984985431.8572	2.5443e+04
144	1242292.8128	-1100056.7980	1920255.8128	2432106.2020	275984985431.8572	2.5433e+04
145	1242384.4158	-1100096.9091	1920347.4158	2432066.0909	275984985431.8572	2.5423e+04
146	1242476.0187	-1100137.0202	1920439.0187	2432025.9798	275984985431.8572	2.5414e+04
147	1242567.6217	-1100177.1313	1920530.6217	2431985.8687	275984985431.8572	2.5404e+04
148	1242659.2246	-1100217.2425	1920622.2246	2431945.7575	275984985431.8572	2.5394e+04
149	1242750.8276	-1100257.3536	1920713.8276	2431905.6464	275984985431.8572	2.5385e+04
150	1242842.4305	-1100297.4647	1920805.4305	2431865.5353	275984985431.8572	2.5375e+04
151	1242934.0334	-1100337.5758	1920897.0334	2431825.4242	275984985431.8572	2.5365e+04
152	1243025.6364	-1100377.6869	1920988.6364	2431785.3131	275984985431.8572	2.5356e+04
153	1243117.2393	-1100417.7980	1921080.2393	2431745.2020	275984985431.8572	2.5346e+04
154	1243208.8423	-1100457.9091	1921171.8423	2431705.0909	275984985431.8572	2.5336e+04
155	1243300.4452	-1100498.0202	1921263.4452	2431664.9798	275984985431.8572	2.5327e+04
156	1243392.0482	-1100538.1313	1921355.0482	2431624.8687	275984985431.8572	2.5317e+04
157	1243483.6511	-1100578.2424	1921446.6511	2431584.7576	275984985431.8572	2.5308e+04
158	1243575.2540	-1100618.3535	1921538.2540	2431544.6465	275984985431.8572	2.5298e+04
159	1243666.8570	-1100658.4646	1921629.8570	2431504.5354	275984985431.8572	2.5288e+04
160	1243758.4599	-1100698.5758	1921721.4599	2431464.4242	275984985431.8572	2.5279e+04
161	1243850.0629	-1100738.6869	1921813.0629	2431424.3131	275984985431.8572	2.5269e+04
162	1243941.6658	-1100778.7980	1921904.6658	2431384.2020	275984985431.8572	2.5259e+04
163	1244033.2687	-1100818.9091	1921996.2687	2431344.0909	275984985431.8572	2.5250e+04
164	1244124.8717	-1100859.0202	1922087.8717	2431303.9798	275984985431.8572	2.5240e+04
165	1244216.4746	-1100899.1313	1922179.4746	2431263.8687	275984985431.8572	2.5231e+04
166	1244308.0776	-1100939.2424	1922271.0776	2431223.7576	275984985431.8572	2.5221e+04
167	1244399.6805	-1100979.3535	1922362.6805	2431183.6465	275984985431.8572	2.5211e+04
168	1244491.2835	-1101019.4646	1922454.2835	2431143.5354	275984985431.8572	2.5202e+04
169	1244582.8864	-1101059.5757	1922545.8864	2431103.4243	275984985431.8572	2.5192e+04
170	1244674.4893	-1101099.6868	1922637.4893	2431063.3132	275984985431.8572	2.5183e+04
171	1244766.0923	-1101139.7980	1922729.0923	2431023.2020	275984985431.8572	2.5173e+04
172	1244857.6952	-1101179.9091	1922820.6952	2430983.0909	275984985431.8572	2.5164e+04
173	1244949.2982	-1101220.0202	1922912.2982	2430942.9798	275984985431.8572	2.5154e+04
174	1245040.9011	-1101260.1313	1923003.9011	2430902.8687	275984985431.8572	2.5144e+04
175	1245132.5040	-1101300.2424	1923095.5040	2430862.7576	275984985431.8572	2.5135e+04
176	1245224.1070	-1101340.3535	1923187.1070	2430822.6465	275984985431.8572	2.5125e+04
177	1245315.7099	-1101380.4646	1923278.7099	2430782.5354	275984985431.8572	2.5116e+04
178	1245407.3129	-1101420.5757	1923370.3129	2430742.4243	275984985431.8572	2.5106e+04
179	1245498.9158	-1101460.6868	1923461.9158	2430702.3132	275984985431.8572	2.5097e+04
180	1245590.5188	-1101500.7979	1923553.5188	2430662.2021	275984985431.8572	2.5087e+04
181	1245682.1217	-1101540.9090	1923645.1217	2430622.0910	275984985431.8572	2.5078e+04
182	1245773.7246	-1101581.0201	1923736.7246	2430581.9799	275984985431.8572	2.5068e+04
183	1245865.3276	-1101621.1313	1923828.3276	2430541.8687	275984985431.8572	2.5059e+04
184	1245956.9305	-1101661.2424	1923919.9305	2430501.7576	275984985431.8572	2.5049e+04
185	1246048.5335	-1101701.3535	1924011.5335	2430461.6465	275984985431.8572	2.5040e+04
186	1246140.1364	-1101741.4646	1924103.1364	2430421.5354	275984985431.8572	2.5030e+04
187	1246231.7394	-1101781.5757	1924194.7394	2430381.4243	275984985431.8572	2.5020e+04
188	1246323.3423	-1101821.6868	1924286.3423	2430341.3132	275984985431.8572	2.5011e+04
189	1246414.9452	-1101861.7979	1924377.9452	2430301.2021	275984985431.8572	2.5001e+04
190	1246506.5482	-1101901.9090	1924469.5482	2430261.0910	275984985431.8572	2.4992e+04
191	1246598.1511	-1101942.0201	1924561.1511	2430220.9799	275984985431.8572	2.4982e+04
192	1246689.7541	-1101982.1312	1924652.7541	2430180.8688	275984985431.8572	2.4973e+04
193	1246781.3570	-1102022.2423	1924744.3570	2430140.7577	275984985431.8572	2.4964e+04
194	1246872.9599	-1102062.3534	1924835.9599	2430100.6466	275984985431.8572	2.4954e+04
195	1246964.5629	-1102102.4646	1924927.5629	2430060.5354	275984985431.8572	2.4945e+04
196	1247056.1658	-1102142.5757	1925019.1658	2430020.4243	275984985431.8572	2.4935e+04
197	1247147.7688	-1102182.6868	1925110.7688	2429980.3132	275984985431.8572	2.4926e+04
198	1247239.3717	-1102222.7979	1925202.3717	2429940.2021	275984985431.8572	2.4916e+04
199	1247330.9747	-1102262.9090	1925293.9747	2429900.0910	275984985431.8572	2.4907e+04
200	1247422.5776	-1102303.0201	1925385.5776	2429859.9799	275984985431.8572	2.4897e+04
201	1247514.1805	-1102343.1312	1925477.1805	2429819.8688	275984985431.8572	2.4888e+04
202	1247605.7835	-1102383.2423	1925568.7835	2429779.7577	275984985431.8572	2.4878e+04
203	1247697.3864	-1102423.3534	1925660.3864	2429739.6466	275984985431.8572	2.4869e+04
204	1247788.9894	-1102463.4645	1925751.9894	2429699.5355	275984985431.8572	2.4859e+04
205	1247880.5923	-1102503.5756	1925843.5923	2429659.4244	275984985431.8572	2.4850e+04
206	1247972.1952	-1102543.6868	1925935.1952	2429619.3132	275984985431.8572	2.4841e+04
207	1248063.7982	-1102583.7979	1926026.7982	2429579.2021	275984985431.8572	2.4831e+04
208	1248155.4011	-1102623.9090	1926118.4011	2429539.0910	275984985431.8572	2.4822e+04
209	1248247.0041	-1102664.0201	1926210.0041	2429498.9799	275984985431.8572	2.4812e+04
210	1248338.6070	-1102704.1312	1926301.6070	2429458.8688	275984985431.8572	2.4803e+04
211	1248430.2100	-1102744.2423	1926393.2100	2429418.7577	275984985431.8572	2.4793e+04
212	1248521.8129	-1102784.3534	1926484.8129	2429378.6466	275984985431.8572	2.4784e+04
213	1248613.4158	-1102824.4645	1926576.4158	2429338.5355	275984985431.8572	2.4775e+04
214	1248705.0188	-1102864.5756	1926668.0188	2429298.4244	275984985431.8572	2.4765e+04
215	1248796.6217	-1102904.6867	1926759.6217	2429258.3133	275984985431.8572	2.4756e+04
216	1248888.2247	-1102944.7978	1926851.2247	2429218.2022	275984985431.8572	2.4746e+04
217	1248979.8276	-1102984.9089	1926942.8276	2429178.0911	275984985431.8572	2.4737e+04
218	1249071.4305	-1103025.0201	1927034.4305	2429137.9799	275984985431.8572	2.4728e+04
219	1249163.0335	-1103065.1312	1927126.0335	2429097.8688	275984985431.8572	2.4718e+04
220	1249254.6364	-1103105.2423	1927217.6364	2429057.7577	275984985431.8572	2.4709e+04
221	1249346.2394	-1103145.3534	1927309.2394	2429017.6466	275984985431.8572	2.4699e+04
222	1249437.8423	-1103185.4645	1927400.8423	2428977.5355	275984985431.8572	2.4690e+04
223	1249529.4453	-1103225.5756	1927492.4453	2428937.4244	275984985431.8572	2.4681e+04
224	1249621.0482	-1103265.6867	1927584.0482	2428897.3133	275984985431.8572	2.4671e+04
225	1249712.6511	-1103305.7978	1927675.6511	2428857.2022	275984985431.8572	2.4662e+04
226	1249804.2541	-1103345.9089	1927767.2541	2428817.0911	275984985431.8572	2.4653e+04
227	1249895.8570	-1103386.0200	1927858.8570	2428776.9800	275984985431.8572	2.4643e+04
228	1249987.4600	-1103426.1311	1927950.4600	2428736.8689	275984985431.8572	2.4634e+04
229	1250079.0629	-1103466.2423	1928042.0629	2428696.7577	275984985431.8572	2.4625e+04
230	1250170.6659	-1103506.3534	1928133.6659	2428656.6466	275984985431.8572	2.4615e+04
231	1250262.2688	-1103546.4645	1928225.2688	2428616.5355	275984985431.8572	2.4606e+04
232	1250353.8717	-1103586.5756	1928316.8717	2428576.4244	275984985431.8572	2.4597e+04
233	1250445.4747	-1103626.6867	1928408.4747	2428536.3133	275984985431.8572	2.4587e+04
234	1250537.0776	-1103666.7978	1928500.0776	2428496.2022	275984985431.8572	2.4578e+04
235	1250628.6806	-1103706.9089	1928591.6806	2428456.0911	275984985431.8572	2.4569e+04
236	1250720.2835	-1103747.0200	1928683.2835	2428415.9800	275984985431.8572	2.4559e+04
237	1250811.8864	-1103787.1311	1928774.8864	2428375.8689	275984985431.8572	2.4550e+04
238	1250903.4894	-1103827.2422	1928866.4894	2428335.7578	275984985431.8572	2.4541e+04
239	1250995.0923	-1103867.3533	1928958.0923	2428295.6467	275984985431.8572	2.4531e+04
240	1251086.6953	-1103907.4644	1929049.6953	2428255.5356	275984985431.8572	2.4522e+04
241	1251178.2982	-1103947.5756	1929141.2982	2428215.4244	275984985431.8572	2.4513e+04
242	1251269.9012	-1103987.6867	1929232.9012	2428175.3133	275984985431.8572	2.4503e+04
243	1251361.5041	-1104027.7978	1929324.5041	2428135.2022	275984985431.8572	2.4494e+04
244	1251453.1070	-1104067.9089	1929416.1070	2428095.0911	275984985431.8572	2.4485e+04
245	1251544.7100	-1104108.0200	1929507.7100	2428054.9800	275984985431.8572	2.4476e+04
246	1251636.3129	-1104148.1311	1929599.3129	2428014.8689	275984985431.8572	2.4466e+04
247	1251727.9159	-1104188.2422	1929690.9159	2427974.7578	275984985431.8572	2.4457e+04
248	1251819.5188	-1104228.3533	1929782.5188	2427934.6467	275984985431.8572	2.4448e+04
249	1251911.1217	-1104268.4644	1929874.1217	2427894.5356	275984985431.8572	2.4438e+04
250	1252002.7247	-1104308.5755	1929965.7247	2427854.4245	275984985431.8572	2.4429e+04
251	1252094.3276	-1104348.6866	1930057.3276	2427814.3134	275984985431.8572	2.4420e+04
252	1252185.9306	-1104388.7977	1930148.9306	2427774.2023	275984985431.8572	2.4411e+04
253	1252277.5335	-1104428.9089	1930240.5335	2427734.0911	275984985431.8572	2.4401e+04
254	1252369.1365	-1104469.0200	1930332.1365	2427693.9800	275984985431.8572	2.4392e+04
255	1252460.7394	-1104509.1311	1930423.7394	2427653.8689	275984985431.8572	2.4383e+04
256	1252552.3423	-1104549.2422	1930515.3423	2427613.7578	275984985431.8572	2.4374e+04
257	1252643.9453	-1104589.3533	1930606.9453	2427573.6467	275984985431.8572	2.4364e+04
258	1252735.5482	-1104629.4644	1930698.5482	2427533.5356	275984985431.8572	2.4355e+04
259	1252827.1512	-1104669.5755	1930790.1512	2427493.4245	275984985431.8572	2.4346e+04
260	1252918.7541	-1104709.6866	1930881.7541	2427453.3134	275984985431.8572	2.4337e+04
261	1253010.3571	-1104749.7977	1930973.3571	2427413.2023	275984985431.8572	2.4327e+04
262	1253101.9600	-1104789.9088	1931064.9600	2427373.0912	275984985431.8572	2.4318e+04
263	1253193.5629	-1104830.0199	1931156.5629	2427332.9801	275984985431.8572	2.4309e+04
264	1253285.1659	-1104870.1311	1931248.1659	2427292.8689	275984985431.8572	2.4300e+04
265	1253376.7688	-1104910.2422	1931339.7688	2427252.7578	275984985431.8572	2.4291e+04
266	1253468.3718	-1104950.3533	1931431.3718	2427212.6467	275984985431.8572	2.4281e+04
267	1253559.9747	-1104990.4644	1931522.9747	2427172.5356	275984985431.8572	2.4272e+04
268	1253651.5776	-1105030.5755	1931614.5776	2427132.4245	275984985431.8572	2.4263e+04
269	1253743.1806	-1105070.6866	1931706.1806	2427092.3134	275984985431.8572	2.4254e+04
270	1253834.7835	-1105110.7977	1931797.7835	2427052.2023	275984985431.8572	2.4245e+04
271	1253926.3865	-1105150.9088	1931889.3865	2427012.0912	275984985431.8572	2.4235e+04
272	1254017.9894	-1105191.0199	1931980.9894	2426971.9801	275984985431.8572	2.4226e+04
273	1254109.5924	-1105231.1310	1932072.5924	2426931.8690	275984985431.8572	2.4217e+04
274	1254201.1953	-1105271.2421	1932164.1953	2426891.7579	275984985431.8572	2.4208e+04
275	1254292.7982	-1105311.3532	1932255.7982	2426851.6468	275984985431.8572	2.4199e+04
276	1254384.4012	-1105351.4644	1932347.4012	2426811.5356	275984985431.8572	2.4190e+04
277	1254476.0041	-1105391.5755	1932439.0041	2426771.4245	275984985431.8572	2.4180e+04
278	1254567.6071	-1105431.6866	1932530.6071	2426731.3134	275984985431.8572	2.4171e+04
279	1254659.2100	-1105471.7977	1932622.2100	2426691.2023	275984985431.8572	2.4162e+04
280	1254750.8129	-1105511.9088	1932713.8129	2426651.0912	275984985431.8572	2.4153e+04
281	1254842.4159	-1105552.0199	1932805.4159	2426610.9801	275984985431.8572	2.4144e+04
282	1254934.0188	-1105592.1310	1932897.0188	2426570.8690	275984985431.8572	2.4135e+04
283	1255025.6218	-1105632.2421	1932988.6218	2426530.7579	275984985431.8572	2.4125e+04
284	1255117.2247	-1105672.3532	1933080.2247	2426490.6468	275984985431.8572	2.4116e+04
285	1255208.8277	-1105712.4643	1933171.8277	2426450.5357	275984985431.8572	2.4107e+04
286	1255300.4306	-1105752.5754	1933263.4306	2426410.4246	275984985431.8572	2.4098e+04
287	1255392.0335	-1105792.6865	1933355.0335	2426370.3135	275984985431.8572	2.4089e+04
288	1255483.6365	-1105832.7977	1933446.6365	2426330.2023	275984985431.8572	2.4080e+04
289	1255575.2394	-1105872.9088	1933538.2394	2426290.0912	275984985431.8572	2.4071e+04
290	1255666.8424	-1105913.0199	1933629.8424	2426249.9801	275984985431.8572	2.4062e+04
291	1255758.4453	-1105953.1310	1933721.4453	2426209.8690	275984985431.8572	2.4052e+04
292	1255850.0483	-1105993.2421	1933813.0483	2426169.7579	275984985431.8572	2.4043e+04
293	1255941.6512	-1106033.3532	1933904.6512	2426129.6468	275984985431.8572	2.4034e+04
294	1256033.2541	-1106073.4643	1933996.2541	2426089.5357	275984985431.8572	2.4025e+04
295	1256124.8571	-1106113.5754	1934087.8571	2426049.4246	275984985431.8572	2.4016e+04
296	1256216.4600	-1106153.6865	1934179.4600	2426009.3135	275984985431.8572	2.4007e+04
297	1256308.0630	-1106193.7976	1934271.0630	2425969.2024	275984985431.8572	2.3998e+04
298	1256399.6659	-1106233.9087	1934362.6659	2425929.0913	275984985431.8572	2.3989e+04
299	1256491.2688	-1106274.0199	1934454.2688	2425888.9801	275984985431.8572	2.3980e+04
300	1256582.8718	-1106314.1310	1934545.8718	2425848.8690	275984985431.8572	2.3971e+04
301	1256674.4747	-1106354.2421	1934637.4747	2425808.7579	275984985431.8572	2.3962e+04
302	1256766.0777	-1106394.3532	1934729.0777	2425768.6468	275984985431.8572	2.3953e+04
303	1256857.6806	-1106434.4643	1934820.6806	2425728.5357	275984985431.8572	2.3943e+04
304	1256949.2836	-1106474.5754	1934912.2836	2425688.4246	275984985431.8572	2.3934e+04
305	1257040.8865	-1106514.6865	1935003.8865	2425648.3135	275984985431.8572	2.3925e+04
306	1257132.4894	-1106554.7976	1935095.4894	2425608.2024	275984985431.8572	2.3916e+04
307	1257224.0924	-1106594.9087	1935187.0924	2425568.0913	275984985431.8572	2.3907e+04
308	1257315.6953	-1106635.0198	1935278.6953	2425527.9802	275984985431.8572	2.3898e+04
309	1257407.2983	-1106675.1309	1935370.2983	2425487.8691	275984985431.8572	2.3889e+04
310	1257498.9012	-1106715.2420	1935461.9012	2425447.7580	275984985431.8572	2.3880e+04
311	1257590.5041	-1106755.3532	1935553.5041	2425407.6468	275984985431.8572	2.3871e+04
312	1257682.1071	-1106795.4643	1935645.1071	2425367.5357	275984985431.8572	2.3862e+04
313	1257773.7100	-1106835.5754	1935736.7100	2425327.4246	275984985431.8572	2.3853e+04
314	1257865.3130	-1106875.6865	1935828.3130	2425287.3135	275984985431.8572	2.3844e+04
315	1257956.9159	-1106915.7976	1935919.9159	2425247.2024	275984985431.8572	2.3835e+04
316	1258048.5189	-1106955.9087	1936011.5189	2425207.0913	275984985431.8572	2.3826e+04
317	1258140.1218	-1106996.0198	1936103.1218	2425166.9802	275984985431.8572	2.3817e+04
318	1258231.7247	-1107036.1309	1936194.7247	2425126.8691	275984985431.8572	2.3808e+04
319	1258323.3277	-1107076.2420	1936286.3277	2425086.7580	275984985431.8572	2.3799e+04
320	1258414.9306	-1107116.3531	1936377.9306	2425046.6469	275984985431.8572	2.3790e+04
321	1258506.5336	-1107156.4642	1936469.5336	2425006.5358	275984985431.8572	2.3781e+04
322	1258598.1365	-1107196.5754	1936561.1365	2424966.4246	275984985431.8572	2.3772e+04
323	1258689.7394	-1107236.6865	1936652.7394	2424926.3135	275984985431.8572	2.3763e+04
324	1258781.3424	-1107276.7976	1936744.3424	2424886.2024	275984985431.8572	2.3754e+04
325	1258872.9453	-1107316.9087	1936835.9453	2424846.0913	275984985431.8572	2.3745e+04
326	1258964.5483	-1107357.0198	1936927.5483	2424805.9802	275984985431.8572	2.3736e+04
327	1259056.1512	-1107397.1309	1937019.1512	2424765.8691	275984985431.8572	2.3727e+04
328	1259147.7542	-1107437.2420	1937110.7542	2424725.7580	275984985431.8572	2.3718e+04
329	1259239.3571	-1107477.3531	1937202.3571	2424685.6469	275984985431.8572	2.3709e+04
330	1259330.9600	-1107517.4642	1937293.9600	2424645.5358	275984985431.8572	2.3700e+04
331	1259422.5630	-1107557.5753	1937385.5630	2424605.4247	275984985431.8572	2.3691e+04
332	1259514.1659	-1107597.6864	1937477.1659	2424565.3136	275984985431.8572	2.3682e+04
333	1259605.7689	-1107637.7975	1937568.7689	2424525.2025	275984985431.8572	2.3673e+04
334	1259697.3718	-1107677.9087	1937660.3718	2424485.0913	275984985431.8572	2.3664e+04
335	1259788.9748	-1107718.0198	1937751.9748	2424444.9802	275984985431.8572	2.3655e+04
336	1259880.5777	-1107758.1309	1937843.5777	2424404.8691	275984985431.8572	2.3646e+04
337	1259972.1806	-1107798.2420	1937935.1806	2424364.7580	275984985431.8572	2.3637e+04
338	1260063.7836	-1107838.3531	1938026.7836	2424324.6469	275984985431.8572	2.3629e+04
339	1260155.3865	-1107878.4642	1938118.3865	2424284.5358	275984985431.8572	2.3620e+04
340	1260246.9895	-1107918.5753	1938209.9895	2424244.4247	275984985431.8572	2.3611e+04
341	1260338.5924	-1107958.6864	1938301.5924	2424204.3136	275984985431.8572	2.3602e+04
342	1260430.1953	-1107998.7975	1938393.1953	2424164.2025	275984985431.8572	2.3593e+04
343	1260521.7983	-1108038.9086	1938484.7983	2424124.0914	275984985431.8572	2.3584e+04
344	1260613.4012	-1108079.0197	1938576.4012	2424083.9803	275984985431.8572	2.3575e+04
345	1260705.0042	-1108119.1308	1938668.0042	2424043.8692	275984985431.8572	2.3566e+04
346	1260796.6071	-1108159.2420	1938759.6071	2424003.7580	275984985431.8572	2.3557e+04
347	1260888.2101	-1108199.3531	1938851.2101	2423963.6469	275984985431.8572	2.3548e+04
348	1260979.8130	-1108239.4642	1938942.8130	2423923.5358	275984985431.8572	2.3539e+04
349	1261071.4159	-1108279.5753	1939034.4159	2423883.4247	275984985431.8572	2.3530e+04
350	1261163.0189	-1108319.6864	1939126.0189	2423843.3136	275984985431.8572	2.3522e+04
351	1261254.6218	-1108359.7975	1939217.6218	2423803.2025	275984985431.8572	2.3513e+04
352	1261346.2248	-1108399.9086	1939309.2248	2423763.0914	275984985431.8572	2.3504e+04
353	1261437.8277	-1108440.0197	1939400.8277	2423722.9803	275984985431.8572	2.3495e+04
354	1261529.4306	-1108480.1308	1939492.4306	2423682.8692	275984985431.8572	2.3486e+04
355	1261621.0336	-1108520.2419	1939584.0336	2423642.7581	275984985431.8572	2.3477e+04
356	1261712.6365	-1108560.3530	1939675.6365	2423602.6470	275984985431.8572	2.3468e+04
357	1261804.2395	-1108600.4642	1939767.2395	2423562.5358	275984985431.8572	2.3459e+04
358	1261895.8424	-1108640.5753	1939858.8424	2423522.4247	275984985431.8572	2.3451e+04
359	1261987.4454	-1108680.6864	1939950.4454	2423482.3136	275984985431.8572	2.3442e+04
360	1262079.0483	-1108720.7975	1940042.0483	2423442.2025	275984985431.8572	2.3433e+04
361	1262170.6512	-1108760.9086	1940133.6512	2423402.0914	275984985431.8572	2.3424e+04
362	1262262.2542	-1108801.0197	1940225.2542	2423361.9803	275984985431.8572	2.3415e+04
363	1262353.8571	-1108841.1308	1940316.8571	2423321.8692	275984985431.8572	2.3406e+04
364	1262445.4601	-1108881.2419	1940408.4601	2423281.7581	275984985431.8572	2.3397e+04
365	1262537.0630	-1108921.3530	1940500.0630	2423241.6470	275984985431.8572	2.3389e+04
366	1262628.6660	-1108961.4641	1940591.6660	2423201.5359	275984985431.8572	2.3380e+04
367	1262720.2689	-1109001.5752	1940683.2689	2423161.4248	275984985431.8572	2.3371e+04
368	1262811.8718	-1109041.6863	1940774.8718	2423121.3137	275984985431.8572	2.3362e+04
369	1262903.4748	-1109081.7975	1940866.4748	2423081.2025	275984985431.8572	2.3353e+04
370	1262995.0777	-1109121.9086	1940958.0777	2423041.0914	275984985431.8572	2.3345e+04
371	1263086.6807	-1109162.0197	1941049.6807	2423000.9803	275984985431.8572	2.3336e+04
372	1263178.2836	-1109202.1308	1941141.2836	2422960.8692	275984985431.8572	2.3327e+04
373	1263269.8865	-1109242.2419	1941232.8865	2422920.7581	275984985431.8572	2.3318e+04
374	1263361.4895	-1109282.3530	1941324.4895	2422880.6470	275984985431.8572	2.3309e+04
375	1263453.0924	-1109322.4641	1941416.0924	2422840.5359	275984985431.8572	2.3300e+04
376	1263544.6954	-1109362.5752	1941507.6954	2422800.4248	275984985431.8572	2.3292e+04
377	1263636.2983	-1109402.6863	1941599.2983	2422760.3137	275984985431.8572	2.3283e+04
378	1263727.9013	-1109442.7974	1941690.9013	2422720.2026	275984985431.8572	2.3274e+04
379	1263819.5042	-1109482.9085	1941782.5042	2422680.0915	275984985431.8572	2.3265e+04
380	1263911.1071	-1109523.0197	1941874.1071	2422639.9803	275984985431.8572	2.3257e+04
381	1264002.7101	-1109563.1308	1941965.7101	2422599.8692	275984985431.8572	2.3248e+04
382	1264094.3130	-1109603.2419	1942057.3130	2422559.7581	275984985431.8572	2.3239e+04
383	1264185.9160	-1109643.3530	1942148.9160	2422519.6470	275984985431.8572	2.3230e+04
384	1264277.5189	-1109683.4641	1942240.5189	2422479.5359	275984985431.8572	2.3221e+04
385	1264369.1218	-1109723.5752	1942332.1218	2422439.4248	275984985431.8572	2.3213e+04
386	1264460.7248	-1109763.6863	1942423.7248	2422399.3137	275984985431.8572	2.3204e+04
387	1264552.3277	-1109803.7974	1942515.3277	2422359.2026	275984985431.8572	2.3195e+04
388	1264643.9307	-1109843.9085	1942606.9307	2422319.0915	275984985431.8572	2.3186e+04
389	1264735.5336	-1109884.0196	1942698.5336	2422278.9804	275984985431.8572	2.3178e+04
390	1264827.1366	-1109924.1307	1942790.1366	2422238.8693	275984985431.8572	2.3169e+04
391	1264918.7395	-1109964.2418	1942881.7395	2422198.7582	275984985431.8572	2.3160e+04
392	1265010.3424	-1110004.3530	1942973.3424	2422158.6470	275984985431.8572	2.3151e+04
393	1265101.9454	-1110044.4641	1943064.9454	2422118.5359	275984985431.8572	2.3143e+04
394	1265193.5483	-1110084.5752	1943156.5483	2422078.4248	275984985431.8572	2.3134e+04
395	1265285.1513	-1110124.6863	1943248.1513	2422038.3137	275984985431.8572	2.3125e+04
396	1265376.7542	-1110164.7974	1943339.7542	2421998.2026	275984985431.8572	2.3117e+04
397	1265468.3572	-1110204.9085	1943431.3572	2421958.0915	275984985431.8572	2.3108e+04
398	1265559.9601	-1110245.0196	1943522.9601	2421917.9804	275984985431.8572	2.3099e+04
399	1265651.5630	-1110285.1307	1943614.5630	2421877.8693	275984985431.8572	2.3090e+04
400	1265743.1660	-1110325.2418	1943706.1660	2421837.7582	275984985431.8572	2.3082e+04
401	1265834.7689	-1110365.3529	1943797.7689	2421797.6471	275984985431.8572	2.3073e+04
402	1265926.3719	-1110405.4640	1943889.3719	2421757.5360	275984985431.8572	2.3064e+04
403	1266017.9748	-1110445.5751	1943980.9748	2421717.4249	275984985431.8572	2.3056e+04
404	1266109.5777	-1110485.6863	1944072.5777	2421677.3137	275984985431.8572	2.3047e+04
405	1266201.1807	-1110525.7974	1944164.1807	2421637.2026	275984985431.8572	2.3038e+04
406	1266292.7836	-1110565.9085	1944255.7836	2421597.0915	275984985431.8572	2.3029e+04
407	1266384.3866	-1110606.0196	1944347.3866	2421556.9804	275984985431.8572	2.3021e+04
408	1266475.9895	-1110646.1307	1944438.9895	2421516.8693	275984985431.8572	2.3012e+04
409	1266567.5925	-1110686.2418	1944530.5925	2421476.7582	275984985431.8572	2.3003e+04
410	1266659.1954	-1110726.3529	1944622.1954	2421436.6471	275984985431.8572	2.2995e+04
411	1266750.7983	-1110766.4640	1944713.7983	2421396.5360	275984985431.8572	2.2986e+04
412	1266842.4013	-1110806.5751	1944805.4013	2421356.4249	275984985431.8572	2.2977e+04
413	1266934.0042	-1110846.6862	1944897.0042	2421316.3138	275984985431.8572	2.2969e+04
414	1267025.6072	-1110886.7973	1944988.6072	2421276.2027	275984985431.8572	2.2960e+04
415	1267117.2101	-1110926.9085	1945080.2101	2421236.0915	275984985431.8572	2.2951e+04
416	1267208.8130	-1110967.0196	1945171.8130	2421195.9804	275984985431.8572	2.2943e+04
417	1267300.4160	-1111007.1307	1945263.4160	2421155.8693	275984985431.8572	2.2934e+04
418	1267392.0189	-1111047.2418	1945355.0189	2421115.7582	275984985431.8572	2.2925e+04
419	1267483.6219	-1111087.3529	1945446.6219	2421075.6471	275984985431.8572	2.2917e+04
420	1267575.2248	-1111127.4640	1945538.2248	2421035.5360	275984985431.8572	2.2908e+04
421	1267666.8278	-1111167.5751	1945629.8278	2420995.4249	275984985431.8572	2.2900e+04
422	1267758.4307	-1111207.6862	1945721.4307	2420955.3138	275984985431.8572	2.2891e+04
423	1267850.0336	-1111247.7973	1945813.0336	2420915.2027	275984985431.8572	2.2882e+04
424	1267941.6366	-1111287.9084	1945904.6366	2420875.0916	275984985431.8572	2.2874e+04
425	1268033.2395	-1111328.0195	1945996.2395	2420834.9805	275984985431.8572	2.2865e+04
426	1268124.8425	-1111368.1306	1946087.8425	2420794.8694	275984985431.8572	2.2856e+04
427	1268216.4454	-1111408.2418	1946179.4454	2420754.7582	275984985431.8572	2.2848e+04
428	1268308.0483	-1111448.3529	1946271.0483	2420714.6471	275984985431.8572	2.2839e+04
429	1268399.6513	-1111488.4640	1946362.6513	2420674.5360	275984985431.8572	2.2831e+04
430	1268491.2542	-1111528.5751	1946454.2542	2420634.4249	275984985431.8572	2.2822e+04
431	1268582.8572	-1111568.6862	1946545.8572	2420594.3138	275984985431.8572	2.2813e+04
432	1268674.4601	-1111608.7973	1946637.4601	2420554.2027	275984985431.8572	2.2805e+04
433	1268766.0631	-1111648.9084	1946729.0631	2420514.0916	275984985431.8572	2.2796e+04
434	1268857.6660	-1111689.0195	1946820.6660	2420473.9805	275984985431.8572	2.2788e+04
435	1268949.2689	-1111729.1306	1946912.2689	2420433.8694	275984985431.8572	2.2779e+04
436	1269040.8719	-1111769.2417	1947003.8719	2420393.7583	275984985431.8572	2.2770e+04
437	1269132.4748	-1111809.3528	1947095.4748	2420353.6472	275984985431.8572	2.2762e+04
438	1269224.0778	-1111849.4640	1947187.0778	2420313.5360	275984985431.8572	2.2753e+04
439	1269315.6807	-1111889.5751	1947278.6807	2420273.4249	275984985431.8572	2.2745e+04
440	1269407.2837	-1111929.6862	1947370.2837	2420233.3138	275984985431.8572	2.2736e+04
441	1269498.8866	-1111969.7973	1947461.8866	2420193.2027	275984985431.8572	2.2728e+04
442	1269590.4895	-1112009.9084	1947553.4895	2420153.0916	275984985431.8572	2.2719e+04
443	1269682.0925	-1112050.0195	1947645.0925	2420112.9805	275984985431.8572	2.2711e+04
444	1269773.6954	-1112090.1306	1947736.6954	2420072.8694	275984985431.8572	2.2702e+04
445	1269865.2984	-1112130.2417	1947828.2984	2420032.7583	275984985431.8572	2.2693e+04
446	1269956.9013	-1112170.3528	1947919.9013	2419992.6472	275984985431.8572	2.2685e+04
447	1270048.5042	-1112210.4639	1948011.5042	2419952.5361	275984985431.8572	2.2676e+04
448	1270140.1072	-1112250.5750	1948103.1072	2419912.4250	275984985431.8572	2.2668e+04
449	1270231.7101	-1112290.6861	1948194.7101	2419872.3139	275984985431.8572	2.2659e+04
450	1270323.3131	-1112330.7973	1948286.3131	2419832.2027	275984985431.8572	2.2651e+04
451	1270414.9160	-1112370.9084	1948377.9160	2419792.0916	275984985431.8572	2.2642e+04
452	1270506.5190	-1112411.0195	1948469.5190	2419751.9805	275984985431.8572	2.2634e+04
453	1270598.1219	-1112451.1306	1948561.1219	2419711.8694	275984985431.8572	2.2625e+04
454	1270689.7248	-1112491.2417	1948652.7248	2419671.7583	275984985431.8572	2.2617e+04
455	1270781.3278	-1112531.3528	1948744.3278	2419631.6472	275984985431.8572	2.2608e+04
456	1270872.9307	-1112571.4639	1948835.9307	2419591.5361	275984985431.8572	2.2600e+04
457	1270964.5337	-1112611.5750	1948927.5337	2419551.4250	275984985431.8572	2.2591e+04
458	1271056.1366	-1112651.6861	1949019.1366	2419511.3139	275984985431.8572	2.2583e+04
459	1271147.7395	-1112691.7972	1949110.7395	2419471.2028	275984985431.8572	2.2574e+04
460	1271239.3425	-1112731.9083	1949202.3425	2419431.0917	275984985431.8572	2.2566e+04
461	1271330.9454	-1112772.0194	1949293.9454	2419390.9806	275984985431.8572	2.2557e+04
462	1271422.5484	-1112812.1306	1949385.5484	2419350.8694	275984985431.8572	2.2549e+04
463	1271514.1513	-1112852.2417	1949477.1513	2419310.7583	275984985431.8572	2.2540e+04
464	1271605.7543	-1112892.3528	1949568.7543	2419270.6472	275984985431.8572	2.2532e+04
465	1271697.3572	-1112932.4639	1949660.3572	2419230.5361	275984985431.8572	2.2523e+04
466	1271788.9601	-1112972.5750	1949751.9601	2419190.4250	275984985431.8572	2.2515e+04
467	1271880.5631	-1113012.6861	1949843.5631	2419150.3139	275984985431.8572	2.2506e+04
468	1271972.1660	-1113052.7972	1949935.1660	2419110.2028	275984985431.8572	2.2498e+04
469	1272063.7690	-1113092.9083	1950026.7690	2419070.0917	275984985431.8572	2.2489e+04
470	1272155.3719	-1113133.0194	1950118.3719	2419029.9806	275984985431.8572	2.2481e+04
471	1272246.9749	-1113173.1305	1950209.9749	2418989.8695	275984985431.8572	2.2472e+04
472	1272338.5778	-1113213.2416	1950301.5778	2418949.7584	275984985431.8572	2.2464e+04
473	1272430.1807	-1113253.3528	1950393.1807	2418909.6472	275984985431.8572	2.2455e+04
474	1272521.7837	-1113293.4639	1950484.7837	2418869.5361	275984985431.8572	2.2447e+04
475	1272613.3866	-1113333.5750	1950576.3866	2418829.4250	275984985431.8572	2.2439e+04
476	1272704.9896	-1113373.6861	1950667.9896	2418789.3139	275984985431.8572	2.2430e+04
477	1272796.5925	-1113413.7972	1950759.5925	2418749.2028	275984985431.8572	2.2422e+04
478	1272888.1954	-1113453.9083	1950851.1954	2418709.0917	275984985431.8572	2.2413e+04
479	1272979.7984	-1113494.0194	1950942.7984	2418668.9806	275984985431.8572	2.2405e+04
480	1273071.4013	-1113534.1305	1951034.4013	2418628.8695	275984985431.8572	2.2396e+04
481	1273163.0043	-1113574.2416	1951126.0043	2418588.7584	275984985431.8572	2.2388e+04
482	1273254.6072	-1113614.3527	1951217.6072	2418548.6473	275984985431.8572	2.2380e+04
483	1273346.2102	-1113654.4638	1951309.2102	2418508.5362	275984985431.8572	2.2371e+04
484	1273437.8131	-1113694.5749	1951400.8131	2418468.4251	275984985431.8572	2.2363e+04
485	1273529.4160	-1113734.6861	1951492.4160	2418428.3139	275984985431.8572	2.2354e+04
486	1273621.0190	-1113774.7972	1951584.0190	2418388.2028	275984985431.8572	2.2346e+04
487	1273712.6219	-1113814.9083	1951675.6219	2418348.0917	275984985431.8572	2.2337e+04
488	1273804.2249	-1113855.0194	1951767.2249	2418307.9806	275984985431.8572	2.2329e+04
489	1273895.8278	-1113895.1305	1951858.8278	2418267.8695	275984985431.8572	2.2321e+04
490	1273987.4307	-1113935.2416	1951950.4307	2418227.7584	275984985431.8572	2.2312e+04
491	1274079.0337	-1113975.3527	1952042.0337	2418187.6473	275984985431.8572	2.2304e+04
492	1274170.6366	-1114015.4638	1952133.6366	2418147.5362	275984985431.8572	2.2295e+04
493	1274262.2396	-1114055.5749	1952225.2396	2418107.4251	275984985431.8572	2.2287e+04
494	1274353.8425	-1114095.6860	1952316.8425	2418067.3140	275984985431.8572	2.2279e+04
495	1274445.4455	-1114135.7971	1952408.4455	2418027.2029	275984985431.8572	2.2270e+04
496	1274537.0484	-1114175.9082	1952500.0484	2417987.0918	275984985431.8572	2.2262e+04
497	1274628.6513	-1114216.0194	1952591.6513	2417946.9806	275984985431.8572	2.2254e+04
498	1274720.2543	-1114256.1305	1952683.2543	2417906.8695	275984985431.8572	2.2245e+04
499	1274811.8572	-1114296.2416	1952774.8572	2417866.7584	275984985431.8572	2.2237e+04
500	1274903.4602	-1114336.3527	1952866.4602	2417826.6473	275984985431.8572	2.2229e+04
501	1274995.0631	-1114376.4638	1952958.0631	2417786.5362	275984985431.8572	2.2220e+04
502	1275086.6661	-1114416.5749	1953049.6661	2417746.4251	275984985431.8572	2.2212e+04
503	1275178.2690	-1114456.6860	1953141.2690	2417706.3140	275984985431.8572	2.2203e+04
504	1275269.8719	-1114496.7971	1953232.8719	2417666.2029	275984985431.8572	2.2195e+04
505	1275361.4749	-1114536.9082	1953324.4749	2417626.0918	275984985431.8572	2.2187e+04
506	1275453.0778	-1114577.0193	1953416.0778	2417585.9807	275984985431.8572	2.2178e+04
507	1275544.6808	-1114617.1304	1953507.6808	2417545.8696	275984985431.8572	2.2170e+04
508	1275636.2837	-1114657.2416	1953599.2837	2417505.7584	275984985431.8572	2.2162e+04
509	1275727.8866	-1114697.3527	1953690.8866	2417465.6473	275984985431.8572	2.2153e+04
510	1275819.4896	-1114737.4638	1953782.4896	2417425.5362	275984985431.8572	2.2145e+04
511	1275911.0925	-1114777.5749	1953874.0925	2417385.4251	275984985431.8572	2.2137e+04
512	1276002.6955	-1114817.6860	1953965.6955	2417345.3140	275984985431.8572	2.2128e+04
513	1276094.2984	-1114857.7971	1954057.2984	2417305.2029	275984985431.8572	2.2120e+04
514	1276185.9014	-1114897.9082	1954148.9014	2417265.0918	275984985431.8572	2.2112e+04
515	1276277.5043	-1114938.0193	1954240.5043	2417224.9807	275984985431.8572	2.2104e+04
516	1276369.1072	-1114978.1304	1954332.1072	2417184.8696	275984985431.8572	2.2095e+04
517	1276460.7102	-1115018.2415	1954423.7102	2417144.7585	275984985431.8572	2.2087e+04
518	1276552.3131	-1115058.3526	1954515.3131	2417104.6474	275984985431.8572	2.2079e+04
519	1276643.9161	-1115098.4637	1954606.9161	2417064.5363	275984985431.8572	2.2070e+04
520	1276735.5190	-1115138.5749	1954698.5190	2417024.4251	275984985431.8572	2.2062e+04
521	1276827.1219	-1115178.6860	1954790.1219	2416984.3140	275984985431.8572	2.2054e+04
522	1276918.7249	-1115218.7971	1954881.7249	2416944.2029	275984985431.8572	2.2046e+04
523	1277010.3278	-1115258.9082	1954973.3278	2416904.0918	275984985431.8572	2.2037e+04
524	1277101.9308	-1115299.0193	1955064.9308	2416863.9807	275984985431.8572	2.2029e+04
525	1277193.5337	-1115339.1304	1955156.5337	2416823.8696	275984985431.8572	2.2021e+04
526	1277285.1367	-1115379.2415	1955248.1367	2416783.7585	275984985431.8572	2.2012e+04
527	1277376.7396	-1115419.3526	1955339.7396	2416743.6474	275984985431.8572	2.2004e+04
528	1277468.3425	-1115459.4637	1955431.3425	2416703.5363	275984985431.8572	2.1996e+04
529	1277559.9455	-1115499.5748	1955522.9455	2416663.4252	275984985431.8572	2.1988e+04
530	1277651.5484	-1115539.6859	1955614.5484	2416623.3141	275984985431.8572	2.1979e+04
531	1277743.1514	-1115579.7971	1955706.1514	2416583.2029	275984985431.8572	2.1971e+04
532	1277834.7543	-1115619.9082	1955797.7543	2416543.0918	275984985431.8572	2.1963e+04
533	1277926.3572	-1115660.0193	1955889.3572	2416502.9807	275984985431.8572	2.1955e+04
534	1278017.9602	-1115700.1304	1955980.9602	2416462.8696	275984985431.8572	2.1946e+04
535	1278109.5631	-1115740.2415	1956072.5631	2416422.7585	275984985431.8572	2.1938e+04
536	1278201.1661	-1115780.3526	1956164.1661	2416382.6474	275984985431.8572	2.1930e+04
537	1278292.7690	-1115820.4637	1956255.7690	2416342.5363	275984985431.8572	2.1922e+04
538	1278384.3720	-1115860.5748	1956347.3720	2416302.4252	275984985431.8572	2.1913e+04
539	1278475.9749	-1115900.6859	1956438.9749	2416262.3141	275984985431.8572	2.1905e+04
540	1278567.5778	-1115940.7970	1956530.5778	2416222.2030	275984985431.8572	2.1897e+04
541	1278659.1808	-1115980.9081	1956622.1808	2416182.0919	275984985431.8572	2.1889e+04
542	1278750.7837	-1116021.0192	1956713.7837	2416141.9808	275984985431.8572	2.1881e+04
543	1278842.3867	-1116061.1304	1956805.3867	2416101.8696	275984985431.8572	2.1872e+04
544	1278933.9896	-1116101.2415	1956896.9896	2416061.7585	275984985431.8572	2.1864e+04
545	1279025.5926	-1116141.3526	1956988.5926	2416021.6474	275984985431.8572	2.1856e+04
546	1279117.1955	-1116181.4637	1957080.1955	2415981.5363	275984985431.8572	2.1848e+04
547	1279208.7984	-1116221.5748	1957171.7984	2415941.4252	275984985431.8572	2.1840e+04
548	1279300.4014	-1116261.6859	1957263.4014	2415901.3141	275984985431.8572	2.1831e+04
549	1279392.0043	-1116301.7970	1957355.0043	2415861.2030	275984985431.8572	2.1823e+04
550	1279483.6073	-1116341.9081	1957446.6073	2415821.0919	275984985431.8572	2.1815e+04
551	1279575.2102	-1116382.0192	1957538.2102	2415780.9808	275984985431.8572	2.1807e+04
552	1279666.8131	-1116422.1303	1957629.8131	2415740.8697	275984985431.8572	2.1799e+04
553	1279758.4161	-1116462.2414	1957721.4161	2415700.7586	275984985431.8572	2.1790e+04
554	1279850.0190	-1116502.3525	1957813.0190	2415660.6475	275984985431.8572	2.1782e+04
555	1279941.6220	-1116542.4637	1957904.6220	2415620.5363	275984985431.8572	2.1774e+04
556	1280033.2249	-1116582.5748	1957996.2249	2415580.4252	275984985431.8572	2.1766e+04
557	1280124.8279	-1116622.6859	1958087.8279	2415540.3141	275984985431.8572	2.1758e+04
558	1280216.4308	-1116662.7970	1958179.4308	2415500.2030	275984985431.8572	2.1750e+04
559	1280308.0337	-1116702.9081	1958271.0337	2415460.0919	275984985431.8572	2.1741e+04
560	1280399.6367	-1116743.0192	1958362.6367	2415419.9808	275984985431.8572	2.1733e+04
561	1280491.2396	-1116783.1303	1958454.2396	2415379.8697	275984985431.8572	2.1725e+04
562	1280582.8426	-1116823.2414	1958545.8426	2415339.7586	275984985431.8572	2.1717e+04
563	1280674.4455	-1116863.3525	1958637.4455	2415299.6475	275984985431.8572	2.1709e+04
564	1280766.0484	-1116903.4636	1958729.0484	2415259.5364	275984985431.8572	2.1701e+04
565	1280857.6514	-1116943.5747	1958820.6514	2415219.4253	275984985431.8572	2.1693e+04
566	1280949.2543	-1116983.6859	1958912.2543	2415179.3141	275984985431.8572	2.1684e+04
567	1281040.8573	-1117023.7970	1959003.8573	2415139.2030	275984985431.8572	2.1676e+04
568	1281132.4602	-1117063.9081	1959095.4602	2415099.0919	275984985431.8572	2.1668e+04
569	1281224.0632	-1117104.0192	1959187.0632	2415058.9808	275984985431.8572	2.1660e+04
570	1281315.6661	-1117144.1303	1959278.6661	2415018.8697	275984985431.8572	2.1652e+04
571	1281407.2690	-1117184.2414	1959370.2690	2414978.7586	275984985431.8572	2.1644e+04
572	1281498.8720	-1117224.3525	1959461.8720	2414938.6475	275984985431.8572	2.1636e+04
573	1281590.4749	-1117264.4636	1959553.4749	2414898.5364	275984985431.8572	2.1628e+04
574	1281682.0779	-1117304.5747	1959645.0779	2414858.4253	275984985431.8572	2.1619e+04
575	1281773.6808	-1117344.6858	1959736.6808	2414818.3142	275984985431.8572	2.1611e+04
576	1281865.2838	-1117384.7969	1959828.2838	2414778.2031	275984985431.8572	2.1603e+04
577	1281956.8867	-1117424.9080	1959919.8867	2414738.0920	275984985431.8572	2.1595e+04
578	1282048.4896	-1117465.0192	1960011.4896	2414697.9808	275984985431.8572	2.1587e+04
579	1282140.0926	-1117505.1303	1960103.0926	2414657.8697	275984985431.8572	2.1579e+04
580	1282231.6955	-1117545.2414	1960194.6955	2414617.7586	275984985431.8572	2.1571e+04
581	1282323.2985	-1117585.3525	1960286.2985	2414577.6475	275984985431.8572	2.1563e+04
582	1282414.9014	-1117625.4636	1960377.9014	2414537.5364	275984985431.8572	2.1555e+04
583	1282506.5043	-1117665.5747	1960469.5043	2414497.4253	275984985431.8572	2.1547e+04
584	1282598.1073	-1117705.6858	1960561.1073	2414457.3142	275984985431.8572	2.1539e+04
585	1282689.7102	-1117745.7969	1960652.7102	2414417.2031	275984985431.8572	2.1530e+04
586	1282781.3132	-1117785.9080	1960744.3132	2414377.0920	275984985431.8572	2.1522e+04
587	1282872.9161	-1117826.0191	1960835.9161	2414336.9809	275984985431.8572	2.1514e+04
588	1282964.5191	-1117866.1302	1960927.5191	2414296.8698	275984985431.8572	2.1506e+04
589	1283056.1220	-1117906.2414	1961019.1220	2414256.7586	275984985431.8572	2.1498e+04
590	1283147.7249	-1117946.3525	1961110.7249	2414216.6475	275984985431.8572	2.1490e+04
591	1283239.3279	-1117986.4636	1961202.3279	2414176.5364	275984985431.8572	2.1482e+04
592	1283330.9308	-1118026.5747	1961293.9308	2414136.4253	275984985431.8572	2.1474e+04
593	1283422.5338	-1118066.6858	1961385.5338	2414096.3142	275984985431.8572	2.1466e+04
594	1283514.1367	-1118106.7969	1961477.1367	2414056.2031	275984985431.8572	2.1458e+04
595	1283605.7396	-1118146.9080	1961568.7396	2414016.0920	275984985431.8572	2.1450e+04
596	1283697.3426	-1118187.0191	1961660.3426	2413975.9809	275984985431.8572	2.1442e+04
597	1283788.9455	-1118227.1302	1961751.9455	2413935.8698	275984985431.8572	2.1434e+04
598	1283880.5485	-1118267.2413	1961843.5485	2413895.7587	275984985431.8572	2.1426e+04
599	1283972.1514	-1118307.3524	1961935.1514	2413855.6476	275984985431.8572	2.1418e+04
600	1284063.7544	-1118347.4635	1962026.7544	2413815.5365	275984985431.8572	2.1410e+04
601	1284155.3573	-1118387.5747	1962118.3573	2413775.4253	275984985431.8572	2.1402e+04
602	1284246.9602	-1118427.6858	1962209.9602	2413735.3142	275984985431.8572	2.1394e+04
603	1284338.5632	-1118467.7969	1962301.5632	2413695.2031	275984985431.8572	2.1386e+04
604	1284430.1661	-1118507.9080	1962393.1661	2413655.0920	275984985431.8572	2.1378e+04
605	1284521.7691	-1118548.0191	1962484.7691	2413614.9809	275984985431.8572	2.1370e+04
606	1284613.3720	-1118588.1302	1962576.3720	2413574.8698	275984985431.8572	2.1362e+04
607	1284704.9750	-1118628.2413	1962667.9750	2413534.7587	275984985431.8572	2.1354e+04
608	1284796.5779	-1118668.3524	1962759.5779	2413494.6476	275984985431.8572	2.1346e+04
609	1284888.1808	-1118708.4635	1962851.1808	2413454.5365	275984985431.8572	2.1338e+04
610	1284979.7838	-1118748.5746	1962942.7838	2413414.4254	275984985431.8572	2.1330e+04
611	1285071.3867	-1118788.6857	1963034.3867	2413374.3143	275984985431.8572	2.1322e+04
612	1285162.9897	-1118828.7968	1963125.9897	2413334.2032	275984985431.8572	2.1314e+04
613	1285254.5926	-1118868.9080	1963217.5926	2413294.0920	275984985431.8572	2.1306e+04
614	1285346.1955	-1118909.0191	1963309.1955	2413253.9809	275984985431.8572	2.1298e+04
615	1285437.7985	-1118949.1302	1963400.7985	2413213.8698	275984985431.8572	2.1290e+04
616	1285529.4014	-1118989.2413	1963492.4014	2413173.7587	275984985431.8572	2.1282e+04
617	1285621.0044	-1119029.3524	1963584.0044	2413133.6476	275984985431.8572	2.1274e+04
618	1285712.6073	-1119069.4635	1963675.6073	2413093.5365	275984985431.8572	2.1266e+04
619	1285804.2103	-1119109.5746	1963767.2103	2413053.4254	275984985431.8572	2.1258e+04
620	1285895.8132	-1119149.6857	1963858.8132	2413013.3143	275984985431.8572	2.1250e+04
621	1285987.4161	-1119189.7968	1963950.4161	2412973.2032	275984985431.8572	2.1242e+04
622	1286079.0191	-1119229.9079	1964042.0191	2412933.0921	275984985431.8572	2.1234e+04
623	1286170.6220	-1119270.0190	1964133.6220	2412892.9810	275984985431.8572	2.1226e+04
624	1286262.2250	-1119310.1302	1964225.2250	2412852.8698	275984985431.8572	2.1218e+04
625	1286353.8279	-1119350.2413	1964316.8279	2412812.7587	275984985431.8572	2.1210e+04
626	1286445.4308	-1119390.3524	1964408.4308	2412772.6476	275984985431.8572	2.1202e+04
627	1286537.0338	-1119430.4635	1964500.0338	2412732.5365	275984985431.8572	2.1194e+04
628	1286628.6367	-1119470.5746	1964591.6367	2412692.4254	275984985431.8572	2.1186e+04
629	1286720.2397	-1119510.6857	1964683.2397	2412652.3143	275984985431.8572	2.1179e+04
630	1286811.8426	-1119550.7968	1964774.8426	2412612.2032	275984985431.8572	2.1171e+04
631	1286903.4456	-1119590.9079	1964866.4456	2412572.0921	275984985431.8572	2.1163e+04
632	1286995.0485	-1119631.0190	1964958.0485	2412531.9810	275984985431.8572	2.1155e+04
633	1287086.6514	-1119671.1301	1965049.6514	2412491.8699	275984985431.8572	2.1147e+04
634	1287178.2544	-1119711.2412	1965141.2544	2412451.7588	275984985431.8572	2.1139e+04
635	1287269.8573	-1119751.3523	1965232.8573	2412411.6477	275984985431.8572	2.1131e+04
636	1287361.4603	-1119791.4635	1965324.4603	2412371.5365	275984985431.8572	2.1123e+04
637	1287453.0632	-1119831.5746	1965416.0632	2412331.4254	275984985431.8572	2.1115e+04
638	1287544.6662	-1119871.6857	1965507.6662	2412291.3143	275984985431.8572	2.1107e+04
639	1287636.2691	-1119911.7968	1965599.2691	2412251.2032	275984985431.8572	2.1099e+04
640	1287727.8720	-1119951.9079	1965690.8720	2412211.0921	275984985431.8572	2.1092e+04
641	1287819.4750	-1119992.0190	1965782.4750	2412170.9810	275984985431.8572	2.1084e+04
642	1287911.0779	-1120032.1301	1965874.0779	2412130.8699	275984985431.8572	2.1076e+04
643	1288002.6809	-1120072.2412	1965965.6809	2412090.7588	275984985431.8572	2.1068e+04
644	1288094.2838	-1120112.3523	1966057.2838	2412050.6477	275984985431.8572	2.1060e+04
645	1288185.8867	-1120152.4634	1966148.8867	2412010.5366	275984985431.8572	2.1052e+04
646	1288277.4897	-1120192.5745	1966240.4897	2411970.4255	275984985431.8572	2.1044e+04
647	1288369.0926	-1120232.6856	1966332.0926	2411930.3144	275984985431.8572	2.1036e+04
648	1288460.6956	-1120272.7968	1966423.6956	2411890.2032	275984985431.8572	2.1029e+04
649	1288552.2985	-1120312.9079	1966515.2985	2411850.0921	275984985431.8572	2.1021e+04
650	1288643.9015	-1120353.0190	1966606.9015	2411809.9810	275984985431.8572	2.1013e+04
651	1288735.5044	-1120393.1301	1966698.5044	2411769.8699	275984985431.8572	2.1005e+04
652	1288827.1073	-1120433.2412	1966790.1073	2411729.7588	275984985431.8572	2.0997e+04
653	1288918.7103	-1120473.3523	1966881.7103	2411689.6477	275984985431.8572	2.0989e+04
654	1289010.3132	-1120513.4634	1966973.3132	2411649.5366	275984985431.8572	2.0981e+04
655	1289101.9162	-1120553.5745	1967064.9162	2411609.4255	275984985431.8572	2.0974e+04
656	1289193.5191	-1120593.6856	1967156.5191	2411569.3144	275984985431.8572	2.0966e+04
657	1289285.1220	-1120633.7967	1967248.1220	2411529.2033	275984985431.8572	2.0958e+04
658	1289376.7250	-1120673.9078	1967339.7250	2411489.0922	275984985431.8572	2.0950e+04
659	1289468.3279	-1120714.0190	1967431.3279	2411448.9810	275984985431.8572	2.0942e+04
660	1289559.9309	-1120754.1301	1967522.9309	2411408.8699	275984985431.8572	2.0934e+04
661	1289651.5338	-1120794.2412	1967614.5338	2411368.7588	275984985431.8572	2.0927e+04
662	1289743.1368	-1120834.3523	1967706.1368	2411328.6477	275984985431.8572	2.0919e+04
663	1289834.7397	-1120874.4634	1967797.7397	2411288.5366	275984985431.8572	2.0911e+04
664	1289926.3426	-1120914.5745	1967889.3426	2411248.4255	275984985431.8572	2.0903e+04
665	1290017.9456	-1120954.6856	1967980.9456	2411208.3144	275984985431.8572	2.0895e+04
666	1290109.5485	-1120994.7967	1968072.5485	2411168.2033	275984985431.8572	2.0887e+04
667	1290201.1515	-1121034.9078	1968164.1515	2411128.0922	275984985431.8572	2.0880e+04
668	1290292.7544	-1121075.0189	1968255.7544	2411087.9811	275984985431.8572	2.0872e+04
669	1290384.3573	-1121115.1300	1968347.3573	2411047.8700	275984985431.8572	2.0864e+04
670	1290475.9603	-1121155.2411	1968438.9603	2411007.7589	275984985431.8572	2.0856e+04
671	1290567.5632	-1121195.3523	1968530.5632	2410967.6477	275984985431.8572	2.0849e+04
672	1290659.1662	-1121235.4634	1968622.1662	2410927.5366	275984985431.8572	2.0841e+04
673	1290750.7691	-1121275.5745	1968713.7691	2410887.4255	275984985431.8572	2.0833e+04
674	1290842.3721	-1121315.6856	1968805.3721	2410847.3144	275984985431.8572	2.0825e+04
675	1290933.9750	-1121355.7967	1968896.9750	2410807.2033	275984985431.8572	2.0817e+04
676	1291025.5779	-1121395.9078	1968988.5779	2410767.0922	275984985431.8572	2.0810e+04
677	1291117.1809	-1121436.0189	1969080.1809	2410726.9811	275984985431.8572	2.0802e+04
678	1291208.7838	-1121476.1300	1969171.7838	2410686.8700	275984985431.8572	2.0794e+04
679	1291300.3868	-1121516.2411	1969263.3868	2410646.7589	275984985431.8572	2.0786e+04
680	1291391.9897	-1121556.3522	1969354.9897	2410606.6478	275984985431.8572	2.0779e+04
681	1291483.5927	-1121596.4633	1969446.5927	2410566.5367	275984985431.8572	2.0771e+04
682	1291575.1956	-1121636.5745	1969538.1956	2410526.4255	275984985431.8572	2.0763e+04
683	1291666.7985	-1121676.6856	1969629.7985	2410486.3144	275984985431.8572	2.0755e+04
684	1291758.4015	-1121716.7967	1969721.4015	2410446.2033	275984985431.8572	2.0747e+04
685	1291850.0044	-1121756.9078	1969813.0044	2410406.0922	275984985431.8572	2.0740e+04
686	1291941.6074	-1121797.0189	1969904.6074	2410365.9811	275984985431.8572	2.0732e+04
687	1292033.2103	-1121837.1300	1969996.2103	2410325.8700	275984985431.8572	2.0724e+04
688	1292124.8132	-1121877.2411	1970087.8132	2410285.7589	275984985431.8572	2.0717e+04
689	1292216.4162	-1121917.3522	1970179.4162	2410245.6478	275984985431.8572	2.0709e+04
690	1292308.0191	-1121957.4633	1970271.0191	2410205.5367	275984985431.8572	2.0701e+04
691	1292399.6221	-1121997.5744	1970362.6221	2410165.4256	275984985431.8572	2.0693e+04
692	1292491.2250	-1122037.6855	1970454.2250	2410125.3145	275984985431.8572	2.0686e+04
693	1292582.8280	-1122077.7966	1970545.8280	2410085.2034	275984985431.8572	2.0678e+04
694	1292674.4309	-1122117.9078	1970637.4309	2410045.0922	275984985431.8572	2.0670e+04
695	1292766.0338	-1122158.0189	1970729.0338	2410004.9811	275984985431.8572	2.0662e+04
696	1292857.6368	-1122198.1300	1970820.6368	2409964.8700	275984985431.8572	2.0655e+04
697	1292949.2397	-1122238.2411	1970912.2397	2409924.7589	275984985431.8572	2.0647e+04
698	1293040.8427	-1122278.3522	1971003.8427	2409884.6478	275984985431.8572	2.0639e+04
699	1293132.4456	-1122318.4633	1971095.4456	2409844.5367	275984985431.8572	2.0632e+04
700	1293224.0485	-1122358.5744	1971187.0485	2409804.4256	275984985431.8572	2.0624e+04
701	1293315.6515	-1122398.6855	1971278.6515	2409764.3145	275984985431.8572	2.0616e+04
702	1293407.2544	-1122438.7966	1971370.2544	2409724.2034	275984985431.8572	2.0609e+04
703	1293498.8574	-1122478.9077	1971461.8574	2409684.0923	275984985431.8572	2.0601e+04
704	1293590.4603	-1122519.0188	1971553.4603	2409643.9812	275984985431.8572	2.0593e+04
705	1293682.0633	-1122559.1299	1971645.0633	2409603.8701	275984985431.8572	2.0585e+04
706	1293773.6662	-1122599.2411	1971736.6662	2409563.7589	275984985431.8572	2.0578e+04
707	1293865.2691	-1122639.3522	1971828.2691	2409523.6478	275984985431.8572	2.0570e+04
708	1293956.8721	-1122679.4633	1971919.8721	2409483.5367	275984985431.8572	2.0562e+04
709	1294048.4750	-1122719.5744	1972011.4750	2409443.4256	275984985431.8572	2.0555e+04
710	1294140.0780	-1122759.6855	1972103.0780	2409403.3145	275984985431.8572	2.0547e+04
711	1294231.6809	-1122799.7966	1972194.6809	2409363.2034	275984985431.8572	2.0539e+04
712	1294323.2839	-1122839.9077	1972286.2839	2409323.0923	275984985431.8572	2.0532e+04
713	1294414.8868	-1122880.0188	1972377.8868	2409282.9812	275984985431.8572	2.0524e+04
714	1294506.4897	-1122920.1299	1972469.4897	2409242.8701	275984985431.8572	2.0516e+04
715	1294598.0927	-1122960.2410	1972561.0927	2409202.7590	275984985431.8572	2.0509e+04
716	1294689.6956	-1123000.3521	1972652.6956	2409162.6479	275984985431.8572	2.0501e+04
717	1294781.2986	-1123040.4633	1972744.2986	2409122.5367	275984985431.8572	2.0493e+04
718	1294872.9015	-1123080.5744	1972835.9015	2409082.4256	275984985431.8572	2.0486e+04
719	1294964.5044	-1123120.6855	1972927.5044	2409042.3145	275984985431.8572	2.0478e+04
720	1295056.1074	-1123160.7966	1973019.1074	2409002.2034	275984985431.8572	2.0471e+04
721	1295147.7103	-1123200.9077	1973110.7103	2408962.0923	275984985431.8572	2.0463e+04
722	1295239.3133	-1123241.0188	1973202.3133	2408921.9812	275984985431.8572	2.0455e+04
723	1295330.9162	-1123281.1299	1973293.9162	2408881.8701	275984985431.8572	2.0448e+04
724	1295422.5192	-1123321.2410	1973385.5192	2408841.7590	275984985431.8572	2.0440e+04
725	1295514.1221	-1123361.3521	1973477.1221	2408801.6479	275984985431.8572	2.0432e+04
726	1295605.7250	-1123401.4632	1973568.7250	2408761.5368	275984985431.8572	2.0425e+04
727	1295697.3280	-1123441.5743	1973660.3280	2408721.4257	275984985431.8572	2.0417e+04
728	1295788.9309	-1123481.6854	1973751.9309	2408681.3146	275984985431.8572	2.0410e+04
729	1295880.5339	-1123521.7966	1973843.5339	2408641.2034	275984985431.8572	2.0402e+04
730	1295972.1368	-1123561.9077	1973935.1368	2408601.0923	275984985431.8572	2.0394e+04
731	1296063.7397	-1123602.0188	1974026.7397	2408560.9812	275984985431.8572	2.0387e+04
732	1296155.3427	-1123642.1299	1974118.3427	2408520.8701	275984985431.8572	2.0379e+04
733	1296246.9456	-1123682.2410	1974209.9456	2408480.7590	275984985431.8572	2.0372e+04
734	1296338.5486	-1123722.3521	1974301.5486	2408440.6479	275984985431.8572	2.0364e+04
735	1296430.1515	-1123762.4632	1974393.1515	2408400.5368	275984985431.8572	2.0356e+04
736	1296521.7545	-1123802.5743	1974484.7545	2408360.4257	275984985431.8572	2.0349e+04
737	1296613.3574	-1123842.6854	1974576.3574	2408320.3146	275984985431.8572	2.0341e+04
738	1296704.9603	-1123882.7965	1974667.9603	2408280.2035	275984985431.8572	2.0334e+04
739	1296796.5633	-1123922.9076	1974759.5633	2408240.0924	275984985431.8572	2.0326e+04
740	1296888.1662	-1123963.0188	1974851.1662	2408199.9812	275984985431.8572	2.0318e+04
741	1296979.7692	-1124003.1299	1974942.7692	2408159.8701	275984985431.8572	2.0311e+04
742	1297071.3721	-1124043.2410	1975034.3721	2408119.7590	275984985431.8572	2.0303e+04
743	1297162.9751	-1124083.3521	1975125.9751	2408079.6479	275984985431.8572	2.0296e+04
744	1297254.5780	-1124123.4632	1975217.5780	2408039.5368	275984985431.8572	2.0288e+04
745	1297346.1809	-1124163.5743	1975309.1809	2407999.4257	275984985431.8572	2.0281e+04
746	1297437.7839	-1124203.6854	1975400.7839	2407959.3146	275984985431.8572	2.0273e+04
747	1297529.3868	-1124243.7965	1975492.3868	2407919.2035	275984985431.8572	2.0266e+04
748	1297620.9898	-1124283.9076	1975583.9898	2407879.0924	275984985431.8572	2.0258e+04
749	1297712.5927	-1124324.0187	1975675.5927	2407838.9813	275984985431.8572	2.0250e+04
750	1297804.1956	-1124364.1298	1975767.1956	2407798.8702	275984985431.8572	2.0243e+04
751	1297895.7986	-1124404.2409	1975858.7986	2407758.7591	275984985431.8572	2.0235e+04
752	1297987.4015	-1124444.3521	1975950.4015	2407718.6479	275984985431.8572	2.0228e+04
753	1298079.0045	-1124484.4632	1976042.0045	2407678.5368	275984985431.8572	2.0220e+04
754	1298170.6074	-1124524.5743	1976133.6074	2407638.4257	275984985431.8572	2.0213e+04
755	1298262.2104	-1124564.6854	1976225.2104	2407598.3146	275984985431.8572	2.0205e+04
756	1298353.8133	-1124604.7965	1976316.8133	2407558.2035	275984985431.8572	2.0198e+04
757	1298445.4162	-1124644.9076	1976408.4162	2407518.0924	275984985431.8572	2.0190e+04
758	1298537.0192	-1124685.0187	1976500.0192	2407477.9813	275984985431.8572	2.0183e+04
759	1298628.6221	-1124725.1298	1976591.6221	2407437.8702	275984985431.8572	2.0175e+04
760	1298720.2251	-1124765.2409	1976683.2251	2407397.7591	275984985431.8572	2.0168e+04
761	1298811.8280	-1124805.3520	1976774.8280	2407357.6480	275984985431.8572	2.0160e+04
762	1298903.4309	-1124845.4631	1976866.4309	2407317.5369	275984985431.8572	2.0153e+04
763	1298995.0339	-1124885.5742	1976958.0339	2407277.4258	275984985431.8572	2.0145e+04
764	1299086.6368	-1124925.6854	1977049.6368	2407237.3146	275984985431.8572	2.0138e+04
765	1299178.2398	-1124965.7965	1977141.2398	2407197.2035	275984985431.8572	2.0130e+04
766	1299269.8427	-1125005.9076	1977232.8427	2407157.0924	275984985431.8572	2.0123e+04
767	1299361.4457	-1125046.0187	1977324.4457	2407116.9813	275984985431.8572	2.0115e+04
768	1299453.0486	-1125086.1298	1977416.0486	2407076.8702	275984985431.8572	2.0108e+04
769	1299544.6515	-1125126.2409	1977507.6515	2407036.7591	275984985431.8572	2.0100e+04
770	1299636.2545	-1125166.3520	1977599.2545	2406996.6480	275984985431.8572	2.0093e+04
771	1299727.8574	-1125206.4631	1977690.8574	2406956.5369	275984985431.8572	2.0085e+04
772	1299819.4604	-1125246.5742	1977782.4604	2406916.4258	275984985431.8572	2.0078e+04
773	1299911.0633	-1125286.6853	1977874.0633	2406876.3147	275984985431.8572	2.0070e+04
774	1300002.6662	-1125326.7964	1977965.6662	2406836.2036	275984985431.8572	2.0063e+04
775	1300094.2692	-1125366.9076	1978057.2692	2406796.0924	275984985431.8572	2.0055e+04
776	1300185.8721	-1125407.0187	1978148.8721	2406755.9813	275984985431.8572	2.0048e+04
777	1300277.4751	-1125447.1298	1978240.4751	2406715.8702	275984985431.8572	2.0040e+04
778	1300369.0780	-1125487.2409	1978332.0780	2406675.7591	275984985431.8572	2.0033e+04
779	1300460.6810	-1125527.3520	1978423.6810	2406635.6480	275984985431.8572	2.0025e+04
780	1300552.2839	-1125567.4631	1978515.2839	2406595.5369	275984985431.8572	2.0018e+04
781	1300643.8868	-1125607.5742	1978606.8868	2406555.4258	275984985431.8572	2.0011e+04
782	1300735.4898	-1125647.6853	1978698.4898	2406515.3147	275984985431.8572	2.0003e+04
783	1300827.0927	-1125687.7964	1978790.0927	2406475.2036	275984985431.8572	1.9996e+04
784	1300918.6957	-1125727.9075	1978881.6957	2406435.0925	275984985431.8572	1.9988e+04
785	1301010.2986	-1125768.0186	1978973.2986	2406394.9814	275984985431.8572	1.9981e+04
786	1301101.9016	-1125808.1297	1979064.9016	2406354.8703	275984985431.8572	1.9973e+04
787	1301193.5045	-1125848.2409	1979156.5045	2406314.7591	275984985431.8572	1.9966e+04
788	1301285.1074	-1125888.3520	1979248.1074	2406274.6480	275984985431.8572	1.9958e+04
789	1301376.7104	-1125928.4631	1979339.7104	2406234.5369	275984985431.8572	1.9951e+04
790	1301468.3133	-1125968.5742	1979431.3133	2406194.4258	275984985431.8572	1.9944e+04
791	1301559.9163	-1126008.6853	1979522.9163	2406154.3147	275984985431.8572	1.9936e+04
792	1301651.5192	-1126048.7964	1979614.5192	2406114.2036	275984985431.8572	1.9929e+04
793	1301743.1221	-1126088.9075	1979706.1221	2406074.0925	275984985431.8572	1.9921e+04
794	1301834.7251	-1126129.0186	1979797.7251	2406033.9814	275984985431.8572	1.9914e+04
795	1301926.3280	-1126169.1297	1979889.3280	2405993.8703	275984985431.8572	1.9907e+04
796	1302017.9310	-1126209.2408	1979980.9310	2405953.7592	275984985431.8572	1.9899e+04
797	1302109.5339	-1126249.3519	1980072.5339	2405913.6481	275984985431.8572	1.9892e+04
798	1302201.1369	-1126289.4631	1980164.1369	2405873.5369	275984985431.8572	1.9884e+04
799	1302292.7398	-1126329.5742	1980255.7398	2405833.4258	275984985431.8572	1.9877e+04
800	1302384.3427	-1126369.6853	1980347.3427	2405793.3147	275984985431.8572	1.9870e+04
801	1302475.9457	-1126409.7964	1980438.9457	2405753.2036	275984985431.8572	1.9862e+04
802	1302567.5486	-1126449.9075	1980530.5486	2405713.0925	275984985431.8572	1.9855e+04
803	1302659.1516	-1126490.0186	1980622.1516	2405672.9814	275984985431.8572	1.9847e+04
804	1302750.7545	-1126530.1297	1980713.7545	2405632.8703	275984985431.8572	1.9840e+04
805	1302842.3574	-1126570.2408	1980805.3574	2405592.7592	275984985431.8572	1.9833e+04
806	1302933.9604	-1126610.3519	1980896.9604	2405552.6481	275984985431.8572	1.9825e+04
807	1303025.5633	-1126650.4630	1980988.5633	2405512.5370	275984985431.8572	1.9818e+04
808	1303117.1663	-1126690.5741	1981080.1663	2405472.4259	275984985431.8572	1.9810e+04
809	1303208.7692	-1126730.6852	1981171.7692	2405432.3148	275984985431.8572	1.9803e+04
810	1303300.3722	-1126770.7964	1981263.3722	2405392.2036	275984985431.8572	1.9796e+04
811	1303391.9751	-1126810.9075	1981354.9751	2405352.0925	275984985431.8572	1.9788e+04
812	1303483.5780	-1126851.0186	1981446.5780	2405311.9814	275984985431.8572	1.9781e+04
813	1303575.1810	-1126891.1297	1981538.1810	2405271.8703	275984985431.8572	1.9774e+04
814	1303666.7839	-1126931.2408	1981629.7839	2405231.7592	275984985431.8572	1.9766e+04
815	1303758.3869	-1126971.3519	1981721.3869	2405191.6481	275984985431.8572	1.9759e+04
816	1303849.9898	-1127011.4630	1981812.9898	2405151.5370	275984985431.8572	1.9752e+04
817	1303941.5928	-1127051.5741	1981904.5928	2405111.4259	275984985431.8572	1.9744e+04
818	1304033.1957	-1127091.6852	1981996.1957	2405071.3148	275984985431.8572	1.9737e+04
819	1304124.7986	-1127131.7963	1982087.7986	2405031.2037	275984985431.8572	1.9730e+04
820	1304216.4016	-1127171.9074	1982179.4016	2404991.0926	275984985431.8572	1.9722e+04
821	1304308.0045	-1127212.0185	1982271.0045	2404950.9815	275984985431.8572	1.9715e+04
822	1304399.6075	-1127252.1297	1982362.6075	2404910.8703	275984985431.8572	1.9708e+04
823	1304491.2104	-1127292.2408	1982454.2104	2404870.7592	275984985431.8572	1.9700e+04
824	1304582.8133	-1127332.3519	1982545.8133	2404830.6481	275984985431.8572	1.9693e+04
825	1304674.4163	-1127372.4630	1982637.4163	2404790.5370	275984985431.8572	1.9686e+04
826	1304766.0192	-1127412.5741	1982729.0192	2404750.4259	275984985431.8572	1.9678e+04
827	1304857.6222	-1127452.6852	1982820.6222	2404710.3148	275984985431.8572	1.9671e+04
828	1304949.2251	-1127492.7963	1982912.2251	2404670.2037	275984985431.8572	1.9664e+04
829	1305040.8281	-1127532.9074	1983003.8281	2404630.0926	275984985431.8572	1.9656e+04
830	1305132.4310	-1127573.0185	1983095.4310	2404589.9815	275984985431.8572	1.9649e+04
831	1305224.0339	-1127613.1296	1983187.0339	2404549.8704	275984985431.8572	1.9642e+04
832	1305315.6369	-1127653.2407	1983278.6369	2404509.7593	275984985431.8572	1.9635e+04
833	1305407.2398	-1127693.3519	1983370.2398	2404469.6481	275984985431.8572	1.9627e+04
834	1305498.8428	-1127733.4630	1983461.8428	2404429.5370	275984985431.8572	1.9620e+04
835	1305590.4457	-1127773.5741	1983553.4457	2404389.4259	275984985431.8572	1.9613e+04
836	1305682.0486	-1127813.6852	1983645.0486	2404349.3148	275984985431.8572	1.9605e+04
837	1305773.6516	-1127853.7963	1983736.6516	2404309.2037	275984985431.8572	1.9598e+04
838	1305865.2545	-1127893.9074	1983828.2545	2404269.0926	275984985431.8572	1.9591e+04
839	1305956.8575	-1127934.0185	1983919.8575	2404228.9815	275984985431.8572	1.9584e+04
840	1306048.4604	-1127974.1296	1984011.4604	2404188.8704	275984985431.8572	1.9576e+04
841	1306140.0634	-1128014.2407	1984103.0634	2404148.7593	275984985431.8572	1.9569e+04
842	1306231.6663	-1128054.3518	1984194.6663	2404108.6482	275984985431.8572	1.9562e+04
843	1306323.2692	-1128094.4629	1984286.2692	2404068.5371	275984985431.8572	1.9554e+04
844	1306414.8722	-1128134.5740	1984377.8722	2404028.4260	275984985431.8572	1.9547e+04
845	1306506.4751	-1128174.6852	1984469.4751	2403988.3148	275984985431.8572	1.9540e+04
846	1306598.0781	-1128214.7963	1984561.0781	2403948.2037	275984985431.8572	1.9533e+04
847	1306689.6810	-1128254.9074	1984652.6810	2403908.0926	275984985431.8572	1.9525e+04
848	1306781.2840	-1128295.0185	1984744.2840	2403867.9815	275984985431.8572	1.9518e+04
849	1306872.8869	-1128335.1296	1984835.8869	2403827.8704	275984985431.8572	1.9511e+04
850	1306964.4898	-1128375.2407	1984927.4898	2403787.7593	275984985431.8572	1.9504e+04
851	1307056.0928	-1128415.3518	1985019.0928	2403747.6482	275984985431.8572	1.9496e+04
852	1307147.6957	-1128455.4629	1985110.6957	2403707.5371	275984985431.8572	1.9489e+04
853	1307239.2987	-1128495.5740	1985202.2987	2403667.4260	275984985431.8572	1.9482e+04
854	1307330.9016	-1128535.6851	1985293.9016	2403627.3149	275984985431.8572	1.9475e+04
855	1307422.5045	-1128575.7962	1985385.5045	2403587.2038	275984985431.8572	1.9468e+04
856	1307514.1075	-1128615.9073	1985477.1075	2403547.0927	275984985431.8572	1.9460e+04
857	1307605.7104	-1128656.0185	1985568.7104	2403506.9815	275984985431.8572	1.9453e+04
858	1307697.3134	-1128696.1296	1985660.3134	2403466.8704	275984985431.8572	1.9446e+04
859	1307788.9163	-1128736.2407	1985751.9163	2403426.7593	275984985431.8572	1.9439e+04
860	1307880.5193	-1128776.3518	1985843.5193	2403386.6482	275984985431.8572	1.9431e+04
861	1307972.1222	-1128816.4629	1985935.1222	2403346.5371	275984985431.8572	1.9424e+04
862	1308063.7251	-1128856.5740	1986026.7251	2403306.4260	275984985431.8572	1.9417e+04
863	1308155.3281	-1128896.6851	1986118.3281	2403266.3149	275984985431.8572	1.9410e+04
864	1308246.9310	-1128936.7962	1986209.9310	2403226.2038	275984985431.8572	1.9403e+04
865	1308338.5340	-1128976.9073	1986301.5340	2403186.0927	275984985431.8572	1.9395e+04
866	1308430.1369	-1129017.0184	1986393.1369	2403145.9816	275984985431.8572	1.9388e+04
867	1308521.7398	-1129057.1295	1986484.7398	2403105.8705	275984985431.8572	1.9381e+04
868	1308613.3428	-1129097.2407	1986576.3428	2403065.7593	275984985431.8572	1.9374e+04
869	1308704.9457	-1129137.3518	1986667.9457	2403025.6482	275984985431.8572	1.9367e+04
870	1308796.5487	-1129177.4629	1986759.5487	2402985.5371	275984985431.8572	1.9359e+04
871	1308888.1516	-1129217.5740	1986851.1516	2402945.4260	275984985431.8572	1.9352e+04
872	1308979.7546	-1129257.6851	1986942.7546	2402905.3149	275984985431.8572	1.9345e+04
873	1309071.3575	-1129297.7962	1987034.3575	2402865.2038	275984985431.8572	1.9338e+04
874	1309162.9604	-1129337.9073	1987125.9604	2402825.0927	275984985431.8572	1.9331e+04
875	1309254.5634	-1129378.0184	1987217.5634	2402784.9816	275984985431.8572	1.9324e+04
876	1309346.1663	-1129418.1295	1987309.1663	2402744.8705	275984985431.8572	1.9316e+04
877	1309437.7693	-1129458.2406	1987400.7693	2402704.7594	275984985431.8572	1.9309e+04
878	1309529.3722	-1129498.3517	1987492.3722	2402664.6483	275984985431.8572	1.9302e+04
879	1309620.9751	-1129538.4628	1987583.9751	2402624.5372	275984985431.8572	1.9295e+04
880	1309712.5781	-1129578.5740	1987675.5781	2402584.4260	275984985431.8572	1.9288e+04
881	1309804.1810	-1129618.6851	1987767.1810	2402544.3149	275984985431.8572	1.9281e+04
882	1309895.7840	-1129658.7962	1987858.7840	2402504.2038	275984985431.8572	1.9273e+04
883	1309987.3869	-1129698.9073	1987950.3869	2402464.0927	275984985431.8572	1.9266e+04
884	1310078.9899	-1129739.0184	1988041.9899	2402423.9816	275984985431.8572	1.9259e+04
885	1310170.5928	-1129779.1295	1988133.5928	2402383.8705	275984985431.8572	1.9252e+04
886	1310262.1957	-1129819.2406	1988225.1957	2402343.7594	275984985431.8572	1.9245e+04
887	1310353.7987	-1129859.3517	1988316.7987	2402303.6483	275984985431.8572	1.9238e+04
888	1310445.4016	-1129899.4628	1988408.4016	2402263.5372	275984985431.8572	1.9231e+04
889	1310537.0046	-1129939.5739	1988500.0046	2402223.4261	275984985431.8572	1.9224e+04
890	1310628.6075	-1129979.6850	1988591.6075	2402183.3150	275984985431.8572	1.9216e+04
891	1310720.2105	-1130019.7962	1988683.2105	2402143.2038	275984985431.8572	1.9209e+04
892	1310811.8134	-1130059.9073	1988774.8134	2402103.0927	275984985431.8572	1.9202e+04
893	1310903.4163	-1130100.0184	1988866.4163	2402062.9816	275984985431.8572	1.9195e+04
894	1310995.0193	-1130140.1295	1988958.0193	2402022.8705	275984985431.8572	1.9188e+04
895	1311086.6222	-1130180.2406	1989049.6222	2401982.7594	275984985431.8572	1.9181e+04
896	1311178.2252	-1130220.3517	1989141.2252	2401942.6483	275984985431.8572	1.9174e+04
897	1311269.8281	-1130260.4628	1989232.8281	2401902.5372	275984985431.8572	1.9167e+04
898	1311361.4310	-1130300.5739	1989324.4310	2401862.4261	275984985431.8572	1.9159e+04
899	1311453.0340	-1130340.6850	1989416.0340	2401822.3150	275984985431.8572	1.9152e+04
900	1311544.6369	-1130380.7961	1989507.6369	2401782.2039	275984985431.8572	1.9145e+04
901	1311636.2399	-1130420.9072	1989599.2399	2401742.0928	275984985431.8572	1.9138e+04
902	1311727.8428	-1130461.0183	1989690.8428	2401701.9817	275984985431.8572	1.9131e+04
903	1311819.4458	-1130501.1295	1989782.4458	2401661.8705	275984985431.8572	1.9124e+04
904	1311911.0487	-1130541.2406	1989874.0487	2401621.7594	275984985431.8572	1.9117e+04
905	1312002.6516	-1130581.3517	1989965.6516	2401581.6483	275984985431.8572	1.9110e+04
906	1312094.2546	-1130621.4628	1990057.2546	2401541.5372	275984985431.8572	1.9103e+04
907	1312185.8575	-1130661.5739	1990148.8575	2401501.4261	275984985431.8572	1.9096e+04
908	1312277.4605	-1130701.6850	1990240.4605	2401461.3150	275984985431.8572	1.9089e+04
909	1312369.0634	-1130741.7961	1990332.0634	2401421.2039	275984985431.8572	1.9082e+04
910	1312460.6663	-1130781.9072	1990423.6663	2401381.0928	275984985431.8572	1.9074e+04
911	1312552.2693	-1130822.0183	1990515.2693	2401340.9817	275984985431.8572	1.9067e+04
912	1312643.8722	-1130862.1294	1990606.8722	2401300.8706	275984985431.8572	1.9060e+04
913	1312735.4752	-1130902.2405	1990698.4752	2401260.7595	275984985431.8572	1.9053e+04
914	1312827.0781	-1130942.3516	1990790.0781	2401220.6484	275984985431.8572	1.9046e+04
915	1312918.6811	-1130982.4628	1990881.6811	2401180.5372	275984985431.8572	1.9039e+04
916	1313010.2840	-1131022.5739	1990973.2840	2401140.4261	275984985431.8572	1.9032e+04
917	1313101.8869	-1131062.6850	1991064.8869	2401100.3150	275984985431.8572	1.9025e+04
918	1313193.4899	-1131102.7961	1991156.4899	2401060.2039	275984985431.8572	1.9018e+04
919	1313285.0928	-1131142.9072	1991248.0928	2401020.0928	275984985431.8572	1.9011e+04
920	1313376.6958	-1131183.0183	1991339.6958	2400979.9817	275984985431.8572	1.9004e+04
921	1313468.2987	-1131223.1294	1991431.2987	2400939.8706	275984985431.8572	1.8997e+04
922	1313559.9017	-1131263.2405	1991522.9017	2400899.7595	275984985431.8572	1.8990e+04
923	1313651.5046	-1131303.3516	1991614.5046	2400859.6484	275984985431.8572	1.8983e+04
924	1313743.1075	-1131343.4627	1991706.1075	2400819.5373	275984985431.8572	1.8976e+04
925	1313834.7105	-1131383.5738	1991797.7105	2400779.4262	275984985431.8572	1.8969e+04
926	1313926.3134	-1131423.6850	1991889.3134	2400739.3150	275984985431.8572	1.8962e+04
927	1314017.9164	-1131463.7961	1991980.9164	2400699.2039	275984985431.8572	1.8955e+04
928	1314109.5193	-1131503.9072	1992072.5193	2400659.0928	275984985431.8572	1.8948e+04
929	1314201.1222	-1131544.0183	1992164.1222	2400618.9817	275984985431.8572	1.8941e+04
930	1314292.7252	-1131584.1294	1992255.7252	2400578.8706	275984985431.8572	1.8934e+04
931	1314384.3281	-1131624.2405	1992347.3281	2400538.7595	275984985431.8572	1.8927e+04
932	1314475.9311	-1131664.3516	1992438.9311	2400498.6484	275984985431.8572	1.8920e+04
933	1314567.5340	-1131704.4627	1992530.5340	2400458.5373	275984985431.8572	1.8913e+04
934	1314659.1370	-1131744.5738	1992622.1370	2400418.4262	275984985431.8572	1.8906e+04
935	1314750.7399	-1131784.6849	1992713.7399	2400378.3151	275984985431.8572	1.8899e+04
936	1314842.3428	-1131824.7960	1992805.3428	2400338.2040	275984985431.8572	1.8892e+04
937	1314933.9458	-1131864.9071	1992896.9458	2400298.0929	275984985431.8572	1.8885e+04
938	1315025.5487	-1131905.0183	1992988.5487	2400257.9817	275984985431.8572	1.8878e+04
939	1315117.1517	-1131945.1294	1993080.1517	2400217.8706	275984985431.8572	1.8871e+04
940	1315208.7546	-1131985.2405	1993171.7546	2400177.7595	275984985431.8572	1.8864e+04
941	1315300.3575	-1132025.3516	1993263.3575	2400137.6484	275984985431.8572	1.8857e+04
942	1315391.9605	-1132065.4627	1993354.9605	2400097.5373	275984985431.8572	1.8850e+04
943	1315483.5634	-1132105.5738	1993446.5634	2400057.4262	275984985431.8572	1.8843e+04
944	1315575.1664	-1132145.6849	1993538.1664	2400017.3151	275984985431.8572	1.8836e+04
945	1315666.7693	-1132185.7960	1993629.7693	2399977.2040	275984985431.8572	1.8829e+04
946	1315758.3723	-1132225.9071	1993721.3723	2399937.0929	275984985431.8572	1.8822e+04
947	1315849.9752	-1132266.0182	1993812.9752	2399896.9818	275984985431.8572	1.8815e+04
948	1315941.5781	-1132306.1293	1993904.5781	2399856.8707	275984985431.8572	1.8808e+04
949	1316033.1811	-1132346.2405	1993996.1811	2399816.7595	275984985431.8572	1.8801e+04
950	1316124.7840	-1132386.3516	1994087.7840	2399776.6484	275984985431.8572	1.8794e+04
951	1316216.3870	-1132426.4627	1994179.3870	2399736.5373	275984985431.8572	1.8787e+04
952	1316307.9899	-1132466.5738	1994270.9899	2399696.4262	275984985431.8572	1.8780e+04
953	1316399.5929	-1132506.6849	1994362.5929	2399656.3151	275984985431.8572	1.8773e+04
954	1316491.1958	-1132546.7960	1994454.1958	2399616.2040	275984985431.8572	1.8766e+04
955	1316582.7987	-1132586.9071	1994545.7987	2399576.0929	275984985431.8572	1.8759e+04
956	1316674.4017	-1132627.0182	1994637.4017	2399535.9818	275984985431.8572	1.8752e+04
957	1316766.0046	-1132667.1293	1994729.0046	2399495.8707	275984985431.8572	1.8745e+04
958	1316857.6076	-1132707.2404	1994820.6076	2399455.7596	275984985431.8572	1.8739e+04
959	1316949.2105	-1132747.3515	1994912.2105	2399415.6485	275984985431.8572	1.8732e+04
960	1317040.8134	-1132787.4626	1995003.8134	2399375.5374	275984985431.8572	1.8725e+04
961	1317132.4164	-1132827.5738	1995095.4164	2399335.4262	275984985431.8572	1.8718e+04
962	1317224.0193	-1132867.6849	1995187.0193	2399295.3151	275984985431.8572	1.8711e+04
963	1317315.6223	-1132907.7960	1995278.6223	2399255.2040	275984985431.8572	1.8704e+04
964	1317407.2252	-1132947.9071	1995370.2252	2399215.0929	275984985431.8572	1.8697e+04
965	1317498.8282	-1132988.0182	1995461.8282	2399174.9818	275984985431.8572	1.8690e+04
966	1317590.4311	-1133028.1293	1995553.4311	2399134.8707	275984985431.8572	1.8683e+04
967	1317682.0340	-1133068.2404	1995645.0340	2399094.7596	275984985431.8572	1.8676e+04
968	1317773.6370	-1133108.3515	1995736.6370	2399054.6485	275984985431.8572	1.8669e+04
969	1317865.2399	-1133148.4626	1995828.2399	2399014.5374	275984985431.8572	1.8662e+04
970	1317956.8429	-1133188.5737	1995919.8429	2398974.4263	275984985431.8572	1.8656e+04
971	1318048.4458	-1133228.6848	1996011.4458	2398934.3152	275984985431.8572	1.8649e+04
972	1318140.0487	-1133268.7959	1996103.0487	2398894.2041	275984985431.8572	1.8642e+04
973	1318231.6517	-1133308.9071	1996194.6517	2398854.0929	275984985431.8572	1.8635e+04
974	1318323.2546	-1133349.0182	1996286.2546	2398813.9818	275984985431.8572	1.8628e+04
975	1318414.8576	-1133389.1293	1996377.8576	2398773.8707	275984985431.8572	1.8621e+04
976	1318506.4605	-1133429.2404	1996469.4605	2398733.7596	275984985431.8572	1.8614e+04
977	1318598.0635	-1133469.3515	1996561.0635	2398693.6485	275984985431.8572	1.8607e+04
978	1318689.6664	-1133509.4626	1996652.6664	2398653.5374	275984985431.8572	1.8600e+04
979	1318781.2693	-1133549.5737	1996744.2693	2398613.4263	275984985431.8572	1.8594e+04
980	1318872.8723	-1133589.6848	1996835.8723	2398573.3152	275984985431.8572	1.8587e+04
981	1318964.4752	-1133629.7959	1996927.4752	2398533.2041	275984985431.8572	1.8580e+04
982	1319056.0782	-1133669.9070	1997019.0782	2398493.0930	275984985431.8572	1.8573e+04
983	1319147.6811	-1133710.0181	1997110.6811	2398452.9819	275984985431.8572	1.8566e+04
984	1319239.2841	-1133750.1293	1997202.2841	2398412.8707	275984985431.8572	1.8559e+04
985	1319330.8870	-1133790.2404	1997293.8870	2398372.7596	275984985431.8572	1.8552e+04
986	1319422.4899	-1133830.3515	1997385.4899	2398332.6485	275984985431.8572	1.8546e+04
987	1319514.0929	-1133870.4626	1997477.0929	2398292.5374	275984985431.8572	1.8539e+04
988	1319605.6958	-1133910.5737	1997568.6958	2398252.4263	275984985431.8572	1.8532e+04
989	1319697.2988	-1133950.6848	1997660.2988	2398212.3152	275984985431.8572	1.8525e+04
990	1319788.9017	-1133990.7959	1997751.9017	2398172.2041	275984985431.8572	1.8518e+04
991	1319880.5046	-1134030.9070	1997843.5046	2398132.0930	275984985431.8572	1.8511e+04
992	1319972.1076	-1134071.0181	1997935.1076	2398091.9819	275984985431.8572	1.8505e+04
993	1320063.7105	-1134111.1292	1998026.7105	2398051.8708	275984985431.8572	1.8498e+04
994	1320155.3135	-1134151.2403	1998118.3135	2398011.7597	275984985431.8572	1.8491e+04
995	1320246.9164	-1134191.3514	1998209.9164	2397971.6486	275984985431.8572	1.8484e+04
996	1320338.5194	-1134231.4626	1998301.5194	2397931.5374	275984985431.8572	1.8477e+04
997	1320430.1223	-1134271.5737	1998393.1223	2397891.4263	275984985431.8572	1.8470e+04
998	1320521.7252	-1134311.6848	1998484.7252	2397851.3152	275984985431.8572	1.8464e+04
999	1320613.3282	-1134351.7959	1998576.3282	2397811.2041	275984985431.8572	1.8457e+04
