i	x_from_vent	y_from_vent	x_coord	y_coord	cloud_sigma2	mass_released
0	2234.1450	-3299.7373	680197.1450	3528863.2627	1296047.2970	1.4562e+07
1	2561.3640	-3846.1825	680524.3640	3528316.8175	1405027.8965	1.4321e+07
2	2900.1194	-4403.5424	680863.1194	3527759.4576	1514298.4957	1.4085e+07
3	3260.1562	-4961.7968	681223.1562	3527201.2032	1626266.8589	1.3853e+07
4	3642.3254	-5515.7380	681605.3254	3526647.2620	1742793.1460	1.3624e+07
5	4043.3968	-6061.4280	682006.3968	3526101.5720	1864435.1524	1.3400e+07
6	4458.9926	-6595.6438	682421.9926	3525567.3562	1991048.4355	1.3179e+07
7	4891.0288	-7117.0328	682854.0288	3525045.9672	2122044.0622	1.2962e+07
8	5332.8700	-7618.9491	683295.8700	3524544.0509	2256286.3947	1.2749e+07
9	5773.8195	-8099.9237	683736.8195	3524063.0763	2392987.3309	1.2539e+07
10	6215.5561	-8559.8079	684178.5561	3523603.1921	2531767.1840	1.2334e+07
11	6660.6753	-8997.8880	684623.6753	3523165.1120	2672425.1664	1.2131e+07
12	7100.2640	-9418.9329	685063.2640	3522744.0671	2814847.1335	1.1932e+07
13	7543.9845	-9819.5511	685506.9845	3522343.4489	2958682.0887	1.1736e+07
14	7982.8908	-10204.3573	685945.8908	3521958.6427	3103768.6148	1.1544e+07
15	8421.2726	-10572.0213	686384.2726	3521590.9787	3249787.6248	1.1355e+07
16	8856.6905	-10924.0273	686819.6905	3521238.9727	3396489.4150	1.1169e+07
17	9289.2566	-11260.9432	687252.2566	3520902.0568	3543594.2515	1.0986e+07
18	9718.2957	-11583.2717	687681.2957	3520579.7283	3690830.0036	1.0807e+07
19	10144.2650	-11891.2245	688107.2650	3520271.7755	3837913.7720	1.0630e+07
20	10564.0587	-12186.8979	688527.0587	3519976.1021	3984604.9205	1.0457e+07
21	10982.4564	-12467.4218	688945.4564	3519695.5782	4130574.5810	1.0286e+07
22	11390.4496	-12739.3139	689353.4496	3519423.6861	4275658.4422	1.0118e+07
23	11799.9499	-12993.9627	689762.9499	3519169.0373	4419448.2949	9.9533e+06
24	12199.2399	-13240.4566	690162.2399	3518922.5434	4561821.6471	9.7912e+06
25	12592.9124	-13475.2831	690555.9124	3518687.7169	4702464.4811	9.6318e+06
26	12982.2592	-13697.6281	690945.2592	3518465.3719	4841107.5808	9.4751e+06
27	13361.2256	-13912.6850	691324.2256	3518250.3150	4977576.0657	9.3210e+06
28	13735.7192	-14116.3536	691698.7192	3518046.6464	5111556.3199	9.1695e+06
29	14103.2718	-14310.5951	692066.2718	3517852.4049	5242901.7004	9.0206e+06
30	14460.2919	-14498.2455	692423.2919	3517664.7545	5368229.0555	8.8742e+06
31	14810.3526	-14678.4941	692773.3526	3517484.5059	5494298.5996	8.7302e+06
32	15153.9945	-14851.3677	693116.9945	3517311.6323	5617463.5936	8.5887e+06
33	15487.1546	-15018.5524	693450.1546	3517144.4476	5737630.5382	8.4495e+06
34	15810.0395	-15180.1675	693773.0395	3516982.8325	5854664.6487	8.3127e+06
35	16128.0519	-15335.5905	694091.0519	3516827.4095	5968371.5245	8.1782e+06
36	16437.0775	-15485.5414	694400.0775	3516677.4586	6078694.7945	8.0459e+06
37	16736.1087	-15630.2941	694699.1087	3516532.7059	6185544.9134	7.9159e+06
38	17025.3219	-15769.9492	694988.3219	3516393.0508	6288824.4025	7.7880e+06
39	17307.1211	-15904.2209	695270.1211	3516258.7791	6388413.0522	7.6623e+06
40	17582.1649	-16033.1156	695545.1649	3516129.8844	6484221.1667	7.5387e+06
41	17847.6024	-16157.2338	695810.6024	3516005.7662	6576212.9720	7.4171e+06
42	18103.5799	-16276.6584	696066.5799	3515886.3416	6664318.1407	7.2976e+06
43	18350.2359	-16391.4688	696313.2359	3515771.5312	6748472.1234	7.1801e+06
44	18587.7008	-16501.7404	696550.7008	3515661.2596	6828615.8449	7.0645e+06
45	18818.7061	-16607.0233	696781.7061	3515555.9767	6904660.0162	6.9509e+06
46	19041.5847	-16707.7432	697004.5847	3515455.2568	6976579.9827	6.8391e+06
47	19255.3820	-16804.1789	697218.3820	3515358.8211	7044346.1197	6.7293e+06
48	19460.2043	-16896.3921	697423.2043	3515266.6079	7107918.9259	6.6212e+06
49	19656.1522	-16984.4421	697619.1522	3515178.5579	7167263.3868	6.5150e+06
50	19843.3203	-17068.3851	697806.3203	3515094.6149	7222348.8539	6.4105e+06
51	20021.7976	-17148.2751	697984.7976	3515014.7249	7273148.9422	6.3078e+06
52	20191.6680	-17224.1633	698154.6680	3514938.8367	7319641.4442	6.2067e+06
53	20353.0104	-17296.0990	698316.0104	3514866.9010	7361808.2580	6.1074e+06
54	20505.8992	-17364.1290	698468.8992	3514798.8710	7399635.3281	6.0097e+06
55	20617.9588	-17413.6361	698580.9588	3514749.3639	7430398.8160	5.9136e+06
56	20717.9509	-17457.6309	698680.9509	3514705.3691	7456492.7869	5.8191e+06
57	20816.4095	-17500.8868	698779.4095	3514662.1132	7478791.0001	5.7262e+06
58	20913.3364	-17543.4179	698876.3364	3514619.5821	7497290.4831	5.6348e+06
59	21008.7329	-17585.2375	698971.7329	3514577.7625	7511992.4081	5.5449e+06
60	21102.5999	-17626.3590	699065.5999	3514536.6410	7522902.0700	5.4565e+06
61	21194.9377	-17666.7954	699157.9377	3514496.2046	7530028.8700	5.3696e+06
62	21286.5407	-17706.9065	699249.5407	3514456.0935	7530028.8700	5.2841e+06
63	21378.1436	-17747.0176	699341.1436	3514415.9824	7530028.8700	5.2000e+06
64	21469.7465	-17787.1287	699432.7465	3514375.8713	7530028.8700	5.1174e+06
65	21561.3495	-17827.2399	699524.3495	3514335.7601	7530028.8700	5.0360e+06
66	21652.9524	-17867.3510	699615.9524	3514295.6490	7530028.8700	4.9561e+06
67	21744.5554	-17907.4621	699707.5554	3514255.5379	7530028.8700	4.8774e+06
68	21836.1583	-17947.5732	699799.1583	3514215.4268	7530028.8700	4.8000e+06
69	21927.7613	-17987.6843	699890.7613	3514175.3157	7530028.8700	4.7239e+06
70	22019.3642	-18027.7954	699982.3642	3514135.2046	7530028.8700	4.6491e+06
71	22110.9671	-18067.9065	700073.9671	3514095.0935	7530028.8700	4.5755e+06
72	22202.5701	-18108.0176	700165.5701	3514054.9824	7530028.8700	4.5031e+06
73	22294.1730	-18148.1287	700257.1730	3514014.8713	7530028.8700	4.4318e+06
74	22385.7760	-18188.2398	700348.7760	3513974.7602	7530028.8700	4.3618e+06
75	22477.3789	-18228.3509	700440.3789	3513934.6491	7530028.8700	4.2929e+06
76	22568.9819	-18268.4621	700531.9819	3513894.5379	7530028.8700	4.2251e+06
77	22660.5848	-18308.5732	700623.5848	3513854.4268	7530028.8700	4.1585e+06
78	22752.1877	-18348.6843	700715.1877	3513814.3157	7530028.8700	4.0929e+06
79	22843.7907	-18388.7954	700806.7907	3513774.2046	7530028.8700	4.0284e+06
80	22935.3936	-18428.9065	700898.3936	3513734.0935	7530028.8700	3.9650e+06
81	23026.9966	-18469.0176	700989.9966	3513693.9824	7530028.8700	3.9026e+06
82	23118.5995	-18509.1287	701081.5995	3513653.8713	7530028.8700	3.8412e+06
83	23210.2024	-18549.2398	701173.2024	3513613.7602	7530028.8700	3.7808e+06
84	23301.8054	-18589.3509	701264.8054	3513573.6491	7530028.8700	3.7214e+06
85	23393.4083	-18629.4620	701356.4083	3513533.5380	7530028.8700	3.6630e+06
86	23485.0113	-18669.5731	701448.0113	3513493.4269	7530028.8700	3.6055e+06
87	23576.6142	-18709.6842	701539.6142	3513453.3158	7530028.8700	3.5490e+06
88	23668.2172	-18749.7954	701631.2172	3513413.2046	7530028.8700	3.4934e+06
89	23759.8201	-18789.9065	701722.8201	3513373.0935	7530028.8700	3.4386e+06
90	23851.4230	-18830.0176	701814.4230	3513332.9824	7530028.8700	3.3848e+06
91	23943.0260	-18870.1287	701906.0260	3513292.8713	7530028.8700	3.3319e+06
92	24034.6289	-18910.2398	701997.6289	3513252.7602	7530028.8700	3.2798e+06
93	24126.2319	-18950.3509	702089.2319	3513212.6491	7530028.8700	3.2285e+06
94	24217.8348	-18990.4620	702180.8348	3513172.5380	7530028.8700	3.1781e+06
95	24309.4377	-19030.5731	702272.4377	3513132.4269	7530028.8700	3.1285e+06
96	24401.0407	-19070.6842	702364.0407	3513092.3158	7530028.8700	3.0797e+06
97	24492.6436	-19110.7953	702455.6436	3513052.2047	7530028.8700	3.0317e+06
98	24584.2466	-19150.9064	702547.2466	3513012.0936	7530028.8700	2.9845e+06
99	24675.8495	-19191.0176	702638.8495	3512971.9824	7530028.8700	2.9380e+06
100	24767.4525	-19231.1287	702730.4525	3512931.8713	7530028.8700	2.8923e+06
101	24859.0554	-19271.2398	702822.0554	3512891.7602	7530028.8700	2.8473e+06
102	24950.6583	-19311.3509	702913.6583	3512851.6491	7530028.8700	2.8031e+06
103	25042.2613	-19351.4620	703005.2613	3512811.5380	7530028.8700	2.7596e+06
104	25133.8642	-19391.5731	703096.8642	3512771.4269	7530028.8700	2.7167e+06
105	25225.4672	-19431.6842	703188.4672	3512731.3158	7530028.8700	2.6746e+06
106	25317.0701	-19471.7953	703280.0701	3512691.2047	7530028.8700	2.6331e+06
107	25408.6730	-19511.9064	703371.6730	3512651.0936	7530028.8700	2.5923e+06
108	25500.2760	-19552.0175	703463.2760	3512610.9825	7530028.8700	2.5522e+06
109	25591.8789	-19592.1286	703554.8789	3512570.8714	7530028.8700	2.5127e+06
110	25683.4819	-19632.2397	703646.4819	3512530.7603	7530028.8700	2.4738e+06
111	25775.0848	-19672.3509	703738.0848	3512490.6491	7530028.8700	2.4356e+06
112	25866.6878	-19712.4620	703829.6878	3512450.5380	7530028.8700	2.3980e+06
113	25958.2907	-19752.5731	703921.2907	3512410.4269	7530028.8700	2.3609e+06
114	26049.8936	-19792.6842	704012.8936	3512370.3158	7530028.8700	2.3245e+06
115	26141.4966	-19832.7953	704104.4966	3512330.2047	7530028.8700	2.2887e+06
116	26233.0995	-19872.9064	704196.0995	3512290.0936	7530028.8700	2.2534e+06
117	26324.7025	-19913.0175	704287.7025	3512249.9825	7530028.8700	2.2187e+06
118	26416.3054	-19953.1286	704379.3054	3512209.8714	7530028.8700	2.1845e+06
119	26507.9084	-19993.2397	704470.9084	3512169.7603	7530028.8700	2.1509e+06
120	26599.5113	-20033.3508	704562.5113	3512129.6492	7530028.8700	2.1179e+06
121	26691.1142	-20073.4619	704654.1142	3512089.5381	7530028.8700	2.0853e+06
122	26782.7172	-20113.5730	704745.7172	3512049.4270	7530028.8700	2.0533e+06
123	26874.3201	-20153.6842	704837.3201	3512009.3158	7530028.8700	2.0218e+06
124	26965.9231	-20193.7953	704928.9231	3511969.2047	7530028.8700	1.9908e+06
125	27057.5260	-20233.9064	705020.5260	3511929.0936	7530028.8700	1.9603e+06
126	27149.1289	-20274.0175	705112.1289	3511888.9825	7530028.8700	1.9302e+06
127	27240.7319	-20314.1286	705203.7319	3511848.8714	7530028.8700	1.9007e+06
128	27332.3348	-20354.2397	705295.3348	3511808.7603	7530028.8700	1.8716e+06
129	27423.9378	-20394.3508	705386.9378	3511768.6492	7530028.8700	1.8430e+06
130	27515.5407	-20434.4619	705478.5407	3511728.5381	7530028.8700	1.8148e+06
131	27607.1437	-20474.5730	705570.1437	3511688.4270	7530028.8700	1.7871e+06
132	27698.7466	-20514.6841	705661.7466	3511648.3159	7530028.8700	1.7598e+06
133	27790.3495	-20554.7952	705753.3495	3511608.2048	7530028.8700	1.7330e+06
134	27881.9525	-20594.9064	705844.9525	3511568.0936	7530028.8700	1.7065e+06
135	27973.5554	-20635.0175	705936.5554	3511527.9825	7530028.8700	1.6805e+06
136	28065.1584	-20675.1286	706028.1584	3511487.8714	7530028.8700	1.6549e+06
137	28156.7613	-20715.2397	706119.7613	3511447.7603	7530028.8700	1.6298e+06
138	28248.3642	-20755.3508	706211.3642	3511407.6492	7530028.8700	1.6050e+06
139	28339.9672	-20795.4619	706302.9672	3511367.5381	7530028.8700	1.5806e+06
140	28431.5701	-20835.5730	706394.5701	3511327.4270	7530028.8700	1.5566e+06
141	28523.1731	-20875.6841	706486.1731	3511287.3159	7530028.8700	1.5329e+06
142	28614.7760	-20915.7952	706577.7760	3511247.2048	7530028.8700	1.5097e+06
143	28706.3790	-20955.9063	706669.3790	3511207.0937	7530028.8700	1.4868e+06
144	28797.9819	-20996.0174	706760.9819	3511166.9826	7530028.8700	1.4642e+06
145	28889.5848	-21036.1285	706852.5848	3511126.8715	7530028.8700	1.4420e+06
146	28981.1878	-21076.2397	706944.1878	3511086.7603	7530028.8700	1.4202e+06
147	29072.7907	-21116.3508	707035.7907	3511046.6492	7530028.8700	1.3987e+06
148	29164.3937	-21156.4619	707127.3937	3511006.5381	7530028.8700	1.3776e+06
149	29255.9966	-21196.5730	707218.9966	3510966.4270	7530028.8700	1.3567e+06
150	29347.5996	-21236.6841	707310.5996	3510926.3159	7530028.8700	1.3363e+06
151	29439.2025	-21276.7952	707402.2025	3510886.2048	7530028.8700	1.3161e+06
152	29530.8054	-21316.9063	707493.8054	3510846.0937	7530028.8700	1.2962e+06
153	29622.4084	-21357.0174	707585.4084	3510805.9826	7530028.8700	1.2767e+06
154	29714.0113	-21397.1285	707677.0113	3510765.8715	7530028.8700	1.2574e+06
155	29805.6143	-21437.2396	707768.6143	3510725.7604	7530028.8700	1.2385e+06
156	29897.2172	-21477.3507	707860.2172	3510685.6493	7530028.8700	1.2199e+06
157	29988.8201	-21517.4619	707951.8201	3510645.5381	7530028.8700	1.2015e+06
158	30080.4231	-21557.5730	708043.4231	3510605.4270	7530028.8700	1.1834e+06
159	30172.0260	-21597.6841	708135.0260	3510565.3159	7530028.8700	1.1657e+06
160	30263.6290	-21637.7952	708226.6290	3510525.2048	7530028.8700	1.1482e+06
161	30355.2319	-21677.9063	708318.2319	3510485.0937	7530028.8700	1.1309e+06
162	30446.8349	-21718.0174	708409.8349	3510444.9826	7530028.8700	1.1140e+06
163	30538.4378	-21758.1285	708501.4378	3510404.8715	7530028.8700	1.0973e+06
164	30630.0407	-21798.2396	708593.0407	3510364.7604	7530028.8700	1.0808e+06
165	30721.6437	-21838.3507	708684.6437	3510324.6493	7530028.8700	1.0646e+06
166	30813.2466	-21878.4618	708776.2466	3510284.5382	7530028.8700	1.0487e+06
167	30904.8496	-21918.5729	708867.8496	3510244.4271	7530028.8700	1.0330e+06
168	30996.4525	-21958.6840	708959.4525	3510204.3160	7530028.8700	1.0176e+06
169	31088.0554	-21998.7952	709051.0554	3510164.2048	7530028.8700	1.0024e+06
170	31179.6584	-22038.9063	709142.6584	3510124.0937	7530028.8700	9.8740e+05
171	31271.2613	-22079.0174	709234.2613	3510083.9826	7530028.8700	9.7266e+05
172	31362.8643	-22119.1285	709325.8643	3510043.8715	7530028.8700	9.5815e+05
173	31454.4672	-22159.2396	709417.4672	3510003.7604	7530028.8700	9.4387e+05
174	31546.0702	-22199.3507	709509.0702	3509963.6493	7530028.8700	9.2981e+05
175	31637.6731	-22239.4618	709600.6731	3509923.5382	7530028.8700	9.1596e+05
176	31729.2760	-22279.5729	709692.2760	3509883.4271	7530028.8700	9.0233e+05
177	31820.8790	-22319.6840	709783.8790	3509843.3160	7530028.8700	8.8891e+05
178	31912.4819	-22359.7951	709875.4819	3509803.2049	7530028.8700	8.7570e+05
179	32004.0849	-22399.9062	709967.0849	3509763.0938	7530028.8700	8.6269e+05
180	32095.6878	-22440.0173	710058.6878	3509722.9827	7530028.8700	8.4988e+05
181	32187.2908	-22480.1285	710150.2908	3509682.8715	7530028.8700	8.3727e+05
182	32278.8937	-22520.2396	710241.8937	3509642.7604	7530028.8700	8.2485e+05
183	32370.4966	-22560.3507	710333.4966	3509602.6493	7530028.8700	8.1262e+05
184	32462.0996	-22600.4618	710425.0996	3509562.5382	7530028.8700	8.0058e+05
185	32553.7025	-22640.5729	710516.7025	3509522.4271	7530028.8700	7.8873e+05
186	32645.3055	-22680.6840	710608.3055	3509482.3160	7530028.8700	7.7706e+05
187	32736.9084	-22720.7951	710699.9084	3509442.2049	7530028.8700	7.6557e+05
188	32828.5113	-22760.9062	710791.5113	3509402.0938	7530028.8700	7.5425e+05
189	32920.1143	-22801.0173	710883.1143	3509361.9827	7530028.8700	7.4311e+05
190	33011.7172	-22841.1284	710974.7172	3509321.8716	7530028.8700	7.3213e+05
191	33103.3202	-22881.2395	711066.3202	3509281.7605	7530028.8700	7.2133e+05
192	33194.9231	-22921.3507	711157.9231	3509241.6493	7530028.8700	7.1069e+05
193	33286.5261	-22961.4618	711249.5261	3509201.5382	7530028.8700	7.0021e+05
194	33378.1290	-23001.5729	711341.1290	3509161.4271	7530028.8700	6.8990e+05
195	33469.7319	-23041.6840	711432.7319	3509121.3160	7530028.8700	6.7974e+05
196	33561.3349	-23081.7951	711524.3349	3509081.2049	7530028.8700	6.6974e+05
197	33652.9378	-23121.9062	711615.9378	3509041.0938	7530028.8700	6.5989e+05
198	33744.5408	-23162.0173	711707.5408	3509000.9827	7530028.8700	6.5019e+05
199	33836.1437	-23202.1284	711799.1437	3508960.8716	7530028.8700	6.4063e+05
200	33927.7466	-23242.2395	711890.7466	3508920.7605	7530028.8700	6.3123e+05
201	34019.3496	-23282.3506	711982.3496	3508880.6494	7530028.8700	6.2196e+05
202	34110.9525	-23322.4617	712073.9525	3508840.5383	7530028.8700	6.1284e+05
203	34202.5555	-23362.5728	712165.5555	3508800.4272	7530028.8700	6.0385e+05
204	34294.1584	-23402.6840	712257.1584	3508760.3160	7530028.8700	5.9501e+05
205	34385.7614	-23442.7951	712348.7614	3508720.2049	7530028.8700	5.8629e+05
206	34477.3643	-23482.9062	712440.3643	3508680.0938	7530028.8700	5.7771e+05
207	34568.9672	-23523.0173	712531.9672	3508639.9827	7530028.8700	5.6926e+05
208	34660.5702	-23563.1284	712623.5702	3508599.8716	7530028.8700	5.6094e+05
209	34752.1731	-23603.2395	712715.1731	3508559.7605	7530028.8700	5.5274e+05
210	34843.7761	-23643.3506	712806.7761	3508519.6494	7530028.8700	5.4467e+05
211	34935.3790	-23683.4617	712898.3790	3508479.5383	7530028.8700	5.3672e+05
212	35026.9819	-23723.5728	712989.9819	3508439.4272	7530028.8700	5.2889e+05
213	35118.5849	-23763.6839	713081.5849	3508399.3161	7530028.8700	5.2117e+05
214	35210.1878	-23803.7950	713173.1878	3508359.2050	7530028.8700	5.1358e+05
215	35301.7908	-23843.9061	713264.7908	3508319.0939	7530028.8700	5.0610e+05
216	35393.3937	-23884.0173	713356.3937	3508278.9827	7530028.8700	4.9873e+05
217	35484.9967	-23924.1284	713447.9967	3508238.8716	7530028.8700	4.9147e+05
218	35576.5996	-23964.2395	713539.5996	3508198.7605	7530028.8700	4.8433e+05
219	35668.2025	-24004.3506	713631.2025	3508158.6494	7530028.8700	4.7729e+05
220	35759.8055	-24044.4617	713722.8055	3508118.5383	7530028.8700	4.7035e+05
221	35851.4084	-24084.5728	713814.4084	3508078.4272	7530028.8700	4.6353e+05
222	35943.0114	-24124.6839	713906.0114	3508038.3161	7530028.8700	4.5680e+05
223	36034.6143	-24164.7950	713997.6143	3507998.2050	7530028.8700	4.5017e+05
224	36126.2173	-24204.9061	714089.2173	3507958.0939	7530028.8700	4.4365e+05
225	36217.8202	-24245.0172	714180.8202	3507917.9828	7530028.8700	4.3722e+05
226	36309.4231	-24285.1283	714272.4231	3507877.8717	7530028.8700	4.3089e+05
227	36401.0261	-24325.2395	714364.0261	3507837.7605	7530028.8700	4.2465e+05
228	36492.6290	-24365.3506	714455.6290	3507797.6494	7530028.8700	4.1851e+05
229	36584.2320	-24405.4617	714547.2320	3507757.5383	7530028.8700	4.1246e+05
230	36675.8349	-24445.5728	714638.8349	3507717.4272	7530028.8700	4.0650e+05
231	36767.4378	-24485.6839	714730.4378	3507677.3161	7530028.8700	4.0063e+05
232	36859.0408	-24525.7950	714822.0408	3507637.2050	7530028.8700	3.9484e+05
233	36950.6437	-24565.9061	714913.6437	3507597.0939	7530028.8700	3.8915e+05
234	37042.2467	-24606.0172	715005.2467	3507556.9828	7530028.8700	3.8353e+05
235	37133.8496	-24646.1283	715096.8496	3507516.8717	7530028.8700	3.7801e+05
236	37225.4526	-24686.2394	715188.4526	3507476.7606	7530028.8700	3.7256e+05
237	37317.0555	-24726.3505	715280.0555	3507436.6495	7530028.8700	3.6720e+05
238	37408.6584	-24766.4616	715371.6584	3507396.5384	7530028.8700	3.6191e+05
239	37500.2614	-24806.5728	715463.2614	3507356.4272	7530028.8700	3.5671e+05
240	37591.8643	-24846.6839	715554.8643	3507316.3161	7530028.8700	3.5158e+05
241	37683.4673	-24886.7950	715646.4673	3507276.2050	7530028.8700	3.4653e+05
242	37775.0702	-24926.9061	715738.0702	3507236.0939	7530028.8700	3.4155e+05
243	37866.6731	-24967.0172	715829.6731	3507195.9828	7530028.8700	3.3665e+05
244	37958.2761	-25007.1283	715921.2761	3507155.8717	7530028.8700	3.3182e+05
245	38049.8790	-25047.2394	716012.8790	3507115.7606	7530028.8700	3.2706e+05
246	38141.4820	-25087.3505	716104.4820	3507075.6495	7530028.8700	3.2237e+05
247	38233.0849	-25127.4616	716196.0849	3507035.5384	7530028.8700	3.1775e+05
248	38324.6879	-25167.5727	716287.6879	3506995.4273	7530028.8700	3.1320e+05
249	38416.2908	-25207.6838	716379.2908	3506955.3162	7530028.8700	3.0872e+05
250	38507.8937	-25247.7950	716470.8937	3506915.2050	7530028.8700	3.0431e+05
251	38599.4967	-25287.9061	716562.4967	3506875.0939	7530028.8700	2.9996e+05
252	38691.0996	-25328.0172	716654.0996	3506834.9828	7530028.8700	2.9567e+05
253	38782.7026	-25368.1283	716745.7026	3506794.8717	7530028.8700	2.9145e+05
254	38874.3055	-25408.2394	716837.3055	3506754.7606	7530028.8700	2.8729e+05
255	38965.9085	-25448.3505	716928.9085	3506714.6495	7530028.8700	2.8319e+05
256	39057.5114	-25488.4616	717020.5114	3506674.5384	7530028.8700	2.7915e+05
257	39149.1143	-25528.5727	717112.1143	3506634.4273	7530028.8700	2.7517e+05
258	39240.7173	-25568.6838	717203.7173	3506594.3162	7530028.8700	2.7125e+05
259	39332.3202	-25608.7949	717295.3202	3506554.2051	7530028.8700	2.6739e+05
260	39423.9232	-25648.9060	717386.9232	3506514.0940	7530028.8700	2.6358e+05
261	39515.5261	-25689.0171	717478.5261	3506473.9829	7530028.8700	2.5983e+05
262	39607.1290	-25729.1283	717570.1290	3506433.8717	7530028.8700	2.5614e+05
263	39698.7320	-25769.2394	717661.7320	3506393.7606	7530028.8700	2.5250e+05
264	39790.3349	-25809.3505	717753.3349	3506353.6495	7530028.8700	2.4891e+05
265	39881.9379	-25849.4616	717844.9379	3506313.5384	7530028.8700	2.4538e+05
266	39973.5408	-25889.5727	717936.5408	3506273.4273	7530028.8700	2.4190e+05
267	40065.1438	-25929.6838	718028.1438	3506233.3162	7530028.8700	2.3847e+05
268	40156.7467	-25969.7949	718119.7467	3506193.2051	7530028.8700	2.3508e+05
269	40248.3496	-26009.9060	718211.3496	3506153.0940	7530028.8700	2.3175e+05
270	40339.9526	-26050.0171	718302.9526	3506112.9829	7530028.8700	2.2847e+05
271	40431.5555	-26090.1282	718394.5555	3506072.8718	7530028.8700	2.2524e+05
272	40523.1585	-26130.2393	718486.1585	3506032.7607	7530028.8700	2.2205e+05
273	40614.7614	-26170.3504	718577.7614	3505992.6496	7530028.8700	2.1891e+05
274	40706.3643	-26210.4616	718669.3643	3505952.5384	7530028.8700	2.1582e+05
275	40797.9673	-26250.5727	718760.9673	3505912.4273	7530028.8700	2.1277e+05
276	40889.5702	-26290.6838	718852.5702	3505872.3162	7530028.8700	2.0976e+05
277	40981.1732	-26330.7949	718944.1732	3505832.2051	7530028.8700	2.0680e+05
278	41072.7761	-26370.9060	719035.7761	3505792.0940	7530028.8700	2.0388e+05
279	41164.3791	-26411.0171	719127.3791	3505751.9829	7530028.8700	2.0101e+05
280	41255.9820	-26451.1282	719218.9820	3505711.8718	7530028.8700	1.9817e+05
281	41347.5849	-26491.2393	719310.5849	3505671.7607	7530028.8700	1.9538e+05
282	41439.1879	-26531.3504	719402.1879	3505631.6496	7530028.8700	1.9263e+05
283	41530.7908	-26571.4615	719493.7908	3505591.5385	7530028.8700	1.8992e+05
284	41622.3938	-26611.5726	719585.3938	3505551.4274	7530028.8700	1.8725e+05
285	41713.9967	-26651.6838	719676.9967	3505511.3162	7530028.8700	1.8462e+05
286	41805.5997	-26691.7949	719768.5997	3505471.2051	7530028.8700	1.8202e+05
287	41897.2026	-26731.9060	719860.2026	3505431.0940	7530028.8700	1.7946e+05
288	41988.8055	-26772.0171	719951.8055	3505390.9829	7530028.8700	1.7694e+05
289	42080.4085	-26812.1282	720043.4085	3505350.8718	7530028.8700	1.7446e+05
290	42172.0114	-26852.2393	720135.0114	3505310.7607	7530028.8700	1.7201e+05
291	42263.6144	-26892.3504	720226.6144	3505270.6496	7530028.8700	1.6960e+05
292	42355.2173	-26932.4615	720318.2173	3505230.5385	7530028.8700	1.6722e+05
293	42446.8202	-26972.5726	720409.8202	3505190.4274	7530028.8700	1.6488e+05
294	42538.4232	-27012.6837	720501.4232	3505150.3163	7530028.8700	1.6257e+05
295	42630.0261	-27052.7948	720593.0261	3505110.2052	7530028.8700	1.6030e+05
296	42721.6291	-27092.9059	720684.6291	3505070.0941	7530028.8700	1.5805e+05
297	42813.2320	-27133.0171	720776.2320	3505029.9829	7530028.8700	1.5584e+05
298	42904.8350	-27173.1282	720867.8350	3504989.8718	7530028.8700	1.5367e+05
299	42996.4379	-27213.2393	720959.4379	3504949.7607	7530028.8700	1.5152e+05
300	43088.0408	-27253.3504	721051.0408	3504909.6496	7530028.8700	1.4940e+05
301	43179.6438	-27293.4615	721142.6438	3504869.5385	7530028.8700	1.4732e+05
302	43271.2467	-27333.5726	721234.2467	3504829.4274	7530028.8700	1.4526e+05
303	43362.8497	-27373.6837	721325.8497	3504789.3163	7530028.8700	1.4324e+05
304	43454.4526	-27413.7948	721417.4526	3504749.2052	7530028.8700	1.4124e+05
305	43546.0555	-27453.9059	721509.0555	3504709.0941	7530028.8700	1.3927e+05
306	43637.6585	-27494.0170	721600.6585	3504668.9830	7530028.8700	1.3733e+05
307	43729.2614	-27534.1281	721692.2614	3504628.8719	7530028.8700	1.3542e+05
308	43820.8644	-27574.2393	721783.8644	3504588.7607	7530028.8700	1.3354e+05
309	43912.4673	-27614.3504	721875.4673	3504548.6496	7530028.8700	1.3168e+05
310	44004.0703	-27654.4615	721967.0703	3504508.5385	7530028.8700	1.2985e+05
311	44095.6732	-27694.5726	722058.6732	3504468.4274	7530028.8700	1.2804e+05
312	44187.2761	-27734.6837	722150.2761	3504428.3163	7530028.8700	1.2626e+05
313	44278.8791	-27774.7948	722241.8791	3504388.2052	7530028.8700	1.2451e+05
314	44370.4820	-27814.9059	722333.4820	3504348.0941	7530028.8700	1.2278e+05
315	44462.0850	-27855.0170	722425.0850	3504307.9830	7530028.8700	1.2108e+05
316	44553.6879	-27895.1281	722516.6879	3504267.8719	7530028.8700	1.1940e+05
317	44645.2908	-27935.2392	722608.2908	3504227.7608	7530028.8700	1.1775e+05
318	44736.8938	-27975.3503	722699.8938	3504187.6497	7530028.8700	1.1612e+05
319	44828.4967	-28015.4614	722791.4967	3504147.5386	7530028.8700	1.1451e+05
320	44920.0997	-28055.5726	722883.0997	3504107.4274	7530028.8700	1.1292e+05
321	45011.7026	-28095.6837	722974.7026	3504067.3163	7530028.8700	1.1136e+05
322	45103.3056	-28135.7948	723066.3056	3504027.2052	7530028.8700	1.0982e+05
323	45194.9085	-28175.9059	723157.9085	3503987.0941	7530028.8700	1.0830e+05
324	45286.5114	-28216.0170	723249.5114	3503946.9830	7530028.8700	1.0681e+05
325	45378.1144	-28256.1281	723341.1144	3503906.8719	7530028.8700	1.0533e+05
326	45469.7173	-28296.2392	723432.7173	3503866.7608	7530028.8700	1.0388e+05
327	45561.3203	-28336.3503	723524.3203	3503826.6497	7530028.8700	1.0244e+05
328	45652.9232	-28376.4614	723615.9232	3503786.5386	7530028.8700	1.0103e+05
329	45744.5262	-28416.5725	723707.5262	3503746.4275	7530028.8700	9.9638e+04
330	45836.1291	-28456.6836	723799.1291	3503706.3164	7530028.8700	9.8265e+04
331	45927.7320	-28496.7947	723890.7320	3503666.2053	7530028.8700	9.6911e+04
332	46019.3350	-28536.9059	723982.3350	3503626.0941	7530028.8700	9.5576e+04
333	46110.9379	-28577.0170	724073.9379	3503585.9830	7530028.8700	9.4261e+04
334	46202.5409	-28617.1281	724165.5409	3503545.8719	7530028.8700	9.2964e+04
335	46294.1438	-28657.2392	724257.1438	3503505.7608	7530028.8700	9.1685e+04
336	46385.7467	-28697.3503	724348.7467	3503465.6497	7530028.8700	9.0425e+04
337	46477.3497	-28737.4614	724440.3497	3503425.5386	7530028.8700	8.9183e+04
338	46568.9526	-28777.5725	724531.9526	3503385.4275	7530028.8700	8.7958e+04
339	46660.5556	-28817.6836	724623.5556	3503345.3164	7530028.8700	8.6750e+04
340	46752.1585	-28857.7947	724715.1585	3503305.2053	7530028.8700	8.5559e+04
341	46843.7615	-28897.9058	724806.7615	3503265.0942	7530028.8700	8.4386e+04
342	46935.3644	-28938.0169	724898.3644	3503224.9831	7530028.8700	8.3229e+04
343	47026.9673	-28978.1281	724989.9673	3503184.8719	7530028.8700	8.2088e+04
344	47118.5703	-29018.2392	725081.5703	3503144.7608	7530028.8700	8.0963e+04
345	47210.1732	-29058.3503	725173.1732	3503104.6497	7530028.8700	7.9854e+04
346	47301.7762	-29098.4614	725264.7762	3503064.5386	7530028.8700	7.8761e+04
347	47393.3791	-29138.5725	725356.3791	3503024.4275	7530028.8700	7.7683e+04
348	47484.9820	-29178.6836	725447.9820	3502984.3164	7530028.8700	7.6621e+04
349	47576.5850	-29218.7947	725539.5850	3502944.2053	7530028.8700	7.5573e+04
350	47668.1879	-29258.9058	725631.1879	3502904.0942	7530028.8700	7.4540e+04
351	47759.7909	-29299.0169	725722.7909	3502863.9831	7530028.8700	7.3522e+04
352	47851.3938	-29339.1280	725814.3938	3502823.8720	7530028.8700	7.2517e+04
353	47942.9968	-29379.2391	725905.9968	3502783.7609	7530028.8700	7.1528e+04
354	48034.5997	-29419.3502	725997.5997	3502743.6498	7530028.8700	7.0551e+04
355	48126.2026	-29459.4614	726089.2026	3502703.5386	7530028.8700	6.9589e+04
356	48217.8056	-29499.5725	726180.8056	3502663.4275	7530028.8700	6.8640e+04
357	48309.4085	-29539.6836	726272.4085	3502623.3164	7530028.8700	6.7705e+04
358	48401.0115	-29579.7947	726364.0115	3502583.2053	7530028.8700	6.6782e+04
359	48492.6144	-29619.9058	726455.6144	3502543.0942	7530028.8700	6.5873e+04
360	48584.2174	-29660.0169	726547.2174	3502502.9831	7530028.8700	6.4976e+04
361	48675.8203	-29700.1280	726638.8203	3502462.8720	7530028.8700	6.4092e+04
362	48767.4232	-29740.2391	726730.4232	3502422.7609	7530028.8700	6.3220e+04
363	48859.0262	-29780.3502	726822.0262	3502382.6498	7530028.8700	6.2360e+04
364	48950.6291	-29820.4613	726913.6291	3502342.5387	7530028.8700	6.1513e+04
365	49042.2321	-29860.5724	727005.2321	3502302.4276	7530028.8700	6.0677e+04
366	49133.8350	-29900.6835	727096.8350	3502262.3165	7530028.8700	5.9853e+04
367	49225.4379	-29940.7947	727188.4379	3502222.2053	7530028.8700	5.9041e+04
368	49317.0409	-29980.9058	727280.0409	3502182.0942	7530028.8700	5.8239e+04
369	49408.6438	-30021.0169	727371.6438	3502141.9831	7530028.8700	5.7449e+04
370	49500.2468	-30061.1280	727463.2468	3502101.8720	7530028.8700	5.6670e+04
371	49591.8497	-30101.2391	727554.8497	3502061.7609	7530028.8700	5.5902e+04
372	49683.4527	-30141.3502	727646.4527	3502021.6498	7530028.8700	5.5145e+04
373	49775.0556	-30181.4613	727738.0556	3501981.5387	7530028.8700	5.4398e+04
374	49866.6585	-30221.5724	727829.6585	3501941.4276	7530028.8700	5.3661e+04
375	49958.2615	-30261.6835	727921.2615	3501901.3165	7530028.8700	5.2935e+04
376	50049.8644	-30301.7946	728012.8644	3501861.2054	7530028.8700	5.2219e+04
377	50141.4674	-30341.9057	728104.4674	3501821.0943	7530028.8700	5.1513e+04
378	50233.0703	-30382.0169	728196.0703	3501780.9831	7530028.8700	5.0816e+04
379	50324.6732	-30422.1280	728287.6732	3501740.8720	7530028.8700	5.0129e+04
380	50416.2762	-30462.2391	728379.2762	3501700.7609	7530028.8700	4.9452e+04
381	50507.8791	-30502.3502	728470.8791	3501660.6498	7530028.8700	4.8784e+04
382	50599.4821	-30542.4613	728562.4821	3501620.5387	7530028.8700	4.8126e+04
383	50691.0850	-30582.5724	728654.0850	3501580.4276	7530028.8700	4.7477e+04
384	50782.6880	-30622.6835	728745.6880	3501540.3165	7530028.8700	4.6836e+04
385	50874.2909	-30662.7946	728837.2909	3501500.2054	7530028.8700	4.6205e+04
386	50965.8938	-30702.9057	728928.8938	3501460.0943	7530028.8700	4.5582e+04
387	51057.4968	-30743.0168	729020.4968	3501419.9832	7530028.8700	4.4968e+04
388	51149.0997	-30783.1279	729112.0997	3501379.8721	7530028.8700	4.4362e+04
389	51240.7027	-30823.2390	729203.7027	3501339.7610	7530028.8700	4.3765e+04
390	51332.3056	-30863.3502	729295.3056	3501299.6498	7530028.8700	4.3176e+04
391	51423.9086	-30903.4613	729386.9086	3501259.5387	7530028.8700	4.2595e+04
392	51515.5115	-30943.5724	729478.5115	3501219.4276	7530028.8700	4.2022e+04
393	51607.1144	-30983.6835	729570.1144	3501179.3165	7530028.8700	4.1457e+04
394	51698.7174	-31023.7946	729661.7174	3501139.2054	7530028.8700	4.0900e+04
395	51790.3203	-31063.9057	729753.3203	3501099.0943	7530028.8700	4.0350e+04
396	51881.9233	-31104.0168	729844.9233	3501058.9832	7530028.8700	3.9809e+04
397	51973.5262	-31144.1279	729936.5262	3501018.8721	7530028.8700	3.9274e+04
398	52065.1291	-31184.2390	730028.1291	3500978.7610	7530028.8700	3.8747e+04
399	52156.7321	-31224.3501	730119.7321	3500938.6499	7530028.8700	3.8227e+04
400	52248.3350	-31264.4612	730211.3350	3500898.5388	7530028.8700	3.7715e+04
401	52339.9380	-31304.5724	730302.9380	3500858.4276	7530028.8700	3.7209e+04
402	52431.5409	-31344.6835	730394.5409	3500818.3165	7530028.8700	3.6710e+04
403	52523.1439	-31384.7946	730486.1439	3500778.2054	7530028.8700	3.6219e+04
404	52614.7468	-31424.9057	730577.7468	3500738.0943	7530028.8700	3.5734e+04
405	52706.3497	-31465.0168	730669.3497	3500697.9832	7530028.8700	3.5255e+04
406	52797.9527	-31505.1279	730760.9527	3500657.8721	7530028.8700	3.4784e+04
407	52889.5556	-31545.2390	730852.5556	3500617.7610	7530028.8700	3.4318e+04
408	52981.1586	-31585.3501	730944.1586	3500577.6499	7530028.8700	3.3859e+04
409	53072.7615	-31625.4612	731035.7615	3500537.5388	7530028.8700	3.3407e+04
410	53164.3644	-31665.5723	731127.3644	3500497.4277	7530028.8700	3.2960e+04
411	53255.9674	-31705.6834	731218.9674	3500457.3166	7530028.8700	3.2520e+04
412	53347.5703	-31745.7945	731310.5703	3500417.2055	7530028.8700	3.2086e+04
413	53439.1733	-31785.9057	731402.1733	3500377.0943	7530028.8700	3.1657e+04
414	53530.7762	-31826.0168	731493.7762	3500336.9832	7530028.8700	3.1235e+04
415	53622.3792	-31866.1279	731585.3792	3500296.8721	7530028.8700	3.0818e+04
416	53713.9821	-31906.2390	731676.9821	3500256.7610	7530028.8700	3.0407e+04
417	53805.5850	-31946.3501	731768.5850	3500216.6499	7530028.8700	3.0002e+04
418	53897.1880	-31986.4612	731860.1880	3500176.5388	7530028.8700	2.9602e+04
419	53988.7909	-32026.5723	731951.7909	3500136.4277	7530028.8700	2.9208e+04
420	54080.3939	-32066.6834	732043.3939	3500096.3166	7530028.8700	2.8819e+04
421	54171.9968	-32106.7945	732134.9968	3500056.2055	7530028.8700	2.8435e+04
422	54263.5998	-32146.9056	732226.5998	3500016.0944	7530028.8700	2.8057e+04
423	54355.2027	-32187.0167	732318.2027	3499975.9833	7530028.8700	2.7684e+04
424	54446.8056	-32227.1278	732409.8056	3499935.8722	7530028.8700	2.7315e+04
425	54538.4086	-32267.2390	732501.4086	3499895.7610	7530028.8700	2.6952e+04
426	54630.0115	-32307.3501	732593.0115	3499855.6499	7530028.8700	2.6594e+04
427	54721.6145	-32347.4612	732684.6145	3499815.5388	7530028.8700	2.6241e+04
428	54813.2174	-32387.5723	732776.2174	3499775.4277	7530028.8700	2.5892e+04
429	54904.8203	-32427.6834	732867.8203	3499735.3166	7530028.8700	2.5548e+04
430	54996.4233	-32467.7945	732959.4233	3499695.2055	7530028.8700	2.5209e+04
431	55088.0262	-32507.9056	733051.0262	3499655.0944	7530028.8700	2.4875e+04
432	55179.6292	-32548.0167	733142.6292	3499614.9833	7530028.8700	2.4545e+04
433	55271.2321	-32588.1278	733234.2321	3499574.8722	7530028.8700	2.4219e+04
434	55362.8351	-32628.2389	733325.8351	3499534.7611	7530028.8700	2.3898e+04
435	55454.4380	-32668.3500	733417.4380	3499494.6500	7530028.8700	2.3582e+04
436	55546.0409	-32708.4612	733509.0409	3499454.5388	7530028.8700	2.3269e+04
437	55637.6439	-32748.5723	733600.6439	3499414.4277	7530028.8700	2.2961e+04
438	55729.2468	-32788.6834	733692.2468	3499374.3166	7530028.8700	2.2657e+04
439	55820.8498	-32828.7945	733783.8498	3499334.2055	7530028.8700	2.2357e+04
440	55912.4527	-32868.9056	733875.4527	3499294.0944	7530028.8700	2.2062e+04
441	56004.0556	-32909.0167	733967.0556	3499253.9833	7530028.8700	2.1770e+04
442	56095.6586	-32949.1278	734058.6586	3499213.8722	7530028.8700	2.1482e+04
443	56187.2615	-32989.2389	734150.2615	3499173.7611	7530028.8700	2.1198e+04
444	56278.8645	-33029.3500	734241.8645	3499133.6500	7530028.8700	2.0918e+04
445	56370.4674	-33069.4611	734333.4674	3499093.5389	7530028.8700	2.0642e+04
446	56462.0704	-33109.5722	734425.0704	3499053.4278	7530028.8700	2.0369e+04
447	56553.6733	-33149.6833	734516.6733	3499013.3167	7530028.8700	2.0100e+04
448	56645.2762	-33189.7945	734608.2762	3498973.2055	7530028.8700	1.9835e+04
449	56736.8792	-33229.9056	734699.8792	3498933.0944	7530028.8700	1.9573e+04
450	56828.4821	-33270.0167	734791.4821	3498892.9833	7530028.8700	1.9315e+04
451	56920.0851	-33310.1278	734883.0851	3498852.8722	7530028.8700	1.9061e+04
452	57011.6880	-33350.2389	734974.6880	3498812.7611	7530028.8700	1.8809e+04
453	57103.2909	-33390.3500	735066.2909	3498772.6500	7530028.8700	1.8561e+04
454	57194.8939	-33430.4611	735157.8939	3498732.5389	7530028.8700	1.8317e+04
455	57286.4968	-33470.5722	735249.4968	3498692.4278	7530028.8700	1.8076e+04
456	57378.0998	-33510.6833	735341.0998	3498652.3167	7530028.8700	1.7838e+04
457	57469.7027	-33550.7944	735432.7027	3498612.2056	7530028.8700	1.7603e+04
458	57561.3057	-33590.9055	735524.3057	3498572.0945	7530028.8700	1.7372e+04
459	57652.9086	-33631.0167	735615.9086	3498531.9833	7530028.8700	1.7143e+04
460	57744.5115	-33671.1278	735707.5115	3498491.8722	7530028.8700	1.6918e+04
461	57836.1145	-33711.2389	735799.1145	3498451.7611	7530028.8700	1.6695e+04
462	57927.7174	-33751.3500	735890.7174	3498411.6500	7530028.8700	1.6476e+04
463	58019.3204	-33791.4611	735982.3204	3498371.5389	7530028.8700	1.6260e+04
464	58110.9233	-33831.5722	736073.9233	3498331.4278	7530028.8700	1.6046e+04
465	58202.5263	-33871.6833	736165.5263	3498291.3167	7530028.8700	1.5835e+04
466	58294.1292	-33911.7944	736257.1292	3498251.2056	7530028.8700	1.5628e+04
467	58385.7321	-33951.9055	736348.7321	3498211.0945	7530028.8700	1.5423e+04
468	58477.3351	-33992.0166	736440.3351	3498170.9834	7530028.8700	1.5220e+04
469	58568.9380	-34032.1277	736531.9380	3498130.8723	7530028.8700	1.5021e+04
470	58660.5410	-34072.2388	736623.5410	3498090.7612	7530028.8700	1.4824e+04
471	58752.1439	-34112.3500	736715.1439	3498050.6500	7530028.8700	1.4630e+04
472	58843.7468	-34152.4611	736806.7468	3498010.5389	7530028.8700	1.4438e+04
473	58935.3498	-34192.5722	736898.3498	3497970.4278	7530028.8700	1.4249e+04
474	59026.9527	-34232.6833	736989.9527	3497930.3167	7530028.8700	1.4062e+04
475	59118.5557	-34272.7944	737081.5557	3497890.2056	7530028.8700	1.3878e+04
476	59210.1586	-34312.9055	737173.1586	3497850.0945	7530028.8700	1.3697e+04
477	59301.7616	-34353.0166	737264.7616	3497809.9834	7530028.8700	1.3518e+04
478	59393.3645	-34393.1277	737356.3645	3497769.8723	7530028.8700	1.3341e+04
479	59484.9674	-34433.2388	737447.9674	3497729.7612	7530028.8700	1.3166e+04
480	59576.5704	-34473.3499	737539.5704	3497689.6501	7530028.8700	1.2994e+04
481	59668.1733	-34513.4610	737631.1733	3497649.5390	7530028.8700	1.2824e+04
482	59759.7763	-34553.5721	737722.7763	3497609.4279	7530028.8700	1.2657e+04
483	59851.3792	-34593.6833	737814.3792	3497569.3167	7530028.8700	1.2492e+04
484	59942.9821	-34633.7944	737905.9821	3497529.2056	7530028.8700	1.2329e+04
485	60034.5851	-34673.9055	737997.5851	3497489.0945	7530028.8700	1.2168e+04
486	60126.1880	-34714.0166	738089.1880	3497448.9834	7530028.8700	1.2009e+04
487	60217.7910	-34754.1277	738180.7910	3497408.8723	7530028.8700	1.1852e+04
488	60309.3939	-34794.2388	738272.3939	3497368.7612	7530028.8700	1.1698e+04
489	60400.9969	-34834.3499	738363.9969	3497328.6501	7530028.8700	1.1545e+04
490	60492.5998	-34874.4610	738455.5998	3497288.5390	7530028.8700	1.1395e+04
491	60584.2027	-34914.5721	738547.2027	3497248.4279	7530028.8700	1.1246e+04
492	60675.8057	-34954.6832	738638.8057	3497208.3168	7530028.8700	1.1100e+04
493	60767.4086	-34994.7943	738730.4086	3497168.2057	7530028.8700	1.0955e+04
494	60859.0116	-35034.9055	738822.0116	3497128.0945	7530028.8700	1.0813e+04
495	60950.6145	-35075.0166	738913.6145	3497087.9834	7530028.8700	1.0672e+04
496	61042.2175	-35115.1277	739005.2175	3497047.8723	7530028.8700	1.0533e+04
497	61133.8204	-35155.2388	739096.8204	3497007.7612	7530028.8700	1.0396e+04
498	61225.4233	-35195.3499	739188.4233	3496967.6501	7530028.8700	1.0261e+04
499	61317.0263	-35235.4610	739280.0263	3496927.5390	7530028.8700	1.0128e+04
500	61408.6292	-35275.5721	739371.6292	3496887.4279	7530028.8700	9.9959e+03
501	61500.2322	-35315.6832	739463.2322	3496847.3168	7530028.8700	9.8660e+03
502	61591.8351	-35355.7943	739554.8351	3496807.2057	7530028.8700	9.7379e+03
503	61683.4380	-35395.9054	739646.4380	3496767.0946	7530028.8700	9.6114e+03
504	61775.0410	-35436.0165	739738.0410	3496726.9835	7530028.8700	9.4867e+03
505	61866.6439	-35476.1276	739829.6439	3496686.8724	7530028.8700	9.3635e+03
506	61958.2469	-35516.2388	739921.2469	3496646.7612	7530028.8700	9.2420e+03
507	62049.8498	-35556.3499	740012.8498	3496606.6501	7530028.8700	9.1221e+03
508	62141.4528	-35596.4610	740104.4528	3496566.5390	7530028.8700	9.0038e+03
509	62233.0557	-35636.5721	740196.0557	3496526.4279	7530028.8700	8.8871e+03
510	62324.6586	-35676.6832	740287.6586	3496486.3168	7530028.8700	8.7719e+03
511	62416.2616	-35716.7943	740379.2616	3496446.2057	7530028.8700	8.6582e+03
512	62507.8645	-35756.9054	740470.8645	3496406.0946	7530028.8700	8.5461e+03
513	62599.4675	-35797.0165	740562.4675	3496365.9835	7530028.8700	8.4354e+03
514	62691.0704	-35837.1276	740654.0704	3496325.8724	7530028.8700	8.3262e+03
515	62782.6733	-35877.2387	740745.6733	3496285.7613	7530028.8700	8.2184e+03
516	62874.2763	-35917.3498	740837.2763	3496245.6502	7530028.8700	8.1120e+03
517	62965.8792	-35957.4609	740928.8792	3496205.5391	7530028.8700	8.0071e+03
518	63057.4822	-35997.5721	741020.4822	3496165.4279	7530028.8700	7.9035e+03
519	63149.0851	-36037.6832	741112.0851	3496125.3168	7530028.8700	7.8013e+03
520	63240.6881	-36077.7943	741203.6881	3496085.2057	7530028.8700	7.7005e+03
521	63332.2910	-36117.9054	741295.2910	3496045.0946	7530028.8700	7.6009e+03
522	63423.8939	-36158.0165	741386.8939	3496004.9835	7530028.8700	7.5027e+03
523	63515.4969	-36198.1276	741478.4969	3495964.8724	7530028.8700	7.4058e+03
524	63607.0998	-36238.2387	741570.0998	3495924.7613	7530028.8700	7.3102e+03
525	63698.7028	-36278.3498	741661.7028	3495884.6502	7530028.8700	7.2158e+03
526	63790.3057	-36318.4609	741753.3057	3495844.5391	7530028.8700	7.1227e+03
527	63881.9087	-36358.5720	741844.9087	3495804.4280	7530028.8700	7.0307e+03
528	63973.5116	-36398.6831	741936.5116	3495764.3169	7530028.8700	6.9400e+03
529	64065.1145	-36438.7943	742028.1145	3495724.2057	7530028.8700	6.8505e+03
530	64156.7175	-36478.9054	742119.7175	3495684.0946	7530028.8700	6.7622e+03
531	64248.3204	-36519.0165	742211.3204	3495643.9835	7530028.8700	6.6750e+03
532	64339.9234	-36559.1276	742302.9234	3495603.8724	7530028.8700	6.5890e+03
533	64431.5263	-36599.2387	742394.5263	3495563.7613	7530028.8700	6.5041e+03
534	64523.1292	-36639.3498	742486.1292	3495523.6502	7530028.8700	6.4203e+03
535	64614.7322	-36679.4609	742577.7322	3495483.5391	7530028.8700	6.3376e+03
536	64706.3351	-36719.5720	742669.3351	3495443.4280	7530028.8700	6.2560e+03
537	64797.9381	-36759.6831	742760.9381	3495403.3169	7530028.8700	6.1755e+03
538	64889.5410	-36799.7942	742852.5410	3495363.2058	7530028.8700	6.0960e+03
539	64981.1440	-36839.9053	742944.1440	3495323.0947	7530028.8700	6.0176e+03
540	65072.7469	-36880.0164	743035.7469	3495282.9836	7530028.8700	5.9402e+03
541	65164.3498	-36920.1276	743127.3498	3495242.8724	7530028.8700	5.8638e+03
542	65255.9528	-36960.2387	743218.9528	3495202.7613	7530028.8700	5.7884e+03
543	65347.5557	-37000.3498	743310.5557	3495162.6502	7530028.8700	5.7140e+03
544	65439.1587	-37040.4609	743402.1587	3495122.5391	7530028.8700	5.6406e+03
545	65530.7616	-37080.5720	743493.7616	3495082.4280	7530028.8700	5.5681e+03
546	65622.3645	-37120.6831	743585.3645	3495042.3169	7530028.8700	5.4966e+03
547	65713.9675	-37160.7942	743676.9675	3495002.2058	7530028.8700	5.4260e+03
548	65805.5704	-37200.9053	743768.5704	3494962.0947	7530028.8700	5.3563e+03
549	65897.1734	-37241.0164	743860.1734	3494921.9836	7530028.8700	5.2876e+03
550	65988.7763	-37281.1275	743951.7763	3494881.8725	7530028.8700	5.2197e+03
551	66080.3793	-37321.2386	744043.3793	3494841.7614	7530028.8700	5.1528e+03
552	66171.9822	-37361.3498	744134.9822	3494801.6502	7530028.8700	5.0867e+03
553	66263.5851	-37401.4609	744226.5851	3494761.5391	7530028.8700	5.0215e+03
554	66355.1881	-37441.5720	744318.1881	3494721.4280	7530028.8700	4.9571e+03
555	66446.7910	-37481.6831	744409.7910	3494681.3169	7530028.8700	4.8936e+03
556	66538.3940	-37521.7942	744501.3940	3494641.2058	7530028.8700	4.8308e+03
557	66629.9969	-37561.9053	744592.9969	3494601.0947	7530028.8700	4.7690e+03
558	66721.5998	-37602.0164	744684.5998	3494560.9836	7530028.8700	4.7079e+03
559	66813.2028	-37642.1275	744776.2028	3494520.8725	7530028.8700	4.6476e+03
560	66904.8057	-37682.2386	744867.8057	3494480.7614	7530028.8700	4.5881e+03
561	66996.4087	-37722.3497	744959.4087	3494440.6503	7530028.8700	4.5294e+03
562	67088.0116	-37762.4608	745051.0116	3494400.5392	7530028.8700	4.4714e+03
563	67179.6146	-37802.5719	745142.6146	3494360.4281	7530028.8700	4.4142e+03
564	67271.2175	-37842.6831	745234.2175	3494320.3169	7530028.8700	4.3578e+03
565	67362.8204	-37882.7942	745325.8204	3494280.2058	7530028.8700	4.3020e+03
566	67454.4234	-37922.9053	745417.4234	3494240.0947	7530028.8700	4.2470e+03
567	67546.0263	-37963.0164	745509.0263	3494199.9836	7530028.8700	4.1928e+03
568	67637.6293	-38003.1275	745600.6293	3494159.8725	7530028.8700	4.1392e+03
569	67729.2322	-38043.2386	745692.2322	3494119.7614	7530028.8700	4.0863e+03
570	67820.8352	-38083.3497	745783.8352	3494079.6503	7530028.8700	4.0341e+03
571	67912.4381	-38123.4608	745875.4381	3494039.5392	7530028.8700	3.9826e+03
572	68004.0410	-38163.5719	745967.0410	3493999.4281	7530028.8700	3.9317e+03
573	68095.6440	-38203.6830	746058.6440	3493959.3170	7530028.8700	3.8816e+03
574	68187.2469	-38243.7941	746150.2469	3493919.2059	7530028.8700	3.8320e+03
575	68278.8499	-38283.9052	746241.8499	3493879.0948	7530028.8700	3.7831e+03
576	68370.4528	-38324.0164	746333.4528	3493838.9836	7530028.8700	3.7349e+03
577	68462.0557	-38364.1275	746425.0557	3493798.8725	7530028.8700	3.6873e+03
578	68553.6587	-38404.2386	746516.6587	3493758.7614	7530028.8700	3.6402e+03
579	68645.2616	-38444.3497	746608.2616	3493718.6503	7530028.8700	3.5938e+03
580	68736.8646	-38484.4608	746699.8646	3493678.5392	7530028.8700	3.5480e+03
581	68828.4675	-38524.5719	746791.4675	3493638.4281	7530028.8700	3.5028e+03
582	68920.0705	-38564.6830	746883.0705	3493598.3170	7530028.8700	3.4582e+03
583	69011.6734	-38604.7941	746974.6734	3493558.2059	7530028.8700	3.4142e+03
584	69103.2763	-38644.9052	747066.2763	3493518.0948	7530028.8700	3.3707e+03
585	69194.8793	-38685.0163	747157.8793	3493477.9837	7530028.8700	3.3278e+03
586	69286.4822	-38725.1274	747249.4822	3493437.8726	7530028.8700	3.2854e+03
587	69378.0852	-38765.2386	747341.0852	3493397.7614	7530028.8700	3.2436e+03
588	69469.6881	-38805.3497	747432.6881	3493357.6503	7530028.8700	3.2024e+03
589	69561.2910	-38845.4608	747524.2910	3493317.5392	7530028.8700	3.1616e+03
590	69652.8940	-38885.5719	747615.8940	3493277.4281	7530028.8700	3.1214e+03
591	69744.4969	-38925.6830	747707.4969	3493237.3170	7530028.8700	3.0817e+03
592	69836.0999	-38965.7941	747799.0999	3493197.2059	7530028.8700	3.0426e+03
593	69927.7028	-39005.9052	747890.7028	3493157.0948	7530028.8700	3.0039e+03
594	70019.3058	-39046.0163	747982.3058	3493116.9837	7530028.8700	2.9657e+03
595	70110.9087	-39086.1274	748073.9087	3493076.8726	7530028.8700	2.9281e+03
596	70202.5116	-39126.2385	748165.5116	3493036.7615	7530028.8700	2.8909e+03
597	70294.1146	-39166.3496	748257.1146	3492996.6504	7530028.8700	2.8542e+03
598	70385.7175	-39206.4607	748348.7175	3492956.5393	7530028.8700	2.8179e+03
599	70477.3205	-39246.5719	748440.3205	3492916.4281	7530028.8700	2.7822e+03
600	70568.9234	-39286.6830	748531.9234	3492876.3170	7530028.8700	2.7468e+03
601	70660.5264	-39326.7941	748623.5264	3492836.2059	7530028.8700	2.7120e+03
602	70752.1293	-39366.9052	748715.1293	3492796.0948	7530028.8700	2.6776e+03
603	70843.7322	-39407.0163	748806.7322	3492755.9837	7530028.8700	2.6436e+03
604	70935.3352	-39447.1274	748898.3352	3492715.8726	7530028.8700	2.6101e+03
605	71026.9381	-39487.2385	748989.9381	3492675.7615	7530028.8700	2.5770e+03
606	71118.5411	-39527.3496	749081.5411	3492635.6504	7530028.8700	2.5444e+03
607	71210.1440	-39567.4607	749173.1440	3492595.5393	7530028.8700	2.5121e+03
608	71301.7469	-39607.5718	749264.7469	3492555.4282	7530028.8700	2.4803e+03
609	71393.3499	-39647.6829	749356.3499	3492515.3171	7530028.8700	2.4489e+03
610	71484.9528	-39687.7941	749447.9528	3492475.2059	7530028.8700	2.4179e+03
611	71576.5558	-39727.9052	749539.5558	3492435.0948	7530028.8700	2.3873e+03
612	71668.1587	-39768.0163	749631.1587	3492394.9837	7530028.8700	2.3570e+03
613	71759.7617	-39808.1274	749722.7617	3492354.8726	7530028.8700	2.3272e+03
614	71851.3646	-39848.2385	749814.3646	3492314.7615	7530028.8700	2.2978e+03
615	71942.9675	-39888.3496	749905.9675	3492274.6504	7530028.8700	2.2687e+03
616	72034.5705	-39928.4607	749997.5705	3492234.5393	7530028.8700	2.2400e+03
617	72126.1734	-39968.5718	750089.1734	3492194.4282	7530028.8700	2.2117e+03
618	72217.7764	-40008.6829	750180.7764	3492154.3171	7530028.8700	2.1837e+03
619	72309.3793	-40048.7940	750272.3793	3492114.2060	7530028.8700	2.1561e+03
620	72400.9822	-40088.9051	750363.9822	3492074.0949	7530028.8700	2.1288e+03
621	72492.5852	-40129.0162	750455.5852	3492033.9838	7530028.8700	2.1019e+03
622	72584.1881	-40169.1274	750547.1881	3491993.8726	7530028.8700	2.0754e+03
623	72675.7911	-40209.2385	750638.7911	3491953.7615	7530028.8700	2.0492e+03
624	72767.3940	-40249.3496	750730.3940	3491913.6504	7530028.8700	2.0233e+03
625	72858.9970	-40289.4607	750821.9970	3491873.5393	7530028.8700	1.9977e+03
626	72950.5999	-40329.5718	750913.5999	3491833.4282	7530028.8700	1.9725e+03
627	73042.2028	-40369.6829	751005.2028	3491793.3171	7530028.8700	1.9476e+03
628	73133.8058	-40409.7940	751096.8058	3491753.2060	7530028.8700	1.9231e+03
629	73225.4087	-40449.9051	751188.4087	3491713.0949	7530028.8700	1.8988e+03
630	73317.0117	-40490.0162	751280.0117	3491672.9838	7530028.8700	1.8748e+03
631	73408.6146	-40530.1273	751371.6146	3491632.8727	7530028.8700	1.8512e+03
632	73500.2176	-40570.2384	751463.2176	3491592.7616	7530028.8700	1.8279e+03
633	73591.8205	-40610.3495	751554.8205	3491552.6505	7530028.8700	1.8048e+03
634	73683.4234	-40650.4607	751646.4234	3491512.5393	7530028.8700	1.7821e+03
635	73775.0264	-40690.5718	751738.0264	3491472.4282	7530028.8700	1.7596e+03
636	73866.6293	-40730.6829	751829.6293	3491432.3171	7530028.8700	1.7374e+03
637	73958.2323	-40770.7940	751921.2323	3491392.2060	7530028.8700	1.7155e+03
638	74049.8352	-40810.9051	752012.8352	3491352.0949	7530028.8700	1.6939e+03
639	74141.4381	-40851.0162	752104.4381	3491311.9838	7530028.8700	1.6726e+03
640	74233.0411	-40891.1273	752196.0411	3491271.8727	7530028.8700	1.6515e+03
641	74324.6440	-40931.2384	752287.6440	3491231.7616	7530028.8700	1.6308e+03
642	74416.2470	-40971.3495	752379.2470	3491191.6505	7530028.8700	1.6102e+03
643	74507.8499	-41011.4606	752470.8499	3491151.5394	7530028.8700	1.5900e+03
644	74599.4529	-41051.5717	752562.4529	3491111.4283	7530028.8700	1.5700e+03
645	74691.0558	-41091.6829	752654.0558	3491071.3171	7530028.8700	1.5502e+03
646	74782.6587	-41131.7940	752745.6587	3491031.2060	7530028.8700	1.5307e+03
647	74874.2617	-41171.9051	752837.2617	3490991.0949	7530028.8700	1.5115e+03
648	74965.8646	-41212.0162	752928.8646	3490950.9838	7530028.8700	1.4925e+03
649	75057.4676	-41252.1273	753020.4676	3490910.8727	7530028.8700	1.4737e+03
650	75149.0705	-41292.2384	753112.0705	3490870.7616	7530028.8700	1.4552e+03
651	75240.6734	-41332.3495	753203.6734	3490830.6505	7530028.8700	1.4369e+03
652	75332.2764	-41372.4606	753295.2764	3490790.5394	7530028.8700	1.4189e+03
653	75423.8793	-41412.5717	753386.8793	3490750.4283	7530028.8700	1.4010e+03
654	75515.4823	-41452.6828	753478.4823	3490710.3172	7530028.8700	1.3834e+03
655	75607.0852	-41492.7939	753570.0852	3490670.2061	7530028.8700	1.3661e+03
656	75698.6882	-41532.9050	753661.6882	3490630.0950	7530028.8700	1.3489e+03
657	75790.2911	-41573.0162	753753.2911	3490589.9838	7530028.8700	1.3320e+03
658	75881.8940	-41613.1273	753844.8940	3490549.8727	7530028.8700	1.3153e+03
659	75973.4970	-41653.2384	753936.4970	3490509.7616	7530028.8700	1.2988e+03
660	76065.0999	-41693.3495	754028.0999	3490469.6505	7530028.8700	1.2825e+03
661	76156.7029	-41733.4606	754119.7029	3490429.5394	7530028.8700	1.2664e+03
662	76248.3058	-41773.5717	754211.3058	3490389.4283	7530028.8700	1.2505e+03
663	76339.9087	-41813.6828	754302.9087	3490349.3172	7530028.8700	1.2348e+03
664	76431.5117	-41853.7939	754394.5117	3490309.2061	7530028.8700	1.2194e+03
665	76523.1146	-41893.9050	754486.1146	3490269.0950	7530028.8700	1.2041e+03
666	76614.7176	-41934.0161	754577.7176	3490228.9839	7530028.8700	1.1890e+03
667	76706.3205	-41974.1272	754669.3205	3490188.8728	7530028.8700	1.1741e+03
668	76797.9235	-42014.2384	754760.9235	3490148.7616	7530028.8700	1.1594e+03
669	76889.5264	-42054.3495	754852.5264	3490108.6505	7530028.8700	1.1449e+03
670	76981.1293	-42094.4606	754944.1293	3490068.5394	7530028.8700	1.1305e+03
671	77072.7323	-42134.5717	755035.7323	3490028.4283	7530028.8700	1.1164e+03
672	77164.3352	-42174.6828	755127.3352	3489988.3172	7530028.8700	1.1024e+03
673	77255.9382	-42214.7939	755218.9382	3489948.2061	7530028.8700	1.0886e+03
674	77347.5411	-42254.9050	755310.5411	3489908.0950	7530028.8700	1.0750e+03
675	77439.1441	-42295.0161	755402.1441	3489867.9839	7530028.8700	1.0615e+03
676	77530.7470	-42335.1272	755493.7470	3489827.8728	7530028.8700	1.0482e+03
677	77622.3499	-42375.2383	755585.3499	3489787.7617	7530028.8700	1.0351e+03
678	77713.9529	-42415.3494	755676.9529	3489747.6506	7530028.8700	1.0222e+03
679	77805.5558	-42455.4605	755768.5558	3489707.5395	7530028.8700	1.0094e+03
680	77897.1588	-42495.5717	755860.1588	3489667.4283	7530028.8700	9.9679e+02
681	77988.7617	-42535.6828	755951.7617	3489627.3172	7530028.8700	9.8433e+02
682	78080.3646	-42575.7939	756043.3646	3489587.2061	7530028.8700	9.7203e+02
683	78171.9676	-42615.9050	756134.9676	3489547.0950	7530028.8700	9.5988e+02
684	78263.5705	-42656.0161	756226.5705	3489506.9839	7530028.8700	9.4789e+02
685	78355.1735	-42696.1272	756318.1735	3489466.8728	7530028.8700	9.3605e+02
686	78446.7764	-42736.2383	756409.7764	3489426.7617	7530028.8700	9.2436e+02
687	78538.3794	-42776.3494	756501.3794	3489386.6506	7530028.8700	9.1282e+02
688	78629.9823	-42816.4605	756592.9823	3489346.5395	7530028.8700	9.0142e+02
689	78721.5852	-42856.5716	756684.5852	3489306.4284	7530028.8700	8.9017e+02
690	78813.1882	-42896.6827	756776.1882	3489266.3173	7530028.8700	8.7906e+02
691	78904.7911	-42936.7938	756867.7911	3489226.2062	7530028.8700	8.6809e+02
692	78996.3941	-42976.9050	756959.3941	3489186.0950	7530028.8700	8.5726e+02
693	79087.9970	-43017.0161	757050.9970	3489145.9839	7530028.8700	8.4657e+02
694	79179.5999	-43057.1272	757142.5999	3489105.8728	7530028.8700	8.3601e+02
695	79271.2029	-43097.2383	757234.2029	3489065.7617	7530028.8700	8.2558e+02
696	79362.8058	-43137.3494	757325.8058	3489025.6506	7530028.8700	8.1529e+02
697	79454.4088	-43177.4605	757417.4088	3488985.5395	7530028.8700	8.0512e+02
698	79546.0117	-43217.5716	757509.0117	3488945.4284	7530028.8700	7.9509e+02
699	79637.6147	-43257.6827	757600.6147	3488905.3173	7530028.8700	7.8518e+02
700	79729.2176	-43297.7938	757692.2176	3488865.2062	7530028.8700	7.7540e+02
701	79820.8205	-43337.9049	757783.8205	3488825.0951	7530028.8700	7.6574e+02
702	79912.4235	-43378.0160	757875.4235	3488784.9840	7530028.8700	7.5620e+02
703	80004.0264	-43418.1272	757967.0264	3488744.8728	7530028.8700	7.4678e+02
704	80095.6294	-43458.2383	758058.6294	3488704.7617	7530028.8700	7.3748e+02
705	80187.2323	-43498.3494	758150.2323	3488664.6506	7530028.8700	7.2830e+02
706	80278.8353	-43538.4605	758241.8353	3488624.5395	7530028.8700	7.1923e+02
707	80370.4382	-43578.5716	758333.4382	3488584.4284	7530028.8700	7.1028e+02
708	80462.0411	-43618.6827	758425.0411	3488544.3173	7530028.8700	7.0144e+02
709	80553.6441	-43658.7938	758516.6441	3488504.2062	7530028.8700	6.9271e+02
710	80645.2470	-43698.9049	758608.2470	3488464.0951	7530028.8700	6.8410e+02
711	80736.8500	-43739.0160	758699.8500	3488423.9840	7530028.8700	6.7559e+02
712	80828.4529	-43779.1271	758791.4529	3488383.8729	7530028.8700	6.6718e+02
713	80920.0558	-43819.2382	758883.0558	3488343.7618	7530028.8700	6.5889e+02
714	81011.6588	-43859.3493	758974.6588	3488303.6507	7530028.8700	6.5070e+02
715	81103.2617	-43899.4605	759066.2617	3488263.5395	7530028.8700	6.4261e+02
716	81194.8647	-43939.5716	759157.8647	3488223.4284	7530028.8700	6.3462e+02
717	81286.4676	-43979.6827	759249.4676	3488183.3173	7530028.8700	6.2673e+02
718	81378.0706	-44019.7938	759341.0706	3488143.2062	7530028.8700	6.1895e+02
719	81469.6735	-44059.9049	759432.6735	3488103.0951	7530028.8700	6.1126e+02
720	81561.2764	-44100.0160	759524.2764	3488062.9840	7530028.8700	6.0366e+02
721	81652.8794	-44140.1271	759615.8794	3488022.8729	7530028.8700	5.9617e+02
722	81744.4823	-44180.2382	759707.4823	3487982.7618	7530028.8700	5.8876e+02
723	81836.0853	-44220.3493	759799.0853	3487942.6507	7530028.8700	5.8145e+02
724	81927.6882	-44260.4604	759890.6882	3487902.5396	7530028.8700	5.7423e+02
725	82019.2911	-44300.5715	759982.2911	3487862.4285	7530028.8700	5.6711e+02
726	82110.8941	-44340.6826	760073.8941	3487822.3174	7530028.8700	5.6007e+02
727	82202.4970	-44380.7938	760165.4970	3487782.2062	7530028.8700	5.5312e+02
728	82294.1000	-44420.9049	760257.1000	3487742.0951	7530028.8700	5.4626e+02
729	82385.7029	-44461.0160	760348.7029	3487701.9840	7530028.8700	5.3948e+02
730	82477.3059	-44501.1271	760440.3059	3487661.8729	7530028.8700	5.3279e+02
731	82568.9088	-44541.2382	760531.9088	3487621.7618	7530028.8700	5.2618e+02
732	82660.5117	-44581.3493	760623.5117	3487581.6507	7530028.8700	5.1966e+02
733	82752.1147	-44621.4604	760715.1147	3487541.5396	7530028.8700	5.1322e+02
734	82843.7176	-44661.5715	760806.7176	3487501.4285	7530028.8700	5.0685e+02
735	82935.3206	-44701.6826	760898.3206	3487461.3174	7530028.8700	5.0057e+02
736	83026.9235	-44741.7937	760989.9235	3487421.2063	7530028.8700	4.9437e+02
737	83118.5265	-44781.9048	761081.5265	3487381.0952	7530028.8700	4.8824e+02
738	83210.1294	-44822.0160	761173.1294	3487340.9840	7530028.8700	4.8220e+02
739	83301.7323	-44862.1271	761264.7323	3487300.8729	7530028.8700	4.7622e+02
740	83393.3353	-44902.2382	761356.3353	3487260.7618	7530028.8700	4.7032e+02
741	83484.9382	-44942.3493	761447.9382	3487220.6507	7530028.8700	4.6450e+02
742	83576.5412	-44982.4604	761539.5412	3487180.5396	7530028.8700	4.5875e+02
743	83668.1441	-45022.5715	761631.1441	3487140.4285	7530028.8700	4.5307e+02
744	83759.7470	-45062.6826	761722.7470	3487100.3174	7530028.8700	4.4746e+02
745	83851.3500	-45102.7937	761814.3500	3487060.2063	7530028.8700	4.4192e+02
746	83942.9529	-45142.9048	761905.9529	3487020.0952	7530028.8700	4.3646e+02
747	84034.5559	-45183.0159	761997.5559	3486979.9841	7530028.8700	4.3106e+02
748	84126.1588	-45223.1270	762089.1588	3486939.8730	7530028.8700	4.2572e+02
749	84217.7618	-45263.2381	762180.7618	3486899.7619	7530028.8700	4.2046e+02
750	84309.3647	-45303.3493	762272.3647	3486859.6507	7530028.8700	4.1526e+02
751	84400.9676	-45343.4604	762363.9676	3486819.5396	7530028.8700	4.1012e+02
752	84492.5706	-45383.5715	762455.5706	3486779.4285	7530028.8700	4.0505e+02
753	84584.1735	-45423.6826	762547.1735	3486739.3174	7530028.8700	4.0005e+02
754	84675.7765	-45463.7937	762638.7765	3486699.2063	7530028.8700	3.9510e+02
755	84767.3794	-45503.9048	762730.3794	3486659.0952	7530028.8700	3.9022e+02
756	84858.9823	-45544.0159	762821.9823	3486618.9841	7530028.8700	3.8540e+02
757	84950.5853	-45584.1270	762913.5853	3486578.8730	7530028.8700	3.8063e+02
758	85042.1882	-45624.2381	763005.1882	3486538.7619	7530028.8700	3.7593e+02
759	85133.7912	-45664.3492	763096.7912	3486498.6508	7530028.8700	3.7129e+02
760	85225.3941	-45704.4603	763188.3941	3486458.5397	7530028.8700	3.6670e+02
761	85316.9971	-45744.5715	763279.9971	3486418.4285	7530028.8700	3.6218e+02
762	85408.6000	-45784.6826	763371.6000	3486378.3174	7530028.8700	3.5770e+02
763	85500.2029	-45824.7937	763463.2029	3486338.2063	7530028.8700	3.5329e+02
764	85591.8059	-45864.9048	763554.8059	3486298.0952	7530028.8700	3.4893e+02
765	85683.4088	-45905.0159	763646.4088	3486257.9841	7530028.8700	3.4462e+02
766	85775.0118	-45945.1270	763738.0118	3486217.8730	7530028.8700	3.4037e+02
767	85866.6147	-45985.2381	763829.6147	3486177.7619	7530028.8700	3.3617e+02
768	85958.2177	-46025.3492	763921.2177	3486137.6508	7530028.8700	3.3202e+02
769	86049.8206	-46065.4603	764012.8206	3486097.5397	7530028.8700	3.2793e+02
770	86141.4235	-46105.5714	764104.4235	3486057.4286	7530028.8700	3.2388e+02
771	86233.0265	-46145.6825	764196.0265	3486017.3175	7530028.8700	3.1989e+02
772	86324.6294	-46185.7936	764287.6294	3485977.2064	7530028.8700	3.1594e+02
773	86416.2324	-46225.9048	764379.2324	3485937.0952	7530028.8700	3.1205e+02
774	86507.8353	-46266.0159	764470.8353	3485896.9841	7530028.8700	3.0820e+02
775	86599.4382	-46306.1270	764562.4382	3485856.8730	7530028.8700	3.0440e+02
776	86691.0412	-46346.2381	764654.0412	3485816.7619	7530028.8700	3.0065e+02
777	86782.6441	-46386.3492	764745.6441	3485776.6508	7530028.8700	2.9695e+02
778	86874.2471	-46426.4603	764837.2471	3485736.5397	7530028.8700	2.9329e+02
779	86965.8500	-46466.5714	764928.8500	3485696.4286	7530028.8700	2.8968e+02
780	87057.4530	-46506.6825	765020.4530	3485656.3175	7530028.8700	2.8611e+02
781	87149.0559	-46546.7936	765112.0559	3485616.2064	7530028.8700	2.8259e+02
782	87240.6588	-46586.9047	765203.6588	3485576.0953	7530028.8700	2.7911e+02
783	87332.2618	-46627.0158	765295.2618	3485535.9842	7530028.8700	2.7567e+02
784	87423.8647	-46667.1269	765386.8647	3485495.8731	7530028.8700	2.7228e+02
785	87515.4677	-46707.2381	765478.4677	3485455.7619	7530028.8700	2.6892e+02
786	87607.0706	-46747.3492	765570.0706	3485415.6508	7530028.8700	2.6561e+02
787	87698.6735	-46787.4603	765661.6735	3485375.5397	7530028.8700	2.6235e+02
788	87790.2765	-46827.5714	765753.2765	3485335.4286	7530028.8700	2.5912e+02
789	87881.8794	-46867.6825	765844.8794	3485295.3175	7530028.8700	2.5593e+02
790	87973.4824	-46907.7936	765936.4824	3485255.2064	7530028.8700	2.5278e+02
791	88065.0853	-46947.9047	766028.0853	3485215.0953	7530028.8700	2.4967e+02
792	88156.6883	-46988.0158	766119.6883	3485174.9842	7530028.8700	2.4660e+02
793	88248.2912	-47028.1269	766211.2912	3485134.8731	7530028.8700	2.4357e+02
794	88339.8941	-47068.2380	766302.8941	3485094.7620	7530028.8700	2.4058e+02
795	88431.4971	-47108.3491	766394.4971	3485054.6509	7530028.8700	2.3762e+02
796	88523.1000	-47148.4603	766486.1000	3485014.5397	7530028.8700	2.3470e+02
797	88614.7030	-47188.5714	766577.7030	3484974.4286	7530028.8700	2.3181e+02
798	88706.3059	-47228.6825	766669.3059	3484934.3175	7530028.8700	2.2897e+02
799	88797.9088	-47268.7936	766760.9088	3484894.2064	7530028.8700	2.2615e+02
800	88889.5118	-47308.9047	766852.5118	3484854.0953	7530028.8700	2.2337e+02
801	88981.1147	-47349.0158	766944.1147	3484813.9842	7530028.8700	2.2063e+02
802	89072.7177	-47389.1269	767035.7177	3484773.8731	7530028.8700	2.1792e+02
803	89164.3206	-47429.2380	767127.3206	3484733.7620	7530028.8700	2.1524e+02
804	89255.9236	-47469.3491	767218.9236	3484693.6509	7530028.8700	2.1260e+02
805	89347.5265	-47509.4602	767310.5265	3484653.5398	7530028.8700	2.0999e+02
806	89439.1294	-47549.5713	767402.1294	3484613.4287	7530028.8700	2.0741e+02
807	89530.7324	-47589.6824	767493.7324	3484573.3176	7530028.8700	2.0487e+02
808	89622.3353	-47629.7936	767585.3353	3484533.2064	7530028.8700	2.0235e+02
809	89713.9383	-47669.9047	767676.9383	3484493.0953	7530028.8700	1.9987e+02
810	89805.5412	-47710.0158	767768.5412	3484452.9842	7530028.8700	1.9742e+02
811	89897.1442	-47750.1269	767860.1442	3484412.8731	7530028.8700	1.9499e+02
812	89988.7471	-47790.2380	767951.7471	3484372.7620	7530028.8700	1.9260e+02
813	90080.3500	-47830.3491	768043.3500	3484332.6509	7530028.8700	1.9024e+02
814	90171.9530	-47870.4602	768134.9530	3484292.5398	7530028.8700	1.8791e+02
815	90263.5559	-47910.5713	768226.5559	3484252.4287	7530028.8700	1.8560e+02
816	90355.1589	-47950.6824	768318.1589	3484212.3176	7530028.8700	1.8333e+02
817	90446.7618	-47990.7935	768409.7618	3484172.2065	7530028.8700	1.8108e+02
818	90538.3647	-48030.9046	768501.3647	3484132.0954	7530028.8700	1.7886e+02
819	90629.9677	-48071.0158	768592.9677	3484091.9842	7530028.8700	1.7667e+02
820	90721.5706	-48111.1269	768684.5706	3484051.8731	7530028.8700	1.7450e+02
821	90813.1736	-48151.2380	768776.1736	3484011.7620	7530028.8700	1.7236e+02
822	90904.7765	-48191.3491	768867.7765	3483971.6509	7530028.8700	1.7025e+02
823	90996.3795	-48231.4602	768959.3795	3483931.5398	7530028.8700	1.6817e+02
824	91087.9824	-48271.5713	769050.9824	3483891.4287	7530028.8700	1.6611e+02
825	91179.5853	-48311.6824	769142.5853	3483851.3176	7530028.8700	1.6407e+02
826	91271.1883	-48351.7935	769234.1883	3483811.2065	7530028.8700	1.6206e+02
827	91362.7912	-48391.9046	769325.7912	3483771.0954	7530028.8700	1.6008e+02
828	91454.3942	-48432.0157	769417.3942	3483730.9843	7530028.8700	1.5812e+02
829	91545.9971	-48472.1268	769508.9971	3483690.8732	7530028.8700	1.5618e+02
830	91637.6000	-48512.2379	769600.6000	3483650.7621	7530028.8700	1.5427e+02
831	91729.2030	-48552.3491	769692.2030	3483610.6509	7530028.8700	1.5238e+02
832	91820.8059	-48592.4602	769783.8059	3483570.5398	7530028.8700	1.5052e+02
833	91912.4089	-48632.5713	769875.4089	3483530.4287	7530028.8700	1.4868e+02
834	92004.0118	-48672.6824	769967.0118	3483490.3176	7530028.8700	1.4686e+02
835	92095.6148	-48712.7935	770058.6148	3483450.2065	7530028.8700	1.4506e+02
836	92187.2177	-48752.9046	770150.2177	3483410.0954	7530028.8700	1.4329e+02
837	92278.8206	-48793.0157	770241.8206	3483369.9843	7530028.8700	1.4153e+02
838	92370.4236	-48833.1268	770333.4236	3483329.8732	7530028.8700	1.3980e+02
839	92462.0265	-48873.2379	770425.0265	3483289.7621	7530028.8700	1.3809e+02
840	92553.6295	-48913.3490	770516.6295	3483249.6510	7530028.8700	1.3640e+02
841	92645.2324	-48953.4601	770608.2324	3483209.5399	7530028.8700	1.3474e+02
842	92736.8354	-48993.5712	770699.8354	3483169.4288	7530028.8700	1.3309e+02
843	92828.4383	-49033.6824	770791.4383	3483129.3176	7530028.8700	1.3146e+02
844	92920.0412	-49073.7935	770883.0412	3483089.2065	7530028.8700	1.2986e+02
845	93011.6442	-49113.9046	770974.6442	3483049.0954	7530028.8700	1.2827e+02
846	93103.2471	-49154.0157	771066.2471	3483008.9843	7530028.8700	1.2670e+02
847	93194.8501	-49194.1268	771157.8501	3482968.8732	7530028.8700	1.2515e+02
848	93286.4530	-49234.2379	771249.4530	3482928.7621	7530028.8700	1.2363e+02
849	93378.0559	-49274.3490	771341.0559	3482888.6510	7530028.8700	1.2212e+02
850	93469.6589	-49314.4601	771432.6589	3482848.5399	7530028.8700	1.2062e+02
851	93561.2618	-49354.5712	771524.2618	3482808.4288	7530028.8700	1.1915e+02
852	93652.8648	-49394.6823	771615.8648	3482768.3177	7530028.8700	1.1770e+02
853	93744.4677	-49434.7934	771707.4677	3482728.2066	7530028.8700	1.1626e+02
854	93836.0707	-49474.9046	771799.0707	3482688.0954	7530028.8700	1.1484e+02
855	93927.6736	-49515.0157	771890.6736	3482647.9843	7530028.8700	1.1344e+02
856	94019.2765	-49555.1268	771982.2765	3482607.8732	7530028.8700	1.1205e+02
857	94110.8795	-49595.2379	772073.8795	3482567.7621	7530028.8700	1.1069e+02
858	94202.4824	-49635.3490	772165.4824	3482527.6510	7530028.8700	1.0934e+02
859	94294.0854	-49675.4601	772257.0854	3482487.5399	7530028.8700	1.0800e+02
860	94385.6883	-49715.5712	772348.6883	3482447.4288	7530028.8700	1.0668e+02
861	94477.2912	-49755.6823	772440.2912	3482407.3177	7530028.8700	1.0538e+02
862	94568.8942	-49795.7934	772531.8942	3482367.2066	7530028.8700	1.0410e+02
863	94660.4971	-49835.9045	772623.4971	3482327.0955	7530028.8700	1.0283e+02
864	94752.1001	-49876.0156	772715.1001	3482286.9844	7530028.8700	1.0157e+02
865	94843.7030	-49916.1267	772806.7030	3482246.8733	7530028.8700	1.0034e+02
866	94935.3060	-49956.2379	772898.3060	3482206.7621	7530028.8700	9.9113e+01
867	95026.9089	-49996.3490	772989.9089	3482166.6510	7530028.8700	9.7905e+01
868	95118.5118	-50036.4601	773081.5118	3482126.5399	7530028.8700	9.6711e+01
869	95210.1148	-50076.5712	773173.1148	3482086.4288	7530028.8700	9.5533e+01
870	95301.7177	-50116.6823	773264.7177	3482046.3177	7530028.8700	9.4368e+01
871	95393.3207	-50156.7934	773356.3207	3482006.2066	7530028.8700	9.3218e+01
872	95484.9236	-50196.9045	773447.9236	3481966.0955	7530028.8700	9.2083e+01
873	95576.5266	-50237.0156	773539.5266	3481925.9844	7530028.8700	9.0961e+01
874	95668.1295	-50277.1267	773631.1295	3481885.8733	7530028.8700	8.9853e+01
875	95759.7324	-50317.2378	773722.7324	3481845.7622	7530028.8700	8.8759e+01
876	95851.3354	-50357.3489	773814.3354	3481805.6511	7530028.8700	8.7678e+01
877	95942.9383	-50397.4600	773905.9383	3481765.5400	7530028.8700	8.6610e+01
878	96034.5413	-50437.5712	773997.5413	3481725.4288	7530028.8700	8.5555e+01
879	96126.1442	-50477.6823	774089.1442	3481685.3177	7530028.8700	8.4514e+01
880	96217.7471	-50517.7934	774180.7471	3481645.2066	7530028.8700	8.3485e+01
881	96309.3501	-50557.9045	774272.3501	3481605.0955	7530028.8700	8.2469e+01
882	96400.9530	-50598.0156	774363.9530	3481564.9844	7530028.8700	8.1465e+01
883	96492.5560	-50638.1267	774455.5560	3481524.8733	7530028.8700	8.0474e+01
884	96584.1589	-50678.2378	774547.1589	3481484.7622	7530028.8700	7.9494e+01
885	96675.7619	-50718.3489	774638.7619	3481444.6511	7530028.8700	7.8527e+01
886	96767.3648	-50758.4600	774730.3648	3481404.5400	7530028.8700	7.7572e+01
887	96858.9677	-50798.5711	774821.9677	3481364.4289	7530028.8700	7.6628e+01
888	96950.5707	-50838.6822	774913.5707	3481324.3178	7530028.8700	7.5696e+01
889	97042.1736	-50878.7934	775005.1736	3481284.2066	7530028.8700	7.4775e+01
890	97133.7766	-50918.9045	775096.7766	3481244.0955	7530028.8700	7.3866e+01
891	97225.3795	-50959.0156	775188.3795	3481203.9844	7530028.8700	7.2968e+01
892	97316.9824	-50999.1267	775279.9824	3481163.8733	7530028.8700	7.2081e+01
893	97408.5854	-51039.2378	775371.5854	3481123.7622	7530028.8700	7.1204e+01
894	97500.1883	-51079.3489	775463.1883	3481083.6511	7530028.8700	7.0339e+01
895	97591.7913	-51119.4600	775554.7913	3481043.5400	7530028.8700	6.9484e+01
896	97683.3942	-51159.5711	775646.3942	3481003.4289	7530028.8700	6.8639e+01
897	97774.9972	-51199.6822	775737.9972	3480963.3178	7530028.8700	6.7805e+01
898	97866.6001	-51239.7933	775829.6001	3480923.2067	7530028.8700	6.6981e+01
899	97958.2030	-51279.9044	775921.2030	3480883.0956	7530028.8700	6.6168e+01
900	98049.8060	-51320.0155	776012.8060	3480842.9845	7530028.8700	6.5364e+01
901	98141.4089	-51360.1267	776104.4089	3480802.8733	7530028.8700	6.4570e+01
902	98233.0119	-51400.2378	776196.0119	3480762.7622	7530028.8700	6.3785e+01
903	98324.6148	-51440.3489	776287.6148	3480722.6511	7530028.8700	6.3011e+01
904	98416.2177	-51480.4600	776379.2177	3480682.5400	7530028.8700	6.2246e+01
905	98507.8207	-51520.5711	776470.8207	3480642.4289	7530028.8700	6.1490e+01
906	98599.4236	-51560.6822	776562.4236	3480602.3178	7530028.8700	6.0743e+01
907	98691.0266	-51600.7933	776654.0266	3480562.2067	7530028.8700	6.0006e+01
908	98782.6295	-51640.9044	776745.6295	3480522.0956	7530028.8700	5.9277e+01
909	98874.2325	-51681.0155	776837.2325	3480481.9845	7530028.8700	5.8558e+01
910	98965.8354	-51721.1266	776928.8354	3480441.8734	7530028.8700	5.7847e+01
911	99057.4383	-51761.2377	777020.4383	3480401.7623	7530028.8700	5.7145e+01
912	99149.0413	-51801.3489	777112.0413	3480361.6511	7530028.8700	5.6452e+01
913	99240.6442	-51841.4600	777203.6442	3480321.5400	7530028.8700	5.5767e+01
914	99332.2472	-51881.5711	777295.2472	3480281.4289	7530028.8700	5.5090e+01
915	99423.8501	-51921.6822	777386.8501	3480241.3178	7530028.8700	5.4422e+01
916	99515.4531	-51961.7933	777478.4531	3480201.2067	7530028.8700	5.3762e+01
917	99607.0560	-52001.9044	777570.0560	3480161.0956	7530028.8700	5.3110e+01
918	99698.6589	-52042.0155	777661.6589	3480120.9845	7530028.8700	5.2466e+01
919	99790.2619	-52082.1266	777753.2619	3480080.8734	7530028.8700	5.1829e+01
920	99881.8648	-52122.2377	777844.8648	3480040.7623	7530028.8700	5.1201e+01
921	99973.4678	-52162.3488	777936.4678	3480000.6512	7530028.8700	5.0580e+01
922	100065.0707	-52202.4599	778028.0707	3479960.5401	7530028.8700	4.9967e+01
923	100156.6736	-52242.5710	778119.6736	3479920.4290	7530028.8700	4.9361e+01
924	100248.2766	-52282.6822	778211.2766	3479880.3178	7530028.8700	4.8763e+01
925	100339.8795	-52322.7933	778302.8795	3479840.2067	7530028.8700	4.8172e+01
926	100431.4825	-52362.9044	778394.4825	3479800.0956	7530028.8700	4.7588e+01
927	100523.0854	-52403.0155	778486.0854	3479759.9845	7530028.8700	4.7012e+01
928	100614.6884	-52443.1266	778577.6884	3479719.8734	7530028.8700	4.6442e+01
929	100706.2913	-52483.2377	778669.2913	3479679.7623	7530028.8700	4.5879e+01
930	100797.8942	-52523.3488	778760.8942	3479639.6512	7530028.8700	4.5324e+01
931	100889.4972	-52563.4599	778852.4972	3479599.5401	7530028.8700	4.4775e+01
932	100981.1001	-52603.5710	778944.1001	3479559.4290	7530028.8700	4.4232e+01
933	101072.7031	-52643.6821	779035.7031	3479519.3179	7530028.8700	4.3697e+01
934	101164.3060	-52683.7932	779127.3060	3479479.2068	7530028.8700	4.3168e+01
935	101255.9089	-52723.9043	779218.9089	3479439.0957	7530028.8700	4.2645e+01
936	101347.5119	-52764.0155	779310.5119	3479398.9845	7530028.8700	4.2129e+01
937	101439.1148	-52804.1266	779402.1148	3479358.8734	7530028.8700	4.1619e+01
938	101530.7178	-52844.2377	779493.7178	3479318.7623	7530028.8700	4.1115e+01
939	101622.3207	-52884.3488	779585.3207	3479278.6512	7530028.8700	4.0617e+01
940	101713.9237	-52924.4599	779676.9237	3479238.5401	7530028.8700	4.0126e+01
941	101805.5266	-52964.5710	779768.5266	3479198.4290	7530028.8700	3.9640e+01
942	101897.1295	-53004.6821	779860.1295	3479158.3179	7530028.8700	3.9161e+01
943	101988.7325	-53044.7932	779951.7325	3479118.2068	7530028.8700	3.8687e+01
944	102080.3354	-53084.9043	780043.3354	3479078.0957	7530028.8700	3.8219e+01
945	102171.9384	-53125.0154	780134.9384	3479037.9846	7530028.8700	3.7756e+01
946	102263.5413	-53165.1265	780226.5413	3478997.8735	7530028.8700	3.7300e+01
947	102355.1443	-53205.2377	780318.1443	3478957.7623	7530028.8700	3.6849e+01
948	102446.7472	-53245.3488	780409.7472	3478917.6512	7530028.8700	3.6403e+01
949	102538.3501	-53285.4599	780501.3501	3478877.5401	7530028.8700	3.5963e+01
950	102629.9531	-53325.5710	780592.9531	3478837.4290	7530028.8700	3.5528e+01
951	102721.5560	-53365.6821	780684.5560	3478797.3179	7530028.8700	3.5098e+01
952	102813.1590	-53405.7932	780776.1590	3478757.2068	7530028.8700	3.4674e+01
953	102904.7619	-53445.9043	780867.7619	3478717.0957	7530028.8700	3.4255e+01
954	102996.3648	-53486.0154	780959.3648	3478676.9846	7530028.8700	3.3841e+01
955	103087.9678	-53526.1265	781050.9678	3478636.8735	7530028.8700	3.3432e+01
956	103179.5707	-53566.2376	781142.5707	3478596.7624	7530028.8700	3.3028e+01
957	103271.1737	-53606.3487	781234.1737	3478556.6513	7530028.8700	3.2629e+01
958	103362.7766	-53646.4598	781325.7766	3478516.5402	7530028.8700	3.2234e+01
959	103454.3796	-53686.5710	781417.3796	3478476.4290	7530028.8700	3.1845e+01
960	103545.9825	-53726.6821	781508.9825	3478436.3179	7530028.8700	3.1460e+01
961	103637.5854	-53766.7932	781600.5854	3478396.2068	7530028.8700	3.1080e+01
962	103729.1884	-53806.9043	781692.1884	3478356.0957	7530028.8700	3.0705e+01
963	103820.7913	-53847.0154	781783.7913	3478315.9846	7530028.8700	3.0334e+01
964	103912.3943	-53887.1265	781875.3943	3478275.8735	7530028.8700	2.9968e+01
965	104003.9972	-53927.2376	781966.9972	3478235.7624	7530028.8700	2.9606e+01
966	104095.6001	-53967.3487	782058.6001	3478195.6513	7530028.8700	2.9248e+01
967	104187.2031	-54007.4598	782150.2031	3478155.5402	7530028.8700	2.8895e+01
968	104278.8060	-54047.5709	782241.8060	3478115.4291	7530028.8700	2.8546e+01
969	104370.4090	-54087.6820	782333.4090	3478075.3180	7530028.8700	2.8202e+01
970	104462.0119	-54127.7932	782425.0119	3478035.2068	7530028.8700	2.7861e+01
971	104553.6149	-54167.9043	782516.6149	3477995.0957	7530028.8700	2.7525e+01
972	104645.2178	-54208.0154	782608.2178	3477954.9846	7530028.8700	2.7193e+01
973	104736.8207	-54248.1265	782699.8207	3477914.8735	7530028.8700	2.6865e+01
974	104828.4237	-54288.2376	782791.4237	3477874.7624	7530028.8700	2.6541e+01
975	104920.0266	-54328.3487	782883.0266	3477834.6513	7530028.8700	2.6220e+01
976	105011.6296	-54368.4598	782974.6296	3477794.5402	7530028.8700	2.5904e+01
977	105103.2325	-54408.5709	783066.2325	3477754.4291	7530028.8700	2.5592e+01
978	105194.8355	-54448.6820	783157.8355	3477714.3180	7530028.8700	2.5283e+01
979	105286.4384	-54488.7931	783249.4384	3477674.2069	7530028.8700	2.4978e+01
980	105378.0413	-54528.9042	783341.0413	3477634.0958	7530028.8700	2.4677e+01
981	105469.6443	-54569.0153	783432.6443	3477593.9847	7530028.8700	2.4379e+01
982	105561.2472	-54609.1265	783524.2472	3477553.8735	7530028.8700	2.4085e+01
983	105652.8502	-54649.2376	783615.8502	3477513.7624	7530028.8700	2.3795e+01
984	105744.4531	-54689.3487	783707.4531	3477473.6513	7530028.8700	2.3508e+01
985	105836.0560	-54729.4598	783799.0560	3477433.5402	7530028.8700	2.3225e+01
986	105927.6590	-54769.5709	783890.6590	3477393.4291	7530028.8700	2.2945e+01
987	106019.2619	-54809.6820	783982.2619	3477353.3180	7530028.8700	2.2668e+01
988	106110.8649	-54849.7931	784073.8649	3477313.2069	7530028.8700	2.2395e+01
989	106202.4678	-54889.9042	784165.4678	3477273.0958	7530028.8700	2.2125e+01
990	106294.0708	-54930.0153	784257.0708	3477232.9847	7530028.8700	2.1858e+01
991	106385.6737	-54970.1264	784348.6737	3477192.8736	7530028.8700	2.1595e+01
992	106477.2766	-55010.2375	784440.2766	3477152.7625	7530028.8700	2.1335e+01
993	106568.8796	-55050.3486	784531.8796	3477112.6514	7530028.8700	2.1078e+01
994	106660.4825	-55090.4598	784623.4825	3477072.5402	7530028.8700	2.0824e+01
995	106752.0855	-55130.5709	784715.0855	3477032.4291	7530028.8700	2.0573e+01
996	106843.6884	-55170.6820	784806.6884	3476992.3180	7530028.8700	2.0325e+01
997	106935.2913	-55210.7931	784898.2913	3476952.2069	7530028.8700	2.0081e+01
998	107026.8943	-55250.9042	784989.8943	3476912.0958	7530028.8700	1.9839e+01
999	107118.4972	-55291.0153	785081.4972	3476871.9847	7530028.8700	1.9600e+01
