i	x_from_vent	y_from_vent	x_coord	y_coord	cloud_sigma2	mass_released
0	1119.0172	-1653.0608	679082.0172	3530509.9392	653274.7312	2.7534e+07
1	1289.7646	-1938.1971	679252.7646	3530224.8029	719560.2485	2.6686e+07
2	1469.7480	-2234.6266	679432.7480	3529928.3734	788481.0356	2.5864e+07
3	1662.9998	-2534.4765	679625.9998	3529628.5235	861994.0634	2.5068e+07
4	1869.6268	-2834.1258	679832.6268	3529328.8742	941759.0855	2.4297e+07
5	2087.8570	-3131.1362	680050.8570	3529031.8638	1028273.6867	2.3550e+07
6	2315.3972	-3423.5797	680278.3972	3528739.4203	1121367.3560	2.2827e+07
7	2553.1057	-3710.5242	680516.1057	3528452.4758	1220446.6224	2.2127e+07
8	2797.5463	-3988.4267	680760.5463	3528174.5733	1324330.8526	2.1448e+07
9	3043.1723	-4256.3264	681006.1723	3527906.6736	1432068.9700	2.0791e+07
10	3290.6541	-4513.9353	681253.6541	3527649.0647	1543146.5752	2.0154e+07
11	3541.1612	-4760.7418	681504.1612	3527402.2582	1657267.6091	1.9538e+07
12	3790.1329	-4999.0160	681753.1329	3527163.9840	1774179.1487	1.8940e+07
13	4042.3132	-5226.9751	682005.3132	3526936.0249	1893512.4664	1.8361e+07
14	4293.1535	-5446.8588	682256.1535	3526716.1412	2014997.6792	1.7801e+07
15	4544.7327	-5657.9487	682507.7327	3526505.0513	2138290.7722	1.7258e+07
16	4795.7715	-5860.9447	682758.7715	3526302.0553	2263087.3369	1.6732e+07
17	5046.2723	-6056.0971	683009.2723	3526106.9029	2389072.8384	1.6222e+07
18	5295.8483	-6243.6306	683258.8483	3525919.3694	2515941.2875	1.5728e+07
19	5544.6826	-6423.6297	683507.6826	3525739.3703	2643385.8605	1.5249e+07
20	5791.1802	-6597.1261	683754.1802	3525565.8739	2771125.2088	1.4786e+07
21	6037.6914	-6762.6723	684000.6914	3525400.3277	2898838.0187	1.4337e+07
22	6279.6750	-6923.5176	684242.6750	3525239.4824	3026289.2348	1.3902e+07
23	6523.0519	-7075.3502	684486.0519	3525087.6498	3153125.6933	1.3480e+07
24	6761.9305	-7222.7102	684724.9305	3524940.2898	3279140.8200	1.3071e+07
25	6998.5759	-7363.8397	684961.5759	3524799.1603	3404035.9322	1.2675e+07
26	7233.6043	-7498.3318	685196.6043	3524664.6682	3527538.3544	1.2292e+07
27	7463.9601	-7628.7851	685426.9601	3524534.2149	3649426.1652	1.1920e+07
28	7692.5700	-7753.1531	685655.5700	3524409.8469	3769411.6671	1.1560e+07
29	7918.1743	-7872.4211	685881.1743	3524290.5789	3887325.5428	1.1211e+07
30	8138.9127	-7988.0911	686101.9127	3524174.9089	3999757.5938	1.0872e+07
31	8356.4497	-8099.9590	686319.4497	3524063.0410	4113480.8397	1.0545e+07
32	8571.0348	-8208.0475	686534.0348	3523954.9525	4224838.9118	1.0227e+07
33	8780.6215	-8313.1997	686743.6215	3523849.8003	4333700.5986	9.9190e+06
34	8985.2989	-8415.4759	686948.2989	3523747.5241	4439920.3563	9.6206e+06
35	9187.7550	-8514.5658	687150.7550	3523648.4342	4543328.6241	9.3313e+06
36	9385.9197	-8610.8308	687348.9197	3523552.1692	4643830.1825	9.0510e+06
37	9579.2771	-8704.4096	687542.2771	3523458.5904	4741318.1369	8.7793e+06
38	9767.9038	-8795.3544	687730.9038	3523367.6456	4835686.1717	8.5160e+06
39	9952.9907	-8883.5245	687915.9907	3523279.4755	4926820.8268	8.2607e+06
40	10134.8567	-8968.9257	688097.8567	3523194.0743	5014627.8343	8.0133e+06
41	10312.0661	-9051.8608	688275.0661	3523111.1392	5099043.5710	7.7735e+06
42	10484.6827	-9132.3742	688447.6827	3523030.6258	5179990.5997	7.5411e+06
43	10652.7664	-9210.5085	688615.7664	3522952.4915	5257397.6417	7.3157e+06
44	10816.3735	-9286.3048	688779.3735	3522876.6952	5331199.2541	7.0973e+06
45	10976.8614	-9359.5413	688939.8614	3522803.4587	5401317.8378	6.8855e+06
46	11133.3884	-9430.4343	689096.3884	3522732.5657	5467710.9310	6.6802e+06
47	11285.4691	-9499.1266	689248.4691	3522663.8734	5530336.2933	6.4812e+06
48	11433.1494	-9565.6529	689396.1494	3522597.3471	5589149.3530	6.2883e+06
49	11576.4720	-9630.0463	689539.4720	3522532.9537	5644110.3023	6.1012e+06
50	11715.4771	-9692.3387	689678.4771	3522470.6613	5695183.9610	5.9199e+06
51	11850.2025	-9752.5610	689813.2025	3522410.4390	5742339.6601	5.7441e+06
52	11980.6833	-9810.7425	689943.6833	3522352.2575	5785551.1418	5.5736e+06
53	12106.9525	-9866.9118	690069.9525	3522296.0882	5824796.4746	5.4083e+06
54	12229.0410	-9921.0962	690192.0410	3522241.9038	5860057.9812	5.2481e+06
55	12330.7547	-9965.9911	690293.7547	3522197.0089	5889965.2883	5.0927e+06
56	12426.4685	-10008.1056	690389.4685	3522154.8944	5915709.1390	4.9420e+06
57	12521.4434	-10049.8306	690484.4434	3522113.1694	5937722.2630	4.7959e+06
58	12615.6747	-10091.1770	690578.6747	3522071.8230	5956001.1420	4.6542e+06
59	12709.1572	-10132.1554	690672.1572	3522030.8446	5970546.4315	4.5169e+06
60	12801.8859	-10172.7767	690764.8859	3521990.2233	5981362.9364	4.3836e+06
61	12893.8554	-10213.0512	690856.8554	3521949.9488	5988459.5927	4.2544e+06
62	12985.4583	-10253.1623	690948.4583	3521909.8377	5988459.5927	4.1291e+06
63	13077.0612	-10293.2734	691040.0612	3521869.7266	5988459.5927	4.0076e+06
64	13168.6642	-10333.3845	691131.6642	3521829.6155	5988459.5927	3.8898e+06
65	13260.2671	-10373.4956	691223.2671	3521789.5044	5988459.5927	3.7755e+06
66	13351.8701	-10413.6067	691314.8701	3521749.3933	5988459.5927	3.6647e+06
67	13443.4730	-10453.7178	691406.4730	3521709.2822	5988459.5927	3.5572e+06
68	13535.0760	-10493.8290	691498.0760	3521669.1710	5988459.5927	3.4529e+06
69	13626.6789	-10533.9401	691589.6789	3521629.0599	5988459.5927	3.3518e+06
70	13718.2818	-10574.0512	691681.2818	3521588.9488	5988459.5927	3.2537e+06
71	13809.8848	-10614.1623	691772.8848	3521548.8377	5988459.5927	3.1585e+06
72	13901.4877	-10654.2734	691864.4877	3521508.7266	5988459.5927	3.0662e+06
73	13993.0907	-10694.3845	691956.0907	3521468.6155	5988459.5927	2.9767e+06
74	14084.6936	-10734.4956	692047.6936	3521428.5044	5988459.5927	2.8898e+06
75	14176.2965	-10774.6067	692139.2965	3521388.3933	5988459.5927	2.8056e+06
76	14267.8995	-10814.7178	692230.8995	3521348.2822	5988459.5927	2.7239e+06
77	14359.5024	-10854.8289	692322.5024	3521308.1711	5988459.5927	2.6446e+06
78	14451.1054	-10894.9400	692414.1054	3521268.0600	5988459.5927	2.5676e+06
79	14542.7083	-10935.0512	692505.7083	3521227.9488	5988459.5927	2.4930e+06
80	14634.3113	-10975.1623	692597.3113	3521187.8377	5988459.5927	2.4206e+06
81	14725.9142	-11015.2734	692688.9142	3521147.7266	5988459.5927	2.3504e+06
82	14817.5171	-11055.3845	692780.5171	3521107.6155	5988459.5927	2.2822e+06
83	14909.1201	-11095.4956	692872.1201	3521067.5044	5988459.5927	2.2161e+06
84	15000.7230	-11135.6067	692963.7230	3521027.3933	5988459.5927	2.1520e+06
85	15092.3260	-11175.7178	693055.3260	3520987.2822	5988459.5927	2.0897e+06
86	15183.9289	-11215.8289	693146.9289	3520947.1711	5988459.5927	2.0293e+06
87	15275.5319	-11255.9400	693238.5319	3520907.0600	5988459.5927	1.9707e+06
88	15367.1348	-11296.0511	693330.1348	3520866.9489	5988459.5927	1.9138e+06
89	15458.7377	-11336.1622	693421.7377	3520826.8378	5988459.5927	1.8586e+06
90	15550.3407	-11376.2733	693513.3407	3520786.7267	5988459.5927	1.8051e+06
91	15641.9436	-11416.3845	693604.9436	3520746.6155	5988459.5927	1.7531e+06
92	15733.5466	-11456.4956	693696.5466	3520706.5044	5988459.5927	1.7027e+06
93	15825.1495	-11496.6067	693788.1495	3520666.3933	5988459.5927	1.6537e+06
94	15916.7524	-11536.7178	693879.7524	3520626.2822	5988459.5927	1.6062e+06
95	16008.3554	-11576.8289	693971.3554	3520586.1711	5988459.5927	1.5601e+06
96	16099.9583	-11616.9400	694062.9583	3520546.0600	5988459.5927	1.5154e+06
97	16191.5613	-11657.0511	694154.5613	3520505.9489	5988459.5927	1.4719e+06
98	16283.1642	-11697.1622	694246.1642	3520465.8378	5988459.5927	1.4298e+06
99	16374.7672	-11737.2733	694337.7672	3520425.7267	5988459.5927	1.3889e+06
100	16466.3701	-11777.3844	694429.3701	3520385.6156	5988459.5927	1.3491e+06
101	16557.9730	-11817.4955	694520.9730	3520345.5045	5988459.5927	1.3106e+06
102	16649.5760	-11857.6067	694612.5760	3520305.3933	5988459.5927	1.2732e+06
103	16741.1789	-11897.7178	694704.1789	3520265.2822	5988459.5927	1.2369e+06
104	16832.7819	-11937.8289	694795.7819	3520225.1711	5988459.5927	1.2016e+06
105	16924.3848	-11977.9400	694887.3848	3520185.0600	5988459.5927	1.1674e+06
106	17015.9877	-12018.0511	694978.9877	3520144.9489	5988459.5927	1.1342e+06
107	17107.5907	-12058.1622	695070.5907	3520104.8378	5988459.5927	1.1019e+06
108	17199.1936	-12098.2733	695162.1936	3520064.7267	5988459.5927	1.0706e+06
109	17290.7966	-12138.3844	695253.7966	3520024.6156	5988459.5927	1.0402e+06
110	17382.3995	-12178.4955	695345.3995	3519984.5045	5988459.5927	1.0107e+06
111	17474.0025	-12218.6066	695437.0025	3519944.3934	5988459.5927	9.8203e+05
112	17565.6054	-12258.7177	695528.6054	3519904.2823	5988459.5927	9.5421e+05
113	17657.2083	-12298.8288	695620.2083	3519864.1712	5988459.5927	9.2720e+05
114	17748.8113	-12338.9400	695711.8113	3519824.0600	5988459.5927	9.0097e+05
115	17840.4142	-12379.0511	695803.4142	3519783.9489	5988459.5927	8.7551e+05
116	17932.0172	-12419.1622	695895.0172	3519743.8378	5988459.5927	8.5078e+05
117	18023.6201	-12459.2733	695986.6201	3519703.7267	5988459.5927	8.2677e+05
118	18115.2231	-12499.3844	696078.2231	3519663.6156	5988459.5927	8.0345e+05
119	18206.8260	-12539.4955	696169.8260	3519623.5045	5988459.5927	7.8081e+05
120	18298.4289	-12579.6066	696261.4289	3519583.3934	5988459.5927	7.5883e+05
121	18390.0319	-12619.7177	696353.0319	3519543.2823	5988459.5927	7.3748e+05
122	18481.6348	-12659.8288	696444.6348	3519503.1712	5988459.5927	7.1675e+05
123	18573.2378	-12699.9399	696536.2378	3519463.0601	5988459.5927	6.9661e+05
124	18664.8407	-12740.0510	696627.8407	3519422.9490	5988459.5927	6.7706e+05
125	18756.4436	-12780.1621	696719.4436	3519382.8379	5988459.5927	6.5807e+05
126	18848.0466	-12820.2733	696811.0466	3519342.7267	5988459.5927	6.3962e+05
127	18939.6495	-12860.3844	696902.6495	3519302.6156	5988459.5927	6.2171e+05
128	19031.2525	-12900.4955	696994.2525	3519262.5045	5988459.5927	6.0431e+05
129	19122.8554	-12940.6066	697085.8554	3519222.3934	5988459.5927	5.8741e+05
130	19214.4584	-12980.7177	697177.4584	3519182.2823	5988459.5927	5.7099e+05
131	19306.0613	-13020.8288	697269.0613	3519142.1712	5988459.5927	5.5505e+05
132	19397.6642	-13060.9399	697360.6642	3519102.0601	5988459.5927	5.3956e+05
133	19489.2672	-13101.0510	697452.2672	3519061.9490	5988459.5927	5.2452e+05
134	19580.8701	-13141.1621	697543.8701	3519021.8379	5988459.5927	5.0990e+05
135	19672.4731	-13181.2732	697635.4731	3518981.7268	5988459.5927	4.9571e+05
136	19764.0760	-13221.3843	697727.0760	3518941.6157	5988459.5927	4.8192e+05
137	19855.6789	-13261.4955	697818.6789	3518901.5045	5988459.5927	4.6852e+05
138	19947.2819	-13301.6066	697910.2819	3518861.3934	5988459.5927	4.5551e+05
139	20038.8848	-13341.7177	698001.8848	3518821.2823	5988459.5927	4.4286e+05
140	20130.4878	-13381.8288	698093.4878	3518781.1712	5988459.5927	4.3058e+05
141	20222.0907	-13421.9399	698185.0907	3518741.0601	5988459.5927	4.1864e+05
142	20313.6937	-13462.0510	698276.6937	3518700.9490	5988459.5927	4.0705e+05
143	20405.2966	-13502.1621	698368.2966	3518660.8379	5988459.5927	3.9578e+05
144	20496.8995	-13542.2732	698459.8995	3518620.7268	5988459.5927	3.8484e+05
145	20588.5025	-13582.3843	698551.5025	3518580.6157	5988459.5927	3.7420e+05
146	20680.1054	-13622.4954	698643.1054	3518540.5046	5988459.5927	3.6387e+05
147	20771.7084	-13662.6065	698734.7084	3518500.3935	5988459.5927	3.5383e+05
148	20863.3113	-13702.7176	698826.3113	3518460.2824	5988459.5927	3.4407e+05
149	20954.9143	-13742.8288	698917.9143	3518420.1712	5988459.5927	3.3459e+05
150	21046.5172	-13782.9399	699009.5172	3518380.0601	5988459.5927	3.2538e+05
151	21138.1201	-13823.0510	699101.1201	3518339.9490	5988459.5927	3.1643e+05
152	21229.7231	-13863.1621	699192.7231	3518299.8379	5988459.5927	3.0773e+05
153	21321.3260	-13903.2732	699284.3260	3518259.7268	5988459.5927	2.9927e+05
154	21412.9290	-13943.3843	699375.9290	3518219.6157	5988459.5927	2.9105e+05
155	21504.5319	-13983.4954	699467.5319	3518179.5046	5988459.5927	2.8307e+05
156	21596.1348	-14023.6065	699559.1348	3518139.3935	5988459.5927	2.7531e+05
157	21687.7378	-14063.7176	699650.7378	3518099.2824	5988459.5927	2.6777e+05
158	21779.3407	-14103.8287	699742.3407	3518059.1713	5988459.5927	2.6043e+05
159	21870.9437	-14143.9398	699833.9437	3518019.0602	5988459.5927	2.5331e+05
160	21962.5466	-14184.0510	699925.5466	3517978.9490	5988459.5927	2.4639e+05
161	22054.1496	-14224.1621	700017.1496	3517938.8379	5988459.5927	2.3965e+05
162	22145.7525	-14264.2732	700108.7525	3517898.7268	5988459.5927	2.3311e+05
163	22237.3554	-14304.3843	700200.3554	3517858.6157	5988459.5927	2.2675e+05
164	22328.9584	-14344.4954	700291.9584	3517818.5046	5988459.5927	2.2057e+05
165	22420.5613	-14384.6065	700383.5613	3517778.3935	5988459.5927	2.1456e+05
166	22512.1643	-14424.7176	700475.1643	3517738.2824	5988459.5927	2.0872e+05
167	22603.7672	-14464.8287	700566.7672	3517698.1713	5988459.5927	2.0304e+05
168	22695.3701	-14504.9398	700658.3701	3517658.0602	5988459.5927	1.9752e+05
169	22786.9731	-14545.0509	700749.9731	3517617.9491	5988459.5927	1.9216e+05
170	22878.5760	-14585.1620	700841.5760	3517577.8380	5988459.5927	1.8694e+05
171	22970.1790	-14625.2731	700933.1790	3517537.7269	5988459.5927	1.8187e+05
172	23061.7819	-14665.3843	701024.7819	3517497.6157	5988459.5927	1.7694e+05
173	23153.3849	-14705.4954	701116.3849	3517457.5046	5988459.5927	1.7215e+05
174	23244.9878	-14745.6065	701207.9878	3517417.3935	5988459.5927	1.6749e+05
175	23336.5907	-14785.7176	701299.5907	3517377.2824	5988459.5927	1.6295e+05
176	23428.1937	-14825.8287	701391.1937	3517337.1713	5988459.5927	1.5855e+05
177	23519.7966	-14865.9398	701482.7966	3517297.0602	5988459.5927	1.5427e+05
178	23611.3996	-14906.0509	701574.3996	3517256.9491	5988459.5927	1.5010e+05
179	23703.0025	-14946.1620	701666.0025	3517216.8380	5988459.5927	1.4605e+05
180	23794.6054	-14986.2731	701757.6054	3517176.7269	5988459.5927	1.4211e+05
181	23886.2084	-15026.3842	701849.2084	3517136.6158	5988459.5927	1.3828e+05
182	23977.8113	-15066.4953	701940.8113	3517096.5047	5988459.5927	1.3456e+05
183	24069.4143	-15106.6064	702032.4143	3517056.3936	5988459.5927	1.3094e+05
184	24161.0172	-15146.7176	702124.0172	3517016.2824	5988459.5927	1.2742e+05
185	24252.6202	-15186.8287	702215.6202	3516976.1713	5988459.5927	1.2399e+05
186	24344.2231	-15226.9398	702307.2231	3516936.0602	5988459.5927	1.2066e+05
187	24435.8260	-15267.0509	702398.8260	3516895.9491	5988459.5927	1.1743e+05
188	24527.4290	-15307.1620	702490.4290	3516855.8380	5988459.5927	1.1428e+05
189	24619.0319	-15347.2731	702582.0319	3516815.7269	5988459.5927	1.1121e+05
190	24710.6349	-15387.3842	702673.6349	3516775.6158	5988459.5927	1.0824e+05
191	24802.2378	-15427.4953	702765.2378	3516735.5047	5988459.5927	1.0534e+05
192	24893.8408	-15467.6064	702856.8408	3516695.3936	5988459.5927	1.0252e+05
193	24985.4437	-15507.7175	702948.4437	3516655.2825	5988459.5927	9.9780e+04
194	25077.0466	-15547.8286	703040.0466	3516615.1714	5988459.5927	9.7115e+04
195	25168.6496	-15587.9398	703131.6496	3516575.0602	5988459.5927	9.4522e+04
196	25260.2525	-15628.0509	703223.2525	3516534.9491	5988459.5927	9.2000e+04
197	25351.8555	-15668.1620	703314.8555	3516494.8380	5988459.5927	8.9547e+04
198	25443.4584	-15708.2731	703406.4584	3516454.7269	5988459.5927	8.7161e+04
199	25535.0613	-15748.3842	703498.0613	3516414.6158	5988459.5927	8.4840e+04
200	25626.6643	-15788.4953	703589.6643	3516374.5047	5988459.5927	8.2582e+04
201	25718.2672	-15828.6064	703681.2672	3516334.3936	5988459.5927	8.0386e+04
202	25809.8702	-15868.7175	703772.8702	3516294.2825	5988459.5927	7.8249e+04
203	25901.4731	-15908.8286	703864.4731	3516254.1714	5988459.5927	7.6171e+04
204	25993.0761	-15948.9397	703956.0761	3516214.0603	5988459.5927	7.4149e+04
205	26084.6790	-15989.0508	704047.6790	3516173.9492	5988459.5927	7.2182e+04
206	26176.2819	-16029.1619	704139.2819	3516133.8381	5988459.5927	7.0268e+04
207	26267.8849	-16069.2731	704230.8849	3516093.7269	5988459.5927	6.8406e+04
208	26359.4878	-16109.3842	704322.4878	3516053.6158	5988459.5927	6.6595e+04
209	26451.0908	-16149.4953	704414.0908	3516013.5047	5988459.5927	6.4833e+04
210	26542.6937	-16189.6064	704505.6937	3515973.3936	5988459.5927	6.3118e+04
211	26634.2966	-16229.7175	704597.2966	3515933.2825	5988459.5927	6.1450e+04
212	26725.8996	-16269.8286	704688.8996	3515893.1714	5988459.5927	5.9827e+04
213	26817.5025	-16309.9397	704780.5025	3515853.0603	5988459.5927	5.8247e+04
214	26909.1055	-16350.0508	704872.1055	3515812.9492	5988459.5927	5.6711e+04
215	27000.7084	-16390.1619	704963.7084	3515772.8381	5988459.5927	5.5215e+04
216	27092.3114	-16430.2730	705055.3114	3515732.7270	5988459.5927	5.3761e+04
217	27183.9143	-16470.3841	705146.9143	3515692.6159	5988459.5927	5.2345e+04
218	27275.5172	-16510.4952	705238.5172	3515652.5048	5988459.5927	5.0967e+04
219	27367.1202	-16550.6064	705330.1202	3515612.3936	5988459.5927	4.9626e+04
220	27458.7231	-16590.7175	705421.7231	3515572.2825	5988459.5927	4.8322e+04
221	27550.3261	-16630.8286	705513.3261	3515532.1714	5988459.5927	4.7052e+04
222	27641.9290	-16670.9397	705604.9290	3515492.0603	5988459.5927	4.5817e+04
223	27733.5320	-16711.0508	705696.5320	3515451.9492	5988459.5927	4.4615e+04
224	27825.1349	-16751.1619	705788.1349	3515411.8381	5988459.5927	4.3445e+04
225	27916.7378	-16791.2730	705879.7378	3515371.7270	5988459.5927	4.2306e+04
226	28008.3408	-16831.3841	705971.3408	3515331.6159	5988459.5927	4.1198e+04
227	28099.9437	-16871.4952	706062.9437	3515291.5048	5988459.5927	4.0119e+04
228	28191.5467	-16911.6063	706154.5467	3515251.3937	5988459.5927	3.9069e+04
229	28283.1496	-16951.7174	706246.1496	3515211.2826	5988459.5927	3.8048e+04
230	28374.7525	-16991.8286	706337.7525	3515171.1714	5988459.5927	3.7053e+04
231	28466.3555	-17031.9397	706429.3555	3515131.0603	5988459.5927	3.6085e+04
232	28557.9584	-17072.0508	706520.9584	3515090.9492	5988459.5927	3.5143e+04
233	28649.5614	-17112.1619	706612.5614	3515050.8381	5988459.5927	3.4226e+04
234	28741.1643	-17152.2730	706704.1643	3515010.7270	5988459.5927	3.3334e+04
235	28832.7673	-17192.3841	706795.7673	3514970.6159	5988459.5927	3.2465e+04
236	28924.3702	-17232.4952	706887.3702	3514930.5048	5988459.5927	3.1619e+04
237	29015.9731	-17272.6063	706978.9731	3514890.3937	5988459.5927	3.0796e+04
238	29107.5761	-17312.7174	707070.5761	3514850.2826	5988459.5927	2.9995e+04
239	29199.1790	-17352.8285	707162.1790	3514810.1715	5988459.5927	2.9215e+04
240	29290.7820	-17392.9396	707253.7820	3514770.0604	5988459.5927	2.8456e+04
241	29382.3849	-17433.0507	707345.3849	3514729.9493	5988459.5927	2.7717e+04
242	29473.9878	-17473.1619	707436.9878	3514689.8381	5988459.5927	2.6997e+04
243	29565.5908	-17513.2730	707528.5908	3514649.7270	5988459.5927	2.6296e+04
244	29657.1937	-17553.3841	707620.1937	3514609.6159	5988459.5927	2.5614e+04
245	29748.7967	-17593.4952	707711.7967	3514569.5048	5988459.5927	2.4951e+04
246	29840.3996	-17633.6063	707803.3996	3514529.3937	5988459.5927	2.4304e+04
247	29932.0026	-17673.7174	707895.0026	3514489.2826	5988459.5927	2.3675e+04
248	30023.6055	-17713.8285	707986.6055	3514449.1715	5988459.5927	2.3062e+04
249	30115.2084	-17753.9396	708078.2084	3514409.0604	5988459.5927	2.2466e+04
250	30206.8114	-17794.0507	708169.8114	3514368.9493	5988459.5927	2.1885e+04
251	30298.4143	-17834.1618	708261.4143	3514328.8382	5988459.5927	2.1319e+04
252	30390.0173	-17874.2729	708353.0173	3514288.7271	5988459.5927	2.0769e+04
253	30481.6202	-17914.3841	708444.6202	3514248.6159	5988459.5927	2.0233e+04
254	30573.2232	-17954.4952	708536.2232	3514208.5048	5988459.5927	1.9711e+04
255	30664.8261	-17994.6063	708627.8261	3514168.3937	5988459.5927	1.9203e+04
256	30756.4290	-18034.7174	708719.4290	3514128.2826	5988459.5927	1.8708e+04
257	30848.0320	-18074.8285	708811.0320	3514088.1715	5988459.5927	1.8226e+04
258	30939.6349	-18114.9396	708902.6349	3514048.0604	5988459.5927	1.7757e+04
259	31031.2379	-18155.0507	708994.2379	3514007.9493	5988459.5927	1.7300e+04
260	31122.8408	-18195.1618	709085.8408	3513967.8382	5988459.5927	1.6855e+04
261	31214.4437	-18235.2729	709177.4437	3513927.7271	5988459.5927	1.6422e+04
262	31306.0467	-18275.3840	709269.0467	3513887.6160	5988459.5927	1.6000e+04
263	31397.6496	-18315.4951	709360.6496	3513847.5049	5988459.5927	1.5589e+04
264	31489.2526	-18355.6062	709452.2526	3513807.3938	5988459.5927	1.5189e+04
265	31580.8555	-18395.7174	709543.8555	3513767.2826	5988459.5927	1.4799e+04
266	31672.4585	-18435.8285	709635.4585	3513727.1715	5988459.5927	1.4420e+04
267	31764.0614	-18475.9396	709727.0614	3513687.0604	5988459.5927	1.4050e+04
268	31855.6643	-18516.0507	709818.6643	3513646.9493	5988459.5927	1.3690e+04
269	31947.2673	-18556.1618	709910.2673	3513606.8382	5988459.5927	1.3340e+04
270	32038.8702	-18596.2729	710001.8702	3513566.7271	5988459.5927	1.2998e+04
271	32130.4732	-18636.3840	710093.4732	3513526.6160	5988459.5927	1.2666e+04
272	32222.0761	-18676.4951	710185.0761	3513486.5049	5988459.5927	1.2342e+04
273	32313.6790	-18716.6062	710276.6790	3513446.3938	5988459.5927	1.2027e+04
274	32405.2820	-18756.7173	710368.2820	3513406.2827	5988459.5927	1.1719e+04
275	32496.8849	-18796.8284	710459.8849	3513366.1716	5988459.5927	1.1420e+04
276	32588.4879	-18836.9395	710551.4879	3513326.0605	5988459.5927	1.1129e+04
277	32680.0908	-18877.0507	710643.0908	3513285.9493	5988459.5927	1.0845e+04
278	32771.6938	-18917.1618	710734.6938	3513245.8382	5988459.5927	1.0568e+04
279	32863.2967	-18957.2729	710826.2967	3513205.7271	5988459.5927	1.0299e+04
280	32954.8996	-18997.3840	710917.8996	3513165.6160	5988459.5927	1.0037e+04
281	33046.5026	-19037.4951	711009.5026	3513125.5049	5988459.5927	9.7812e+03
282	33138.1055	-19077.6062	711101.1055	3513085.3938	5988459.5927	9.5323e+03
283	33229.7085	-19117.7173	711192.7085	3513045.2827	5988459.5927	9.2898e+03
284	33321.3114	-19157.8284	711284.3114	3513005.1716	5988459.5927	9.0536e+03
285	33412.9143	-19197.9395	711375.9143	3512965.0605	5988459.5927	8.8236e+03
286	33504.5173	-19238.0506	711467.5173	3512924.9494	5988459.5927	8.5994e+03
287	33596.1202	-19278.1617	711559.1202	3512884.8383	5988459.5927	8.3811e+03
288	33687.7232	-19318.2729	711650.7232	3512844.7271	5988459.5927	8.1684e+03
289	33779.3261	-19358.3840	711742.3261	3512804.6160	5988459.5927	7.9612e+03
290	33870.9291	-19398.4951	711833.9291	3512764.5049	5988459.5927	7.7593e+03
291	33962.5320	-19438.6062	711925.5320	3512724.3938	5988459.5927	7.5627e+03
292	34054.1349	-19478.7173	712017.1349	3512684.2827	5988459.5927	7.3711e+03
293	34145.7379	-19518.8284	712108.7379	3512644.1716	5988459.5927	7.1844e+03
294	34237.3408	-19558.9395	712200.3408	3512604.0605	5988459.5927	7.0026e+03
295	34328.9438	-19599.0506	712291.9438	3512563.9494	5988459.5927	6.8254e+03
296	34420.5467	-19639.1617	712383.5467	3512523.8383	5988459.5927	6.6528e+03
297	34512.1497	-19679.2728	712475.1497	3512483.7272	5988459.5927	6.4846e+03
298	34603.7526	-19719.3839	712566.7526	3512443.6161	5988459.5927	6.3207e+03
299	34695.3555	-19759.4950	712658.3555	3512403.5050	5988459.5927	6.1611e+03
300	34786.9585	-19799.6062	712749.9585	3512363.3938	5988459.5927	6.0055e+03
301	34878.5614	-19839.7173	712841.5614	3512323.2827	5988459.5927	5.8540e+03
302	34970.1644	-19879.8284	712933.1644	3512283.1716	5988459.5927	5.7063e+03
303	35061.7673	-19919.9395	713024.7673	3512243.0605	5988459.5927	5.5624e+03
304	35153.3702	-19960.0506	713116.3702	3512202.9494	5988459.5927	5.4222e+03
305	35244.9732	-20000.1617	713207.9732	3512162.8383	5988459.5927	5.2856e+03
306	35336.5761	-20040.2728	713299.5761	3512122.7272	5988459.5927	5.1525e+03
307	35428.1791	-20080.3839	713391.1791	3512082.6161	5988459.5927	5.0228e+03
308	35519.7820	-20120.4950	713482.7820	3512042.5050	5988459.5927	4.8964e+03
309	35611.3850	-20160.6061	713574.3850	3512002.3939	5988459.5927	4.7732e+03
310	35702.9879	-20200.7172	713665.9879	3511962.2828	5988459.5927	4.6532e+03
311	35794.5908	-20240.8284	713757.5908	3511922.1716	5988459.5927	4.5363e+03
312	35886.1938	-20280.9395	713849.1938	3511882.0605	5988459.5927	4.4223e+03
313	35977.7967	-20321.0506	713940.7967	3511841.9494	5988459.5927	4.3112e+03
314	36069.3997	-20361.1617	714032.3997	3511801.8383	5988459.5927	4.2030e+03
315	36161.0026	-20401.2728	714124.0026	3511761.7272	5988459.5927	4.0975e+03
316	36252.6055	-20441.3839	714215.6055	3511721.6161	5988459.5927	3.9948e+03
317	36344.2085	-20481.4950	714307.2085	3511681.5050	5988459.5927	3.8946e+03
318	36435.8114	-20521.6061	714398.8114	3511641.3939	5988459.5927	3.7970e+03
319	36527.4144	-20561.7172	714490.4144	3511601.2828	5988459.5927	3.7018e+03
320	36619.0173	-20601.8283	714582.0173	3511561.1717	5988459.5927	3.6091e+03
321	36710.6203	-20641.9394	714673.6203	3511521.0606	5988459.5927	3.5188e+03
322	36802.2232	-20682.0505	714765.2232	3511480.9495	5988459.5927	3.4307e+03
323	36893.8261	-20722.1617	714856.8261	3511440.8383	5988459.5927	3.3449e+03
324	36985.4291	-20762.2728	714948.4291	3511400.7272	5988459.5927	3.2613e+03
325	37077.0320	-20802.3839	715040.0320	3511360.6161	5988459.5927	3.1797e+03
326	37168.6350	-20842.4950	715131.6350	3511320.5050	5988459.5927	3.1003e+03
327	37260.2379	-20882.6061	715223.2379	3511280.3939	5988459.5927	3.0228e+03
328	37351.8409	-20922.7172	715314.8409	3511240.2828	5988459.5927	2.9474e+03
329	37443.4438	-20962.8283	715406.4438	3511200.1717	5988459.5927	2.8738e+03
330	37535.0467	-21002.9394	715498.0467	3511160.0606	5988459.5927	2.8021e+03
331	37626.6497	-21043.0505	715589.6497	3511119.9495	5988459.5927	2.7322e+03
332	37718.2526	-21083.1616	715681.2526	3511079.8384	5988459.5927	2.6641e+03
333	37809.8556	-21123.2727	715772.8556	3511039.7273	5988459.5927	2.5977e+03
334	37901.4585	-21163.3838	715864.4585	3510999.6162	5988459.5927	2.5330e+03
335	37993.0614	-21203.4950	715956.0614	3510959.5050	5988459.5927	2.4699e+03
336	38084.6644	-21243.6061	716047.6644	3510919.3939	5988459.5927	2.4084e+03
337	38176.2673	-21283.7172	716139.2673	3510879.2828	5988459.5927	2.3484e+03
338	38267.8703	-21323.8283	716230.8703	3510839.1717	5988459.5927	2.2900e+03
339	38359.4732	-21363.9394	716322.4732	3510799.0606	5988459.5927	2.2330e+03
340	38451.0762	-21404.0505	716414.0762	3510758.9495	5988459.5927	2.1775e+03
341	38542.6791	-21444.1616	716505.6791	3510718.8384	5988459.5927	2.1234e+03
342	38634.2820	-21484.2727	716597.2820	3510678.7273	5988459.5927	2.0707e+03
343	38725.8850	-21524.3838	716688.8850	3510638.6162	5988459.5927	2.0192e+03
344	38817.4879	-21564.4949	716780.4879	3510598.5051	5988459.5927	1.9691e+03
345	38909.0909	-21604.6060	716872.0909	3510558.3940	5988459.5927	1.9202e+03
346	39000.6938	-21644.7172	716963.6938	3510518.2828	5988459.5927	1.8726e+03
347	39092.2967	-21684.8283	717055.2967	3510478.1717	5988459.5927	1.8261e+03
348	39183.8997	-21724.9394	717146.8997	3510438.0606	5988459.5927	1.7809e+03
349	39275.5026	-21765.0505	717238.5026	3510397.9495	5988459.5927	1.7367e+03
350	39367.1056	-21805.1616	717330.1056	3510357.8384	5988459.5927	1.6937e+03
351	39458.7085	-21845.2727	717421.7085	3510317.7273	5988459.5927	1.6517e+03
352	39550.3115	-21885.3838	717513.3115	3510277.6162	5988459.5927	1.6108e+03
353	39641.9144	-21925.4949	717604.9144	3510237.5051	5988459.5927	1.5710e+03
354	39733.5173	-21965.6060	717696.5173	3510197.3940	5988459.5927	1.5321e+03
355	39825.1203	-22005.7171	717788.1203	3510157.2829	5988459.5927	1.4942e+03
356	39916.7232	-22045.8282	717879.7232	3510117.1718	5988459.5927	1.4572e+03
357	40008.3262	-22085.9393	717971.3262	3510077.0607	5988459.5927	1.4212e+03
358	40099.9291	-22126.0505	718062.9291	3510036.9495	5988459.5927	1.3861e+03
359	40191.5321	-22166.1616	718154.5321	3509996.8384	5988459.5927	1.3518e+03
360	40283.1350	-22206.2727	718246.1350	3509956.7273	5988459.5927	1.3185e+03
361	40374.7379	-22246.3838	718337.7379	3509916.6162	5988459.5927	1.2859e+03
362	40466.3409	-22286.4949	718429.3409	3509876.5051	5988459.5927	1.2542e+03
363	40557.9438	-22326.6060	718520.9438	3509836.3940	5988459.5927	1.2232e+03
364	40649.5468	-22366.7171	718612.5468	3509796.2829	5988459.5927	1.1930e+03
365	40741.1497	-22406.8282	718704.1497	3509756.1718	5988459.5927	1.1636e+03
366	40832.7526	-22446.9393	718795.7526	3509716.0607	5988459.5927	1.1349e+03
367	40924.3556	-22487.0504	718887.3556	3509675.9496	5988459.5927	1.1070e+03
368	41015.9585	-22527.1615	718978.9585	3509635.8385	5988459.5927	1.0797e+03
369	41107.5615	-22567.2726	719070.5615	3509595.7274	5988459.5927	1.0531e+03
370	41199.1644	-22607.3838	719162.1644	3509555.6162	5988459.5927	1.0272e+03
371	41290.7674	-22647.4949	719253.7674	3509515.5051	5988459.5927	1.0019e+03
372	41382.3703	-22687.6060	719345.3703	3509475.3940	5988459.5927	9.7725e+02
373	41473.9732	-22727.7171	719436.9732	3509435.2829	5988459.5927	9.5321e+02
374	41565.5762	-22767.8282	719528.5762	3509395.1718	5988459.5927	9.2977e+02
375	41657.1791	-22807.9393	719620.1791	3509355.0607	5988459.5927	9.0691e+02
376	41748.7821	-22848.0504	719711.7821	3509314.9496	5988459.5927	8.8462e+02
377	41840.3850	-22888.1615	719803.3850	3509274.8385	5988459.5927	8.6288e+02
378	41931.9879	-22928.2726	719894.9879	3509234.7274	5988459.5927	8.4169e+02
379	42023.5909	-22968.3837	719986.5909	3509194.6163	5988459.5927	8.2102e+02
380	42115.1938	-23008.4948	720078.1938	3509154.5052	5988459.5927	8.0086e+02
381	42206.7968	-23048.6060	720169.7968	3509114.3940	5988459.5927	7.8121e+02
382	42298.3997	-23088.7171	720261.3997	3509074.2829	5988459.5927	7.6204e+02
383	42390.0027	-23128.8282	720353.0027	3509034.1718	5988459.5927	7.4335e+02
384	42481.6056	-23168.9393	720444.6056	3508994.0607	5988459.5927	7.2512e+02
385	42573.2085	-23209.0504	720536.2085	3508953.9496	5988459.5927	7.0735e+02
386	42664.8115	-23249.1615	720627.8115	3508913.8385	5988459.5927	6.9001e+02
387	42756.4144	-23289.2726	720719.4144	3508873.7274	5988459.5927	6.7311e+02
388	42848.0174	-23329.3837	720811.0174	3508833.6163	5988459.5927	6.5662e+02
389	42939.6203	-23369.4948	720902.6203	3508793.5052	5988459.5927	6.4054e+02
390	43031.2233	-23409.6059	720994.2233	3508753.3941	5988459.5927	6.2486e+02
391	43122.8262	-23449.7170	721085.8262	3508713.2830	5988459.5927	6.0957e+02
392	43214.4291	-23489.8281	721177.4291	3508673.1719	5988459.5927	5.9465e+02
393	43306.0321	-23529.9393	721269.0321	3508633.0607	5988459.5927	5.8011e+02
394	43397.6350	-23570.0504	721360.6350	3508592.9496	5988459.5927	5.6592e+02
395	43489.2380	-23610.1615	721452.2380	3508552.8385	5988459.5927	5.5209e+02
396	43580.8409	-23650.2726	721543.8409	3508512.7274	5988459.5927	5.3859e+02
397	43672.4438	-23690.3837	721635.4438	3508472.6163	5988459.5927	5.2543e+02
398	43764.0468	-23730.4948	721727.0468	3508432.5052	5988459.5927	5.1260e+02
399	43855.6497	-23770.6059	721818.6497	3508392.3941	5988459.5927	5.0008e+02
400	43947.2527	-23810.7170	721910.2527	3508352.2830	5988459.5927	4.8787e+02
401	44038.8556	-23850.8281	722001.8556	3508312.1719	5988459.5927	4.7596e+02
402	44130.4586	-23890.9392	722093.4586	3508272.0608	5988459.5927	4.6435e+02
403	44222.0615	-23931.0503	722185.0615	3508231.9497	5988459.5927	4.5302e+02
404	44313.6644	-23971.1615	722276.6644	3508191.8385	5988459.5927	4.4197e+02
405	44405.2674	-24011.2726	722368.2674	3508151.7274	5988459.5927	4.3119e+02
406	44496.8703	-24051.3837	722459.8703	3508111.6163	5988459.5927	4.2068e+02
407	44588.4733	-24091.4948	722551.4733	3508071.5052	5988459.5927	4.1043e+02
408	44680.0762	-24131.6059	722643.0762	3508031.3941	5988459.5927	4.0043e+02
409	44771.6791	-24171.7170	722734.6791	3507991.2830	5988459.5927	3.9067e+02
410	44863.2821	-24211.8281	722826.2821	3507951.1719	5988459.5927	3.8116e+02
411	44954.8850	-24251.9392	722917.8850	3507911.0608	5988459.5927	3.7188e+02
412	45046.4880	-24292.0503	723009.4880	3507870.9497	5988459.5927	3.6283e+02
413	45138.0909	-24332.1614	723101.0909	3507830.8386	5988459.5927	3.5400e+02
414	45229.6939	-24372.2725	723192.6939	3507790.7275	5988459.5927	3.4539e+02
415	45321.2968	-24412.3836	723284.2968	3507750.6164	5988459.5927	3.3699e+02
416	45412.8997	-24452.4948	723375.8997	3507710.5052	5988459.5927	3.2879e+02
417	45504.5027	-24492.6059	723467.5027	3507670.3941	5988459.5927	3.2080e+02
418	45596.1056	-24532.7170	723559.1056	3507630.2830	5988459.5927	3.1300e+02
419	45687.7086	-24572.8281	723650.7086	3507590.1719	5988459.5927	3.0539e+02
420	45779.3115	-24612.9392	723742.3115	3507550.0608	5988459.5927	2.9798e+02
421	45870.9144	-24653.0503	723833.9144	3507509.9497	5988459.5927	2.9074e+02
422	45962.5174	-24693.1614	723925.5174	3507469.8386	5988459.5927	2.8368e+02
423	46054.1203	-24733.2725	724017.1203	3507429.7275	5988459.5927	2.7679e+02
424	46145.7233	-24773.3836	724108.7233	3507389.6164	5988459.5927	2.7007e+02
425	46237.3262	-24813.4947	724200.3262	3507349.5053	5988459.5927	2.6352e+02
426	46328.9292	-24853.6058	724291.9292	3507309.3942	5988459.5927	2.5713e+02
427	46420.5321	-24893.7169	724383.5321	3507269.2831	5988459.5927	2.5089e+02
428	46512.1350	-24933.8281	724475.1350	3507229.1719	5988459.5927	2.4481e+02
429	46603.7380	-24973.9392	724566.7380	3507189.0608	5988459.5927	2.3887e+02
430	46695.3409	-25014.0503	724658.3409	3507148.9497	5988459.5927	2.3308e+02
431	46786.9439	-25054.1614	724749.9439	3507108.8386	5988459.5927	2.2743e+02
432	46878.5468	-25094.2725	724841.5468	3507068.7275	5988459.5927	2.2192e+02
433	46970.1498	-25134.3836	724933.1498	3507028.6164	5988459.5927	2.1655e+02
434	47061.7527	-25174.4947	725024.7527	3506988.5053	5988459.5927	2.1131e+02
435	47153.3556	-25214.6058	725116.3556	3506948.3942	5988459.5927	2.0619e+02
436	47244.9586	-25254.7169	725207.9586	3506908.2831	5988459.5927	2.0120e+02
437	47336.5615	-25294.8280	725299.5615	3506868.1720	5988459.5927	1.9633e+02
438	47428.1645	-25334.9391	725391.1645	3506828.0609	5988459.5927	1.9158e+02
439	47519.7674	-25375.0503	725482.7674	3506787.9497	5988459.5927	1.8695e+02
440	47611.3703	-25415.1614	725574.3703	3506747.8386	5988459.5927	1.8242e+02
441	47702.9733	-25455.2725	725665.9733	3506707.7275	5988459.5927	1.7801e+02
442	47794.5762	-25495.3836	725757.5762	3506667.6164	5988459.5927	1.7371e+02
443	47886.1792	-25535.4947	725849.1792	3506627.5053	5988459.5927	1.6951e+02
444	47977.7821	-25575.6058	725940.7821	3506587.3942	5988459.5927	1.6542e+02
445	48069.3851	-25615.7169	726032.3851	3506547.2831	5988459.5927	1.6142e+02
446	48160.9880	-25655.8280	726123.9880	3506507.1720	5988459.5927	1.5752e+02
447	48252.5909	-25695.9391	726215.5909	3506467.0609	5988459.5927	1.5372e+02
448	48344.1939	-25736.0502	726307.1939	3506426.9498	5988459.5927	1.5001e+02
449	48435.7968	-25776.1613	726398.7968	3506386.8387	5988459.5927	1.4638e+02
450	48527.3998	-25816.2724	726490.3998	3506346.7276	5988459.5927	1.4285e+02
451	48619.0027	-25856.3836	726582.0027	3506306.6164	5988459.5927	1.3941e+02
452	48710.6056	-25896.4947	726673.6056	3506266.5053	5988459.5927	1.3604e+02
453	48802.2086	-25936.6058	726765.2086	3506226.3942	5988459.5927	1.3276e+02
454	48893.8115	-25976.7169	726856.8115	3506186.2831	5988459.5927	1.2956e+02
455	48985.4145	-26016.8280	726948.4145	3506146.1720	5988459.5927	1.2644e+02
456	49077.0174	-26056.9391	727040.0174	3506106.0609	5988459.5927	1.2339e+02
457	49168.6204	-26097.0502	727131.6204	3506065.9498	5988459.5927	1.2041e+02
458	49260.2233	-26137.1613	727223.2233	3506025.8387	5988459.5927	1.1751e+02
459	49351.8262	-26177.2724	727314.8262	3505985.7276	5988459.5927	1.1468e+02
460	49443.4292	-26217.3835	727406.4292	3505945.6165	5988459.5927	1.1192e+02
461	49535.0321	-26257.4946	727498.0321	3505905.5054	5988459.5927	1.0923e+02
462	49626.6351	-26297.6058	727589.6351	3505865.3942	5988459.5927	1.0660e+02
463	49718.2380	-26337.7169	727681.2380	3505825.2831	5988459.5927	1.0403e+02
464	49809.8410	-26377.8280	727772.8410	3505785.1720	5988459.5927	1.0153e+02
465	49901.4439	-26417.9391	727864.4439	3505745.0609	5988459.5927	9.9084e+01
466	49993.0468	-26458.0502	727956.0468	3505704.9498	5988459.5927	9.6700e+01
467	50084.6498	-26498.1613	728047.6498	3505664.8387	5988459.5927	9.4374e+01
468	50176.2527	-26538.2724	728139.2527	3505624.7276	5988459.5927	9.2105e+01
469	50267.8557	-26578.3835	728230.8557	3505584.6165	5988459.5927	8.9890e+01
470	50359.4586	-26618.4946	728322.4586	3505544.5054	5988459.5927	8.7730e+01
471	50451.0615	-26658.6057	728414.0615	3505504.3943	5988459.5927	8.5621e+01
472	50542.6645	-26698.7168	728505.6645	3505464.2832	5988459.5927	8.3564e+01
473	50634.2674	-26738.8279	728597.2674	3505424.1721	5988459.5927	8.1556e+01
474	50725.8704	-26778.9391	728688.8704	3505384.0609	5988459.5927	7.9597e+01
475	50817.4733	-26819.0502	728780.4733	3505343.9498	5988459.5927	7.7685e+01
476	50909.0763	-26859.1613	728872.0763	3505303.8387	5988459.5927	7.5820e+01
477	51000.6792	-26899.2724	728963.6792	3505263.7276	5988459.5927	7.4000e+01
478	51092.2821	-26939.3835	729055.2821	3505223.6165	5988459.5927	7.2224e+01
479	51183.8851	-26979.4946	729146.8851	3505183.5054	5988459.5927	7.0490e+01
480	51275.4880	-27019.6057	729238.4880	3505143.3943	5988459.5927	6.8799e+01
481	51367.0910	-27059.7168	729330.0910	3505103.2832	5988459.5927	6.7148e+01
482	51458.6939	-27099.8279	729421.6939	3505063.1721	5988459.5927	6.5538e+01
483	51550.2968	-27139.9390	729513.2968	3505023.0610	5988459.5927	6.3966e+01
484	51641.8998	-27180.0501	729604.8998	3504982.9499	5988459.5927	6.2432e+01
485	51733.5027	-27220.1612	729696.5027	3504942.8388	5988459.5927	6.0936e+01
486	51825.1057	-27260.2724	729788.1057	3504902.7276	5988459.5927	5.9475e+01
487	51916.7086	-27300.3835	729879.7086	3504862.6165	5988459.5927	5.8050e+01
488	52008.3116	-27340.4946	729971.3116	3504822.5054	5988459.5927	5.6659e+01
489	52099.9145	-27380.6057	730062.9145	3504782.3943	5988459.5927	5.5302e+01
490	52191.5174	-27420.7168	730154.5174	3504742.2832	5988459.5927	5.3977e+01
491	52283.1204	-27460.8279	730246.1204	3504702.1721	5988459.5927	5.2684e+01
492	52374.7233	-27500.9390	730337.7233	3504662.0610	5988459.5927	5.1423e+01
493	52466.3263	-27541.0501	730429.3263	3504621.9499	5988459.5927	5.0192e+01
494	52557.9292	-27581.1612	730520.9292	3504581.8388	5988459.5927	4.8991e+01
495	52649.5322	-27621.2723	730612.5322	3504541.7277	5988459.5927	4.7818e+01
496	52741.1351	-27661.3834	730704.1351	3504501.6166	5988459.5927	4.6674e+01
497	52832.7380	-27701.4946	730795.7380	3504461.5054	5988459.5927	4.5557e+01
498	52924.3410	-27741.6057	730887.3410	3504421.3943	5988459.5927	4.4468e+01
499	53015.9439	-27781.7168	730978.9439	3504381.2832	5988459.5927	4.3404e+01
500	53107.5469	-27821.8279	731070.5469	3504341.1721	5988459.5927	4.2366e+01
501	53199.1498	-27861.9390	731162.1498	3504301.0610	5988459.5927	4.1353e+01
502	53290.7527	-27902.0501	731253.7527	3504260.9499	5988459.5927	4.0365e+01
503	53382.3557	-27942.1612	731345.3557	3504220.8388	5988459.5927	3.9400e+01
504	53473.9586	-27982.2723	731436.9586	3504180.7277	5988459.5927	3.8459e+01
505	53565.5616	-28022.3834	731528.5616	3504140.6166	5988459.5927	3.7540e+01
506	53657.1645	-28062.4945	731620.1645	3504100.5055	5988459.5927	3.6643e+01
507	53748.7675	-28102.6056	731711.7675	3504060.3944	5988459.5927	3.5768e+01
508	53840.3704	-28142.7167	731803.3704	3504020.2833	5988459.5927	3.4914e+01
509	53931.9733	-28182.8279	731894.9733	3503980.1721	5988459.5927	3.4080e+01
510	54023.5763	-28222.9390	731986.5763	3503940.0610	5988459.5927	3.3266e+01
511	54115.1792	-28263.0501	732078.1792	3503899.9499	5988459.5927	3.2472e+01
512	54206.7822	-28303.1612	732169.7822	3503859.8388	5988459.5927	3.1697e+01
513	54298.3851	-28343.2723	732261.3851	3503819.7277	5988459.5927	3.0941e+01
514	54389.9880	-28383.3834	732352.9880	3503779.6166	5988459.5927	3.0203e+01
515	54481.5910	-28423.4945	732444.5910	3503739.5055	5988459.5927	2.9482e+01
516	54573.1939	-28463.6056	732536.1939	3503699.3944	5988459.5927	2.8779e+01
517	54664.7969	-28503.7167	732627.7969	3503659.2833	5988459.5927	2.8093e+01
518	54756.3998	-28543.8278	732719.3998	3503619.1722	5988459.5927	2.7423e+01
519	54848.0028	-28583.9389	732811.0028	3503579.0611	5988459.5927	2.6769e+01
520	54939.6057	-28624.0501	732902.6057	3503538.9499	5988459.5927	2.6131e+01
521	55031.2086	-28664.1612	732994.2086	3503498.8388	5988459.5927	2.5508e+01
522	55122.8116	-28704.2723	733085.8116	3503458.7277	5988459.5927	2.4901e+01
523	55214.4145	-28744.3834	733177.4145	3503418.6166	5988459.5927	2.4307e+01
524	55306.0175	-28784.4945	733269.0175	3503378.5055	5988459.5927	2.3728e+01
525	55397.6204	-28824.6056	733360.6204	3503338.3944	5988459.5927	2.3163e+01
526	55489.2233	-28864.7167	733452.2233	3503298.2833	5988459.5927	2.2611e+01
527	55580.8263	-28904.8278	733543.8263	3503258.1722	5988459.5927	2.2073e+01
528	55672.4292	-28944.9389	733635.4292	3503218.0611	5988459.5927	2.1548e+01
529	55764.0322	-28985.0500	733727.0322	3503177.9500	5988459.5927	2.1035e+01
530	55855.6351	-29025.1611	733818.6351	3503137.8389	5988459.5927	2.0534e+01
531	55947.2381	-29065.2722	733910.2381	3503097.7278	5988459.5927	2.0045e+01
532	56038.8410	-29105.3834	734001.8410	3503057.6166	5988459.5927	1.9568e+01
533	56130.4439	-29145.4945	734093.4439	3503017.5055	5988459.5927	1.9103e+01
534	56222.0469	-29185.6056	734185.0469	3502977.3944	5988459.5927	1.8648e+01
535	56313.6498	-29225.7167	734276.6498	3502937.2833	5988459.5927	1.8205e+01
536	56405.2528	-29265.8278	734368.2528	3502897.1722	5988459.5927	1.7772e+01
537	56496.8557	-29305.9389	734459.8557	3502857.0611	5988459.5927	1.7349e+01
538	56588.4587	-29346.0500	734551.4587	3502816.9500	5988459.5927	1.6937e+01
539	56680.0616	-29386.1611	734643.0616	3502776.8389	5988459.5927	1.6534e+01
540	56771.6645	-29426.2722	734734.6645	3502736.7278	5988459.5927	1.6141e+01
541	56863.2675	-29466.3833	734826.2675	3502696.6167	5988459.5927	1.5758e+01
542	56954.8704	-29506.4944	734917.8704	3502656.5056	5988459.5927	1.5383e+01
543	57046.4734	-29546.6055	735009.4734	3502616.3945	5988459.5927	1.5018e+01
544	57138.0763	-29586.7167	735101.0763	3502576.2833	5988459.5927	1.4661e+01
545	57229.6792	-29626.8278	735192.6792	3502536.1722	5988459.5927	1.4313e+01
546	57321.2822	-29666.9389	735284.2822	3502496.0611	5988459.5927	1.3973e+01
547	57412.8851	-29707.0500	735375.8851	3502455.9500	5988459.5927	1.3641e+01
548	57504.4881	-29747.1611	735467.4881	3502415.8389	5988459.5927	1.3317e+01
549	57596.0910	-29787.2722	735559.0910	3502375.7278	5988459.5927	1.3001e+01
550	57687.6940	-29827.3833	735650.6940	3502335.6167	5988459.5927	1.2693e+01
551	57779.2969	-29867.4944	735742.2969	3502295.5056	5988459.5927	1.2391e+01
552	57870.8998	-29907.6055	735833.8998	3502255.3945	5988459.5927	1.2097e+01
553	57962.5028	-29947.7166	735925.5028	3502215.2834	5988459.5927	1.1810e+01
554	58054.1057	-29987.8277	736017.1057	3502175.1723	5988459.5927	1.1530e+01
555	58145.7087	-30027.9389	736108.7087	3502135.0611	5988459.5927	1.1257e+01
556	58237.3116	-30068.0500	736200.3116	3502094.9500	5988459.5927	1.0990e+01
557	58328.9145	-30108.1611	736291.9145	3502054.8389	5988459.5927	1.0729e+01
558	58420.5175	-30148.2722	736383.5175	3502014.7278	5988459.5927	1.0475e+01
559	58512.1204	-30188.3833	736475.1204	3501974.6167	5988459.5927	1.0226e+01
560	58603.7234	-30228.4944	736566.7234	3501934.5056	5988459.5927	9.9841e+00
561	58695.3263	-30268.6055	736658.3263	3501894.3945	5988459.5927	9.7474e+00
562	58786.9293	-30308.7166	736749.9293	3501854.2834	5988459.5927	9.5164e+00
563	58878.5322	-30348.8277	736841.5322	3501814.1723	5988459.5927	9.2909e+00
564	58970.1351	-30388.9388	736933.1351	3501774.0612	5988459.5927	9.0708e+00
565	59061.7381	-30429.0499	737024.7381	3501733.9501	5988459.5927	8.8560e+00
566	59153.3410	-30469.1610	737116.3410	3501693.8390	5988459.5927	8.6462e+00
567	59244.9440	-30509.2722	737207.9440	3501653.7278	5988459.5927	8.4414e+00
568	59336.5469	-30549.3833	737299.5469	3501613.6167	5988459.5927	8.2415e+00
569	59428.1499	-30589.4944	737391.1499	3501573.5056	5988459.5927	8.0464e+00
570	59519.7528	-30629.6055	737482.7528	3501533.3945	5988459.5927	7.8559e+00
571	59611.3557	-30669.7166	737574.3557	3501493.2834	5988459.5927	7.6700e+00
572	59702.9587	-30709.8277	737665.9587	3501453.1723	5988459.5927	7.4884e+00
573	59794.5616	-30749.9388	737757.5616	3501413.0612	5988459.5927	7.3112e+00
574	59886.1646	-30790.0499	737849.1646	3501372.9501	5988459.5927	7.1382e+00
575	59977.7675	-30830.1610	737940.7675	3501332.8390	5988459.5927	6.9693e+00
576	60069.3704	-30870.2721	738032.3704	3501292.7279	5988459.5927	6.8045e+00
577	60160.9734	-30910.3832	738123.9734	3501252.6168	5988459.5927	6.6435e+00
578	60252.5763	-30950.4943	738215.5763	3501212.5057	5988459.5927	6.4864e+00
579	60344.1793	-30990.6055	738307.1793	3501172.3945	5988459.5927	6.3330e+00
580	60435.7822	-31030.7166	738398.7822	3501132.2834	5988459.5927	6.1832e+00
581	60527.3852	-31070.8277	738490.3852	3501092.1723	5988459.5927	6.0371e+00
582	60618.9881	-31110.9388	738581.9881	3501052.0612	5988459.5927	5.8943e+00
583	60710.5910	-31151.0499	738673.5910	3501011.9501	5988459.5927	5.7550e+00
584	60802.1940	-31191.1610	738765.1940	3500971.8390	5988459.5927	5.6190e+00
585	60893.7969	-31231.2721	738856.7969	3500931.7279	5988459.5927	5.4862e+00
586	60985.3999	-31271.3832	738948.3999	3500891.6168	5988459.5927	5.3566e+00
587	61077.0028	-31311.4943	739040.0028	3500851.5057	5988459.5927	5.2300e+00
588	61168.6057	-31351.6054	739131.6057	3500811.3946	5988459.5927	5.1065e+00
589	61260.2087	-31391.7165	739223.2087	3500771.2835	5988459.5927	4.9859e+00
590	61351.8116	-31431.8277	739314.8116	3500731.1723	5988459.5927	4.8681e+00
591	61443.4146	-31471.9388	739406.4146	3500691.0612	5988459.5927	4.7532e+00
592	61535.0175	-31512.0499	739498.0175	3500650.9501	5988459.5927	4.6409e+00
593	61626.6205	-31552.1610	739589.6205	3500610.8390	5988459.5927	4.5314e+00
594	61718.2234	-31592.2721	739681.2234	3500570.7279	5988459.5927	4.4244e+00
595	61809.8263	-31632.3832	739772.8263	3500530.6168	5988459.5927	4.3199e+00
596	61901.4293	-31672.4943	739864.4293	3500490.5057	5988459.5927	4.2180e+00
597	61993.0322	-31712.6054	739956.0322	3500450.3946	5988459.5927	4.1184e+00
598	62084.6352	-31752.7165	740047.6352	3500410.2835	5988459.5927	4.0213e+00
599	62176.2381	-31792.8276	740139.2381	3500370.1724	5988459.5927	3.9264e+00
600	62267.8411	-31832.9387	740230.8411	3500330.0613	5988459.5927	3.8338e+00
601	62359.4440	-31873.0498	740322.4440	3500289.9502	5988459.5927	3.7433e+00
602	62451.0469	-31913.1610	740414.0469	3500249.8390	5988459.5927	3.6550e+00
603	62542.6499	-31953.2721	740505.6499	3500209.7279	5988459.5927	3.5688e+00
604	62634.2528	-31993.3832	740597.2528	3500169.6168	5988459.5927	3.4847e+00
605	62725.8558	-32033.4943	740688.8558	3500129.5057	5988459.5927	3.4025e+00
606	62817.4587	-32073.6054	740780.4587	3500089.3946	5988459.5927	3.3223e+00
607	62909.0616	-32113.7165	740872.0616	3500049.2835	5988459.5927	3.2440e+00
608	63000.6646	-32153.8276	740963.6646	3500009.1724	5988459.5927	3.1675e+00
609	63092.2675	-32193.9387	741055.2675	3499969.0613	5988459.5927	3.0929e+00
610	63183.8705	-32234.0498	741146.8705	3499928.9502	5988459.5927	3.0200e+00
611	63275.4734	-32274.1609	741238.4734	3499888.8391	5988459.5927	2.9488e+00
612	63367.0764	-32314.2720	741330.0764	3499848.7280	5988459.5927	2.8794e+00
613	63458.6793	-32354.3832	741421.6793	3499808.6168	5988459.5927	2.8115e+00
614	63550.2822	-32394.4943	741513.2822	3499768.5057	5988459.5927	2.7453e+00
615	63641.8852	-32434.6054	741604.8852	3499728.3946	5988459.5927	2.6806e+00
616	63733.4881	-32474.7165	741696.4881	3499688.2835	5988459.5927	2.6175e+00
617	63825.0911	-32514.8276	741788.0911	3499648.1724	5988459.5927	2.5559e+00
618	63916.6940	-32554.9387	741879.6940	3499608.0613	5988459.5927	2.4957e+00
619	64008.2969	-32595.0498	741971.2969	3499567.9502	5988459.5927	2.4369e+00
620	64099.8999	-32635.1609	742062.8999	3499527.8391	5988459.5927	2.3796e+00
621	64191.5028	-32675.2720	742154.5028	3499487.7280	5988459.5927	2.3235e+00
622	64283.1058	-32715.3831	742246.1058	3499447.6169	5988459.5927	2.2689e+00
623	64374.7087	-32755.4942	742337.7087	3499407.5058	5988459.5927	2.2155e+00
624	64466.3117	-32795.6053	742429.3117	3499367.3947	5988459.5927	2.1633e+00
625	64557.9146	-32835.7165	742520.9146	3499327.2835	5988459.5927	2.1124e+00
626	64649.5175	-32875.8276	742612.5175	3499287.1724	5988459.5927	2.0627e+00
627	64741.1205	-32915.9387	742704.1205	3499247.0613	5988459.5927	2.0142e+00
628	64832.7234	-32956.0498	742795.7234	3499206.9502	5988459.5927	1.9668e+00
629	64924.3264	-32996.1609	742887.3264	3499166.8391	5988459.5927	1.9206e+00
630	65015.9293	-33036.2720	742978.9293	3499126.7280	5988459.5927	1.8754e+00
631	65107.5322	-33076.3831	743070.5322	3499086.6169	5988459.5927	1.8313e+00
632	65199.1352	-33116.4942	743162.1352	3499046.5058	5988459.5927	1.7882e+00
633	65290.7381	-33156.6053	743253.7381	3499006.3947	5988459.5927	1.7462e+00
634	65382.3411	-33196.7164	743345.3411	3498966.2836	5988459.5927	1.7052e+00
635	65473.9440	-33236.8275	743436.9440	3498926.1725	5988459.5927	1.6651e+00
636	65565.5470	-33276.9386	743528.5470	3498886.0614	5988459.5927	1.6259e+00
637	65657.1499	-33317.0498	743620.1499	3498845.9502	5988459.5927	1.5877e+00
638	65748.7528	-33357.1609	743711.7528	3498805.8391	5988459.5927	1.5504e+00
639	65840.3558	-33397.2720	743803.3558	3498765.7280	5988459.5927	1.5140e+00
640	65931.9587	-33437.3831	743894.9587	3498725.6169	5988459.5927	1.4784e+00
641	66023.5617	-33477.4942	743986.5617	3498685.5058	5988459.5927	1.4437e+00
642	66115.1646	-33517.6053	744078.1646	3498645.3947	5988459.5927	1.4098e+00
643	66206.7676	-33557.7164	744169.7676	3498605.2836	5988459.5927	1.3767e+00
644	66298.3705	-33597.8275	744261.3705	3498565.1725	5988459.5927	1.3443e+00
645	66389.9734	-33637.9386	744352.9734	3498525.0614	5988459.5927	1.3128e+00
646	66481.5764	-33678.0497	744444.5764	3498484.9503	5988459.5927	1.2819e+00
647	66573.1793	-33718.1608	744536.1793	3498444.8392	5988459.5927	1.2518e+00
648	66664.7823	-33758.2720	744627.7823	3498404.7280	5988459.5927	1.2224e+00
649	66756.3852	-33798.3831	744719.3852	3498364.6169	5988459.5927	1.1938e+00
650	66847.9881	-33838.4942	744810.9881	3498324.5058	5988459.5927	1.1657e+00
651	66939.5911	-33878.6053	744902.5911	3498284.3947	5988459.5927	1.1384e+00
652	67031.1940	-33918.7164	744994.1940	3498244.2836	5988459.5927	1.1117e+00
653	67122.7970	-33958.8275	745085.7970	3498204.1725	5988459.5927	1.0856e+00
654	67214.3999	-33998.9386	745177.3999	3498164.0614	5988459.5927	1.0601e+00
655	67306.0029	-34039.0497	745269.0029	3498123.9503	5988459.5927	1.0352e+00
656	67397.6058	-34079.1608	745360.6058	3498083.8392	5988459.5927	1.0109e+00
657	67489.2087	-34119.2719	745452.2087	3498043.7281	5988459.5927	9.8723e-01
658	67580.8117	-34159.3830	745543.8117	3498003.6170	5988459.5927	9.6407e-01
659	67672.4146	-34199.4941	745635.4146	3497963.5059	5988459.5927	9.4146e-01
660	67764.0176	-34239.6053	745727.0176	3497923.3947	5988459.5927	9.1938e-01
661	67855.6205	-34279.7164	745818.6205	3497883.2836	5988459.5927	8.9782e-01
662	67947.2234	-34319.8275	745910.2234	3497843.1725	5988459.5927	8.7677e-01
663	68038.8264	-34359.9386	746001.8264	3497803.0614	5988459.5927	8.5621e-01
664	68130.4293	-34400.0497	746093.4293	3497762.9503	5988459.5927	8.3614e-01
665	68222.0323	-34440.1608	746185.0323	3497722.8392	5988459.5927	8.1654e-01
666	68313.6352	-34480.2719	746276.6352	3497682.7281	5988459.5927	7.9740e-01
667	68405.2382	-34520.3830	746368.2382	3497642.6170	5988459.5927	7.7872e-01
668	68496.8411	-34560.4941	746459.8411	3497602.5059	5988459.5927	7.6047e-01
669	68588.4440	-34600.6052	746551.4440	3497562.3948	5988459.5927	7.4265e-01
670	68680.0470	-34640.7163	746643.0470	3497522.2837	5988459.5927	7.2525e-01
671	68771.6499	-34680.8275	746734.6499	3497482.1725	5988459.5927	7.0825e-01
672	68863.2529	-34720.9386	746826.2529	3497442.0614	5988459.5927	6.9166e-01
673	68954.8558	-34761.0497	746917.8558	3497401.9503	5988459.5927	6.7546e-01
674	69046.4588	-34801.1608	747009.4588	3497361.8392	5988459.5927	6.5964e-01
675	69138.0617	-34841.2719	747101.0617	3497321.7281	5988459.5927	6.4419e-01
676	69229.6646	-34881.3830	747192.6646	3497281.6170	5988459.5927	6.2910e-01
677	69321.2676	-34921.4941	747284.2676	3497241.5059	5988459.5927	6.1437e-01
678	69412.8705	-34961.6052	747375.8705	3497201.3948	5988459.5927	5.9999e-01
679	69504.4735	-35001.7163	747467.4735	3497161.2837	5988459.5927	5.8594e-01
680	69596.0764	-35041.8274	747559.0764	3497121.1726	5988459.5927	5.7222e-01
681	69687.6793	-35081.9385	747650.6793	3497081.0615	5988459.5927	5.5883e-01
682	69779.2823	-35122.0496	747742.2823	3497040.9504	5988459.5927	5.4575e-01
683	69870.8852	-35162.1608	747833.8852	3497000.8392	5988459.5927	5.3297e-01
684	69962.4882	-35202.2719	747925.4882	3496960.7281	5988459.5927	5.2050e-01
685	70054.0911	-35242.3830	748017.0911	3496920.6170	5988459.5927	5.0832e-01
686	70145.6941	-35282.4941	748108.6941	3496880.5059	5988459.5927	4.9643e-01
687	70237.2970	-35322.6052	748200.2970	3496840.3948	5988459.5927	4.8481e-01
688	70328.8999	-35362.7163	748291.8999	3496800.2837	5988459.5927	4.7347e-01
689	70420.5029	-35402.8274	748383.5029	3496760.1726	5988459.5927	4.6239e-01
690	70512.1058	-35442.9385	748475.1058	3496720.0615	5988459.5927	4.5158e-01
691	70603.7088	-35483.0496	748566.7088	3496679.9504	5988459.5927	4.4101e-01
692	70695.3117	-35523.1607	748658.3117	3496639.8393	5988459.5927	4.3070e-01
693	70786.9146	-35563.2718	748749.9146	3496599.7282	5988459.5927	4.2063e-01
694	70878.5176	-35603.3829	748841.5176	3496559.6171	5988459.5927	4.1079e-01
695	70970.1205	-35643.4941	748933.1205	3496519.5059	5988459.5927	4.0119e-01
696	71061.7235	-35683.6052	749024.7235	3496479.3948	5988459.5927	3.9181e-01
697	71153.3264	-35723.7163	749116.3264	3496439.2837	5988459.5927	3.8265e-01
698	71244.9294	-35763.8274	749207.9294	3496399.1726	5988459.5927	3.7370e-01
699	71336.5323	-35803.9385	749299.5323	3496359.0615	5988459.5927	3.6497e-01
700	71428.1352	-35844.0496	749391.1352	3496318.9504	5988459.5927	3.5644e-01
701	71519.7382	-35884.1607	749482.7382	3496278.8393	5988459.5927	3.4811e-01
702	71611.3411	-35924.2718	749574.3411	3496238.7282	5988459.5927	3.3997e-01
703	71702.9441	-35964.3829	749665.9441	3496198.6171	5988459.5927	3.3203e-01
704	71794.5470	-36004.4940	749757.5470	3496158.5060	5988459.5927	3.2427e-01
705	71886.1500	-36044.6051	749849.1500	3496118.3949	5988459.5927	3.1669e-01
706	71977.7529	-36084.7163	749940.7529	3496078.2837	5988459.5927	3.0929e-01
707	72069.3558	-36124.8274	750032.3558	3496038.1726	5988459.5927	3.0207e-01
708	72160.9588	-36164.9385	750123.9588	3495998.0615	5988459.5927	2.9501e-01
709	72252.5617	-36205.0496	750215.5617	3495957.9504	5988459.5927	2.8812e-01
710	72344.1647	-36245.1607	750307.1647	3495917.8393	5988459.5927	2.8139e-01
711	72435.7676	-36285.2718	750398.7676	3495877.7282	5988459.5927	2.7482e-01
712	72527.3705	-36325.3829	750490.3705	3495837.6171	5988459.5927	2.6840e-01
713	72618.9735	-36365.4940	750581.9735	3495797.5060	5988459.5927	2.6214e-01
714	72710.5764	-36405.6051	750673.5764	3495757.3949	5988459.5927	2.5602e-01
715	72802.1794	-36445.7162	750765.1794	3495717.2838	5988459.5927	2.5004e-01
716	72893.7823	-36485.8273	750856.7823	3495677.1727	5988459.5927	2.4420e-01
717	72985.3853	-36525.9384	750948.3853	3495637.0616	5988459.5927	2.3850e-01
718	73076.9882	-36566.0496	751039.9882	3495596.9504	5988459.5927	2.3293e-01
719	73168.5911	-36606.1607	751131.5911	3495556.8393	5988459.5927	2.2750e-01
720	73260.1941	-36646.2718	751223.1941	3495516.7282	5988459.5927	2.2219e-01
721	73351.7970	-36686.3829	751314.7970	3495476.6171	5988459.5927	2.1700e-01
722	73443.4000	-36726.4940	751406.4000	3495436.5060	5988459.5927	2.1194e-01
723	73535.0029	-36766.6051	751498.0029	3495396.3949	5988459.5927	2.0700e-01
724	73626.6058	-36806.7162	751589.6058	3495356.2838	5988459.5927	2.0217e-01
725	73718.2088	-36846.8273	751681.2088	3495316.1727	5988459.5927	1.9745e-01
726	73809.8117	-36886.9384	751772.8117	3495276.0616	5988459.5927	1.9284e-01
727	73901.4147	-36927.0495	751864.4147	3495235.9505	5988459.5927	1.8835e-01
728	73993.0176	-36967.1606	751956.0176	3495195.8394	5988459.5927	1.8395e-01
729	74084.6206	-37007.2717	752047.6206	3495155.7283	5988459.5927	1.7966e-01
730	74176.2235	-37047.3829	752139.2235	3495115.6171	5988459.5927	1.7547e-01
731	74267.8264	-37087.4940	752230.8264	3495075.5060	5988459.5927	1.7138e-01
732	74359.4294	-37127.6051	752322.4294	3495035.3949	5988459.5927	1.6738e-01
733	74451.0323	-37167.7162	752414.0323	3494995.2838	5988459.5927	1.6348e-01
734	74542.6353	-37207.8273	752505.6353	3494955.1727	5988459.5927	1.5967e-01
735	74634.2382	-37247.9384	752597.2382	3494915.0616	5988459.5927	1.5595e-01
736	74725.8412	-37288.0495	752688.8412	3494874.9505	5988459.5927	1.5231e-01
737	74817.4441	-37328.1606	752780.4441	3494834.8394	5988459.5927	1.4876e-01
738	74909.0470	-37368.2717	752872.0470	3494794.7283	5988459.5927	1.4529e-01
739	75000.6500	-37408.3828	752963.6500	3494754.6172	5988459.5927	1.4191e-01
740	75092.2529	-37448.4939	753055.2529	3494714.5061	5988459.5927	1.3860e-01
741	75183.8559	-37488.6051	753146.8559	3494674.3949	5988459.5927	1.3537e-01
742	75275.4588	-37528.7162	753238.4588	3494634.2838	5988459.5927	1.3222e-01
743	75367.0617	-37568.8273	753330.0617	3494594.1727	5988459.5927	1.2914e-01
744	75458.6647	-37608.9384	753421.6647	3494554.0616	5988459.5927	1.2613e-01
745	75550.2676	-37649.0495	753513.2676	3494513.9505	5988459.5927	1.2319e-01
746	75641.8706	-37689.1606	753604.8706	3494473.8394	5988459.5927	1.2032e-01
747	75733.4735	-37729.2717	753696.4735	3494433.7283	5988459.5927	1.1752e-01
748	75825.0765	-37769.3828	753788.0765	3494393.6172	5988459.5927	1.1478e-01
749	75916.6794	-37809.4939	753879.6794	3494353.5061	5988459.5927	1.1211e-01
750	76008.2823	-37849.6050	753971.2823	3494313.3950	5988459.5927	1.0950e-01
751	76099.8853	-37889.7161	754062.8853	3494273.2839	5988459.5927	1.0695e-01
752	76191.4882	-37929.8272	754154.4882	3494233.1728	5988459.5927	1.0446e-01
753	76283.0912	-37969.9384	754246.0912	3494193.0616	5988459.5927	1.0202e-01
754	76374.6941	-38010.0495	754337.6941	3494152.9505	5988459.5927	9.9648e-02
755	76466.2970	-38050.1606	754429.2970	3494112.8394	5988459.5927	9.7329e-02
756	76557.9000	-38090.2717	754520.9000	3494072.7283	5988459.5927	9.5063e-02
757	76649.5029	-38130.3828	754612.5029	3494032.6172	5988459.5927	9.2850e-02
758	76741.1059	-38170.4939	754704.1059	3493992.5061	5988459.5927	9.0689e-02
759	76832.7088	-38210.6050	754795.7088	3493952.3950	5988459.5927	8.8578e-02
760	76924.3118	-38250.7161	754887.3118	3493912.2839	5988459.5927	8.6516e-02
761	77015.9147	-38290.8272	754978.9147	3493872.1728	5988459.5927	8.4503e-02
762	77107.5176	-38330.9383	755070.5176	3493832.0617	5988459.5927	8.2537e-02
763	77199.1206	-38371.0494	755162.1206	3493791.9506	5988459.5927	8.0616e-02
764	77290.7235	-38411.1606	755253.7235	3493751.8394	5988459.5927	7.8740e-02
765	77382.3265	-38451.2717	755345.3265	3493711.7283	5988459.5927	7.6908e-02
766	77473.9294	-38491.3828	755436.9294	3493671.6172	5988459.5927	7.5119e-02
767	77565.5323	-38531.4939	755528.5323	3493631.5061	5988459.5927	7.3372e-02
768	77657.1353	-38571.6050	755620.1353	3493591.3950	5988459.5927	7.1665e-02
769	77748.7382	-38611.7161	755711.7382	3493551.2839	5988459.5927	6.9998e-02
770	77840.3412	-38651.8272	755803.3412	3493511.1728	5988459.5927	6.8370e-02
771	77931.9441	-38691.9383	755894.9441	3493471.0617	5988459.5927	6.6780e-02
772	78023.5471	-38732.0494	755986.5471	3493430.9506	5988459.5927	6.5227e-02
773	78115.1500	-38772.1605	756078.1500	3493390.8395	5988459.5927	6.3710e-02
774	78206.7529	-38812.2716	756169.7529	3493350.7284	5988459.5927	6.2229e-02
775	78298.3559	-38852.3827	756261.3559	3493310.6173	5988459.5927	6.0782e-02
776	78389.9588	-38892.4939	756352.9588	3493270.5061	5988459.5927	5.9369e-02
777	78481.5618	-38932.6050	756444.5618	3493230.3950	5988459.5927	5.7988e-02
778	78573.1647	-38972.7161	756536.1647	3493190.2839	5988459.5927	5.6640e-02
779	78664.7677	-39012.8272	756627.7677	3493150.1728	5988459.5927	5.5324e-02
780	78756.3706	-39052.9383	756719.3706	3493110.0617	5988459.5927	5.4038e-02
781	78847.9735	-39093.0494	756810.9735	3493069.9506	5988459.5927	5.2782e-02
782	78939.5765	-39133.1605	756902.5765	3493029.8395	5988459.5927	5.1555e-02
783	79031.1794	-39173.2716	756994.1794	3492989.7284	5988459.5927	5.0357e-02
784	79122.7824	-39213.3827	757085.7824	3492949.6173	5988459.5927	4.9187e-02
785	79214.3853	-39253.4938	757177.3853	3492909.5062	5988459.5927	4.8044e-02
786	79305.9882	-39293.6049	757268.9882	3492869.3951	5988459.5927	4.6928e-02
787	79397.5912	-39333.7160	757360.5912	3492829.2840	5988459.5927	4.5837e-02
788	79489.1941	-39373.8272	757452.1941	3492789.1728	5988459.5927	4.4772e-02
789	79580.7971	-39413.9383	757543.7971	3492749.0617	5988459.5927	4.3732e-02
790	79672.4000	-39454.0494	757635.4000	3492708.9506	5988459.5927	4.2716e-02
791	79764.0030	-39494.1605	757727.0030	3492668.8395	5988459.5927	4.1724e-02
792	79855.6059	-39534.2716	757818.6059	3492628.7284	5988459.5927	4.0755e-02
793	79947.2088	-39574.3827	757910.2088	3492588.6173	5988459.5927	3.9808e-02
794	80038.8118	-39614.4938	758001.8118	3492548.5062	5988459.5927	3.8884e-02
795	80130.4147	-39654.6049	758093.4147	3492508.3951	5988459.5927	3.7981e-02
796	80222.0177	-39694.7160	758185.0177	3492468.2840	5988459.5927	3.7099e-02
797	80313.6206	-39734.8271	758276.6206	3492428.1729	5988459.5927	3.6237e-02
798	80405.2235	-39774.9382	758368.2235	3492388.0618	5988459.5927	3.5396e-02
799	80496.8265	-39815.0494	758459.8265	3492347.9506	5988459.5927	3.4574e-02
800	80588.4294	-39855.1605	758551.4294	3492307.8395	5988459.5927	3.3771e-02
801	80680.0324	-39895.2716	758643.0324	3492267.7284	5988459.5927	3.2987e-02
802	80771.6353	-39935.3827	758734.6353	3492227.6173	5988459.5927	3.2222e-02
803	80863.2383	-39975.4938	758826.2383	3492187.5062	5988459.5927	3.1474e-02
804	80954.8412	-40015.6049	758917.8412	3492147.3951	5988459.5927	3.0743e-02
805	81046.4441	-40055.7160	759009.4441	3492107.2840	5988459.5927	3.0030e-02
806	81138.0471	-40095.8271	759101.0471	3492067.1729	5988459.5927	2.9333e-02
807	81229.6500	-40135.9382	759192.6500	3492027.0618	5988459.5927	2.8652e-02
808	81321.2530	-40176.0493	759284.2530	3491986.9507	5988459.5927	2.7987e-02
809	81412.8559	-40216.1604	759375.8559	3491946.8396	5988459.5927	2.7338e-02
810	81504.4589	-40256.2715	759467.4589	3491906.7285	5988459.5927	2.6703e-02
811	81596.0618	-40296.3827	759559.0618	3491866.6173	5988459.5927	2.6084e-02
812	81687.6647	-40336.4938	759650.6647	3491826.5062	5988459.5927	2.5479e-02
813	81779.2677	-40376.6049	759742.2677	3491786.3951	5988459.5927	2.4888e-02
814	81870.8706	-40416.7160	759833.8706	3491746.2840	5988459.5927	2.4310e-02
815	81962.4736	-40456.8271	759925.4736	3491706.1729	5988459.5927	2.3746e-02
816	82054.0765	-40496.9382	760017.0765	3491666.0618	5988459.5927	2.3196e-02
817	82145.6794	-40537.0493	760108.6794	3491625.9507	5988459.5927	2.2658e-02
818	82237.2824	-40577.1604	760200.2824	3491585.8396	5988459.5927	2.2132e-02
819	82328.8853	-40617.2715	760291.8853	3491545.7285	5988459.5927	2.1619e-02
820	82420.4883	-40657.3826	760383.4883	3491505.6174	5988459.5927	2.1117e-02
821	82512.0912	-40697.4937	760475.0912	3491465.5063	5988459.5927	2.0628e-02
822	82603.6942	-40737.6049	760566.6942	3491425.3951	5988459.5927	2.0149e-02
823	82695.2971	-40777.7160	760658.2971	3491385.2840	5988459.5927	1.9682e-02
824	82786.9000	-40817.8271	760749.9000	3491345.1729	5988459.5927	1.9226e-02
825	82878.5030	-40857.9382	760841.5030	3491305.0618	5988459.5927	1.8780e-02
826	82970.1059	-40898.0493	760933.1059	3491264.9507	5988459.5927	1.8345e-02
827	83061.7089	-40938.1604	761024.7089	3491224.8396	5988459.5927	1.7920e-02
828	83153.3118	-40978.2715	761116.3118	3491184.7285	5988459.5927	1.7504e-02
829	83244.9147	-41018.3826	761207.9147	3491144.6174	5988459.5927	1.7098e-02
830	83336.5177	-41058.4937	761299.5177	3491104.5063	5988459.5927	1.6702e-02
831	83428.1206	-41098.6048	761391.1206	3491064.3952	5988459.5927	1.6315e-02
832	83519.7236	-41138.7159	761482.7236	3491024.2841	5988459.5927	1.5937e-02
833	83611.3265	-41178.8270	761574.3265	3490984.1730	5988459.5927	1.5568e-02
834	83702.9295	-41218.9382	761665.9295	3490944.0618	5988459.5927	1.5207e-02
835	83794.5324	-41259.0493	761757.5324	3490903.9507	5988459.5927	1.4854e-02
836	83886.1353	-41299.1604	761849.1353	3490863.8396	5988459.5927	1.4510e-02
837	83977.7383	-41339.2715	761940.7383	3490823.7285	5988459.5927	1.4174e-02
838	84069.3412	-41379.3826	762032.3412	3490783.6174	5988459.5927	1.3846e-02
839	84160.9442	-41419.4937	762123.9442	3490743.5063	5988459.5927	1.3525e-02
840	84252.5471	-41459.6048	762215.5471	3490703.3952	5988459.5927	1.3212e-02
841	84344.1501	-41499.7159	762307.1501	3490663.2841	5988459.5927	1.2906e-02
842	84435.7530	-41539.8270	762398.7530	3490623.1730	5988459.5927	1.2607e-02
843	84527.3559	-41579.9381	762490.3559	3490583.0619	5988459.5927	1.2315e-02
844	84618.9589	-41620.0492	762581.9589	3490542.9508	5988459.5927	1.2029e-02
845	84710.5618	-41660.1603	762673.5618	3490502.8397	5988459.5927	1.1751e-02
846	84802.1648	-41700.2715	762765.1648	3490462.7285	5988459.5927	1.1479e-02
847	84893.7677	-41740.3826	762856.7677	3490422.6174	5988459.5927	1.1213e-02
848	84985.3706	-41780.4937	762948.3706	3490382.5063	5988459.5927	1.0953e-02
849	85076.9736	-41820.6048	763039.9736	3490342.3952	5988459.5927	1.0700e-02
850	85168.5765	-41860.7159	763131.5765	3490302.2841	5988459.5927	1.0452e-02
851	85260.1795	-41900.8270	763223.1795	3490262.1730	5988459.5927	1.0210e-02
852	85351.7824	-41940.9381	763314.7824	3490222.0619	5988459.5927	9.9736e-03
853	85443.3854	-41981.0492	763406.3854	3490181.9508	5988459.5927	9.7427e-03
854	85534.9883	-42021.1603	763497.9883	3490141.8397	5988459.5927	9.5171e-03
855	85626.5912	-42061.2714	763589.5912	3490101.7286	5988459.5927	9.2968e-03
856	85718.1942	-42101.3825	763681.1942	3490061.6175	5988459.5927	9.0816e-03
857	85809.7971	-42141.4937	763772.7971	3490021.5063	5988459.5927	8.8714e-03
858	85901.4001	-42181.6048	763864.4001	3489981.3952	5988459.5927	8.6661e-03
859	85993.0030	-42221.7159	763956.0030	3489941.2841	5988459.5927	8.4655e-03
860	86084.6059	-42261.8270	764047.6059	3489901.1730	5988459.5927	8.2696e-03
861	86176.2089	-42301.9381	764139.2089	3489861.0619	5988459.5927	8.0783e-03
862	86267.8118	-42342.0492	764230.8118	3489820.9508	5988459.5927	7.8913e-03
863	86359.4148	-42382.1603	764322.4148	3489780.8397	5988459.5927	7.7087e-03
864	86451.0177	-42422.2714	764414.0177	3489740.7286	5988459.5927	7.5304e-03
865	86542.6207	-42462.3825	764505.6207	3489700.6175	5988459.5927	7.3562e-03
866	86634.2236	-42502.4936	764597.2236	3489660.5064	5988459.5927	7.1860e-03
867	86725.8265	-42542.6047	764688.8265	3489620.3953	5988459.5927	7.0197e-03
868	86817.4295	-42582.7158	764780.4295	3489580.2842	5988459.5927	6.8573e-03
869	86909.0324	-42622.8270	764872.0324	3489540.1730	5988459.5927	6.6987e-03
870	87000.6354	-42662.9381	764963.6354	3489500.0619	5988459.5927	6.5438e-03
871	87092.2383	-42703.0492	765055.2383	3489459.9508	5988459.5927	6.3924e-03
872	87183.8412	-42743.1603	765146.8412	3489419.8397	5988459.5927	6.2446e-03
873	87275.4442	-42783.2714	765238.4442	3489379.7286	5988459.5927	6.1001e-03
874	87367.0471	-42823.3825	765330.0471	3489339.6175	5988459.5927	5.9591e-03
875	87458.6501	-42863.4936	765421.6501	3489299.5064	5988459.5927	5.8213e-03
876	87550.2530	-42903.6047	765513.2530	3489259.3953	5988459.5927	5.6866e-03
877	87641.8560	-42943.7158	765604.8560	3489219.2842	5988459.5927	5.5551e-03
878	87733.4589	-42983.8269	765696.4589	3489179.1731	5988459.5927	5.4267e-03
879	87825.0618	-43023.9380	765788.0618	3489139.0620	5988459.5927	5.3012e-03
880	87916.6648	-43064.0492	765879.6648	3489098.9508	5988459.5927	5.1787e-03
881	88008.2677	-43104.1603	765971.2677	3489058.8397	5988459.5927	5.0589e-03
882	88099.8707	-43144.2714	766062.8707	3489018.7286	5988459.5927	4.9420e-03
883	88191.4736	-43184.3825	766154.4736	3488978.6175	5988459.5927	4.8277e-03
884	88283.0766	-43224.4936	766246.0766	3488938.5064	5988459.5927	4.7161e-03
885	88374.6795	-43264.6047	766337.6795	3488898.3953	5988459.5927	4.6071e-03
886	88466.2824	-43304.7158	766429.2824	3488858.2842	5988459.5927	4.5006e-03
887	88557.8854	-43344.8269	766520.8854	3488818.1731	5988459.5927	4.3966e-03
888	88649.4883	-43384.9380	766612.4883	3488778.0620	5988459.5927	4.2950e-03
889	88741.0913	-43425.0491	766704.0913	3488737.9509	5988459.5927	4.1958e-03
890	88832.6942	-43465.1602	766795.6942	3488697.8398	5988459.5927	4.0988e-03
891	88924.2971	-43505.2713	766887.2971	3488657.7287	5988459.5927	4.0041e-03
892	89015.9001	-43545.3825	766978.9001	3488617.6175	5988459.5927	3.9116e-03
893	89107.5030	-43585.4936	767070.5030	3488577.5064	5988459.5927	3.8212e-03
894	89199.1060	-43625.6047	767162.1060	3488537.3953	5988459.5927	3.7329e-03
895	89290.7089	-43665.7158	767253.7089	3488497.2842	5988459.5927	3.6466e-03
896	89382.3119	-43705.8269	767345.3119	3488457.1731	5988459.5927	3.5624e-03
897	89473.9148	-43745.9380	767436.9148	3488417.0620	5988459.5927	3.4801e-03
898	89565.5177	-43786.0491	767528.5177	3488376.9509	5988459.5927	3.3997e-03
899	89657.1207	-43826.1602	767620.1207	3488336.8398	5988459.5927	3.3212e-03
900	89748.7236	-43866.2713	767711.7236	3488296.7287	5988459.5927	3.2444e-03
901	89840.3266	-43906.3824	767803.3266	3488256.6176	5988459.5927	3.1695e-03
902	89931.9295	-43946.4935	767894.9295	3488216.5065	5988459.5927	3.0963e-03
903	90023.5324	-43986.6046	767986.5324	3488176.3954	5988459.5927	3.0248e-03
904	90115.1354	-44026.7158	768078.1354	3488136.2842	5988459.5927	2.9549e-03
905	90206.7383	-44066.8269	768169.7383	3488096.1731	5988459.5927	2.8867e-03
906	90298.3413	-44106.9380	768261.3413	3488056.0620	5988459.5927	2.8200e-03
907	90389.9442	-44147.0491	768352.9442	3488015.9509	5988459.5927	2.7549e-03
908	90481.5472	-44187.1602	768444.5472	3487975.8398	5988459.5927	2.6913e-03
909	90573.1501	-44227.2713	768536.1501	3487935.7287	5988459.5927	2.6291e-03
910	90664.7530	-44267.3824	768627.7530	3487895.6176	5988459.5927	2.5684e-03
911	90756.3560	-44307.4935	768719.3560	3487855.5065	5988459.5927	2.5091e-03
912	90847.9589	-44347.6046	768810.9589	3487815.3954	5988459.5927	2.4512e-03
913	90939.5619	-44387.7157	768902.5619	3487775.2843	5988459.5927	2.3946e-03
914	91031.1648	-44427.8268	768994.1648	3487735.1732	5988459.5927	2.3393e-03
915	91122.7678	-44467.9380	769085.7678	3487695.0620	5988459.5927	2.2853e-03
916	91214.3707	-44508.0491	769177.3707	3487654.9509	5988459.5927	2.2326e-03
917	91305.9736	-44548.1602	769268.9736	3487614.8398	5988459.5927	2.1811e-03
918	91397.5766	-44588.2713	769360.5766	3487574.7287	5988459.5927	2.1307e-03
919	91489.1795	-44628.3824	769452.1795	3487534.6176	5988459.5927	2.0815e-03
920	91580.7825	-44668.4935	769543.7825	3487494.5065	5988459.5927	2.0335e-03
921	91672.3854	-44708.6046	769635.3854	3487454.3954	5988459.5927	1.9866e-03
922	91763.9883	-44748.7157	769726.9883	3487414.2843	5988459.5927	1.9407e-03
923	91855.5913	-44788.8268	769818.5913	3487374.1732	5988459.5927	1.8959e-03
924	91947.1942	-44828.9379	769910.1942	3487334.0621	5988459.5927	1.8522e-03
925	92038.7972	-44869.0490	770001.7972	3487293.9510	5988459.5927	1.8095e-03
926	92130.4001	-44909.1601	770093.4001	3487253.8399	5988459.5927	1.7677e-03
927	92222.0031	-44949.2713	770185.0031	3487213.7287	5988459.5927	1.7269e-03
928	92313.6060	-44989.3824	770276.6060	3487173.6176	5988459.5927	1.6871e-03
929	92405.2089	-45029.4935	770368.2089	3487133.5065	5988459.5927	1.6482e-03
930	92496.8119	-45069.6046	770459.8119	3487093.3954	5988459.5927	1.6101e-03
931	92588.4148	-45109.7157	770551.4148	3487053.2843	5988459.5927	1.5730e-03
932	92680.0178	-45149.8268	770643.0178	3487013.1732	5988459.5927	1.5367e-03
933	92771.6207	-45189.9379	770734.6207	3486973.0621	5988459.5927	1.5013e-03
934	92863.2236	-45230.0490	770826.2236	3486932.9510	5988459.5927	1.4666e-03
935	92954.8266	-45270.1601	770917.8266	3486892.8399	5988459.5927	1.4328e-03
936	93046.4295	-45310.2712	771009.4295	3486852.7288	5988459.5927	1.3998e-03
937	93138.0325	-45350.3823	771101.0325	3486812.6177	5988459.5927	1.3675e-03
938	93229.6354	-45390.4934	771192.6354	3486772.5066	5988459.5927	1.3359e-03
939	93321.2384	-45430.6046	771284.2384	3486732.3954	5988459.5927	1.3051e-03
940	93412.8413	-45470.7157	771375.8413	3486692.2843	5988459.5927	1.2750e-03
941	93504.4442	-45510.8268	771467.4442	3486652.1732	5988459.5927	1.2456e-03
942	93596.0472	-45550.9379	771559.0472	3486612.0621	5988459.5927	1.2169e-03
943	93687.6501	-45591.0490	771650.6501	3486571.9510	5988459.5927	1.1888e-03
944	93779.2531	-45631.1601	771742.2531	3486531.8399	5988459.5927	1.1614e-03
945	93870.8560	-45671.2712	771833.8560	3486491.7288	5988459.5927	1.1347e-03
946	93962.4590	-45711.3823	771925.4590	3486451.6177	5988459.5927	1.1085e-03
947	94054.0619	-45751.4934	772017.0619	3486411.5066	5988459.5927	1.0829e-03
948	94145.6648	-45791.6045	772108.6648	3486371.3955	5988459.5927	1.0580e-03
949	94237.2678	-45831.7156	772200.2678	3486331.2844	5988459.5927	1.0336e-03
950	94328.8707	-45871.8268	772291.8707	3486291.1732	5988459.5927	1.0098e-03
951	94420.4737	-45911.9379	772383.4737	3486251.0621	5988459.5927	9.8649e-04
952	94512.0766	-45952.0490	772475.0766	3486210.9510	5988459.5927	9.6375e-04
953	94603.6795	-45992.1601	772566.6795	3486170.8399	5988459.5927	9.4154e-04
954	94695.2825	-46032.2712	772658.2825	3486130.7288	5988459.5927	9.1984e-04
955	94786.8854	-46072.3823	772749.8854	3486090.6177	5988459.5927	8.9864e-04
956	94878.4884	-46112.4934	772841.4884	3486050.5066	5988459.5927	8.7793e-04
957	94970.0913	-46152.6045	772933.0913	3486010.3955	5988459.5927	8.5770e-04
958	95061.6943	-46192.7156	773024.6943	3485970.2844	5988459.5927	8.3793e-04
959	95153.2972	-46232.8267	773116.2972	3485930.1733	5988459.5927	8.1863e-04
960	95244.9001	-46272.9378	773207.9001	3485890.0622	5988459.5927	7.9976e-04
961	95336.5031	-46313.0489	773299.5031	3485849.9511	5988459.5927	7.8134e-04
962	95428.1060	-46353.1601	773391.1060	3485809.8399	5988459.5927	7.6333e-04
963	95519.7090	-46393.2712	773482.7090	3485769.7288	5988459.5927	7.4575e-04
964	95611.3119	-46433.3823	773574.3119	3485729.6177	5988459.5927	7.2857e-04
965	95702.9148	-46473.4934	773665.9148	3485689.5066	5988459.5927	7.1178e-04
966	95794.5178	-46513.6045	773757.5178	3485649.3955	5988459.5927	6.9538e-04
967	95886.1207	-46553.7156	773849.1207	3485609.2844	5988459.5927	6.7936e-04
968	95977.7237	-46593.8267	773940.7237	3485569.1733	5988459.5927	6.6371e-04
969	96069.3266	-46633.9378	774032.3266	3485529.0622	5988459.5927	6.4843e-04
970	96160.9296	-46674.0489	774123.9296	3485488.9511	5988459.5927	6.3349e-04
971	96252.5325	-46714.1600	774215.5325	3485448.8400	5988459.5927	6.1890e-04
972	96344.1354	-46754.2711	774307.1354	3485408.7289	5988459.5927	6.0465e-04
973	96435.7384	-46794.3823	774398.7384	3485368.6177	5988459.5927	5.9072e-04
974	96527.3413	-46834.4934	774490.3413	3485328.5066	5988459.5927	5.7712e-04
975	96618.9443	-46874.6045	774581.9443	3485288.3955	5988459.5927	5.6383e-04
976	96710.5472	-46914.7156	774673.5472	3485248.2844	5988459.5927	5.5084e-04
977	96802.1501	-46954.8267	774765.1501	3485208.1733	5988459.5927	5.3816e-04
978	96893.7531	-46994.9378	774856.7531	3485168.0622	5988459.5927	5.2576e-04
979	96985.3560	-47035.0489	774948.3560	3485127.9511	5988459.5927	5.1366e-04
980	97076.9590	-47075.1600	775039.9590	3485087.8400	5988459.5927	5.0183e-04
981	97168.5619	-47115.2711	775131.5619	3485047.7289	5988459.5927	4.9028e-04
982	97260.1649	-47155.3822	775223.1649	3485007.6178	5988459.5927	4.7899e-04
983	97351.7678	-47195.4933	775314.7678	3484967.5067	5988459.5927	4.6796e-04
984	97443.3707	-47235.6044	775406.3707	3484927.3956	5988459.5927	4.5719e-04
985	97534.9737	-47275.7156	775497.9737	3484887.2844	5988459.5927	4.4666e-04
986	97626.5766	-47315.8267	775589.5766	3484847.1733	5988459.5927	4.3638e-04
987	97718.1796	-47355.9378	775681.1796	3484807.0622	5988459.5927	4.2634e-04
988	97809.7825	-47396.0489	775772.7825	3484766.9511	5988459.5927	4.1652e-04
989	97901.3855	-47436.1600	775864.3855	3484726.8400	5988459.5927	4.0693e-04
990	97992.9884	-47476.2711	775955.9884	3484686.7289	5988459.5927	3.9757e-04
991	98084.5913	-47516.3822	776047.5913	3484646.6178	5988459.5927	3.8842e-04
992	98176.1943	-47556.4933	776139.1943	3484606.5067	5988459.5927	3.7948e-04
993	98267.7972	-47596.6044	776230.7972	3484566.3956	5988459.5927	3.7074e-04
994	98359.4002	-47636.7155	776322.4002	3484526.2845	5988459.5927	3.6221e-04
995	98451.0031	-47676.8266	776414.0031	3484486.1734	5988459.5927	3.5388e-04
996	98542.6060	-47716.9377	776505.6060	3484446.0623	5988459.5927	3.4573e-04
997	98634.2090	-47757.0489	776597.2090	3484405.9511	5988459.5927	3.3778e-04
998	98725.8119	-47797.1600	776688.8119	3484365.8400	5988459.5927	3.3001e-04
999	98817.4149	-47837.2711	776780.4149	3484325.7289	5988459.5927	3.2241e-04
