i	x_from_vent	y_from_vent	x_coord	y_coord	cloud_sigma2	mass_released
0	9847.2644	-14554.4559	687810.2644	3517608.5441	5649672.0102	1.7765e+06
1	11270.1028	-16930.5940	689233.1028	3515232.4060	6057604.4417	1.7689e+06
2	12726.0048	-19323.8989	690689.0048	3512839.1011	6450778.4035	1.7614e+06
3	14264.5824	-21708.0259	692227.5824	3510454.9741	6834463.2411	1.7540e+06
4	15892.1020	-24065.8460	693855.1020	3508097.1540	7211755.5156	1.7465e+06
5	17595.0526	-26382.0381	695558.0526	3505780.9619	68283367.6972	1.7391e+06
6	19354.0647	-28643.3109	697317.0647	3503519.6891	76847135.1507	1.7318e+06
7	21179.5550	-30845.8166	699142.5550	3501317.1834	85628535.5048	1.7244e+06
8	23041.4870	-32959.2084	701004.4870	3499203.7916	94549648.0437	1.7171e+06
9	24890.2257	-34975.8321	702853.2257	3497187.1679	103568664.4908	1.7098e+06
10	26734.9192	-36896.5994	704697.9192	3495266.4006	112667409.2126	1.7026e+06
11	28589.2788	-38719.6924	706552.2788	3493443.3076	121831708.8265	1.6954e+06
12	30410.7149	-40465.6659	708373.7149	3491697.3341	131052710.1360	1.6882e+06
13	32246.8311	-42121.4238	710209.8311	3490041.5762	140309650.4075	1.6811e+06
14	34054.6058	-43706.5792	712017.6058	3488456.4208	149592585.2405	1.6740e+06
15	35855.3818	-45216.1733	713818.3818	3486946.8267	158883199.2380	1.6669e+06
16	37637.7359	-46656.6692	715600.7359	3485506.3308	168167506.1388	1.6598e+06
17	39402.4904	-48030.8811	717365.4904	3484132.1189	177430039.1696	1.6528e+06
18	41146.7813	-49341.0375	719109.7813	3482821.9625	186656011.8949	1.6458e+06
19	42873.1092	-50588.3060	720836.1092	3481574.6940	195830086.2063	1.6388e+06
20	44566.4331	-51781.7927	722529.4331	3480381.2073	204940020.3111	1.6319e+06
21	46250.7971	-52909.1434	724213.7971	3479253.8566	213967344.8316	1.6250e+06
22	47881.4730	-53998.9091	725844.4730	3478164.0909	222905746.3495	1.6182e+06
23	49518.4380	-55013.2508	727481.4380	3477149.7492	231730597.0185	1.6113e+06
24	51103.0577	-55992.2759	729066.0577	3476170.7241	240439099.8314	1.6045e+06
25	52658.7206	-56920.4085	730621.7206	3475242.5915	249013699.4404	1.5977e+06
26	54192.1210	-57794.0590	732155.1210	3474368.9410	257440118.8861	1.5910e+06
27	55672.8264	-58636.3317	733635.8264	3473526.6683	265711918.7578	1.5843e+06
28	57130.7867	-59428.9303	735093.7867	3472734.0697	273810226.6498	1.5776e+06
29	58553.7143	-60180.5935	736516.7143	3471982.4065	281726837.9301	1.5709e+06
30	59923.9777	-60903.4128	737886.9777	3471259.5872	289400283.7434	1.5643e+06
31	61260.5244	-61592.6601	739223.5244	3470570.3399	296933925.2615	1.5577e+06
32	62566.1682	-62248.4483	740529.1682	3469914.5517	304261020.2250	1.5511e+06
33	63820.4557	-62878.0292	741783.4557	3469284.9708	311381164.1725	1.5446e+06
34	65024.4702	-63481.9618	742987.4702	3468681.0382	318288477.6145	1.5380e+06
35	66205.7474	-64058.2154	744168.7474	3468104.7846	324968867.4268	1.5316e+06
36	67343.3658	-64609.4233	745306.3658	3467553.5767	331424454.9100	1.5251e+06
37	68432.2209	-65136.6587	746395.2209	3467026.3413	337652798.0581	1.5187e+06
38	69473.2346	-65640.3831	747436.2346	3466522.6169	343649873.2824	1.5123e+06
39	70478.7223	-66119.6198	748441.7223	3466043.3802	349408078.3229	1.5059e+06
40	71452.0711	-66574.4694	749415.0711	3465588.5306	354923092.1217	1.4996e+06
41	72378.7179	-67007.2269	750341.7179	3465155.7731	360197175.5784	1.4932e+06
42	73259.4295	-67418.2650	751222.4295	3464744.7350	365227636.5131	1.4869e+06
43	74094.9317	-67807.9371	752057.9317	3464355.0629	370012059.9038	1.4807e+06
44	74885.9109	-68176.5781	752848.9109	3463986.4219	374548293.1603	1.4744e+06
45	75646.4168	-68522.4862	753609.4168	3463640.5138	378829576.1985	1.4682e+06
46	76367.8999	-68847.3428	754330.8999	3463315.6572	382857494.6513	1.4621e+06
47	77045.4698	-69152.2573	755008.4698	3463010.7427	386632600.0167	1.4559e+06
48	77679.6905	-69437.4972	755642.6905	3462725.5028	390153689.0099	1.4498e+06
49	78271.0950	-69703.3160	756234.0950	3462459.6840	393419772.1114	1.4437e+06
50	78820.1866	-69949.9538	756783.1866	3462213.0462	396430067.7901	1.4376e+06
51	79327.4408	-70177.6382	757290.4408	3461985.3618	399183997.6129	1.4316e+06
52	79793.3070	-70386.5849	757756.3070	3461776.4151	401681182.1307	1.4255e+06
53	80218.2095	-70576.9982	758181.2095	3461586.0018	403921437.4515	1.4195e+06
54	80602.5495	-70749.0721	758565.5495	3461413.9279	405904772.4199	1.4136e+06
55	80792.4003	-70833.2584	758755.4003	3461329.7416	406844163.8719	1.4076e+06
56	80924.5933	-70891.4047	758887.5933	3461271.5953	407433721.5406	1.4017e+06
57	81049.2718	-70946.1838	759012.2718	3461216.8162	407929085.1220	1.3958e+06
58	81166.4879	-70997.6314	759129.4879	3461165.3686	408330808.1996	1.3900e+06
59	81276.2904	-71045.7822	759239.2904	3461117.2178	408639442.2641	1.3841e+06
60	81378.7251	-71090.6690	759341.7251	3461072.3310	408855538.3824	1.3783e+06
61	81473.8352	-71132.3238	759436.8352	3461030.6762	408979648.8891	1.3725e+06
62	81565.4382	-71172.4349	759528.4382	3460990.5651	408979648.8891	1.3668e+06
63	81657.0411	-71212.5460	759620.0411	3460950.4540	408979648.8891	1.3610e+06
64	81748.6441	-71252.6571	759711.6441	3460910.3429	408979648.8891	1.3553e+06
65	81840.2470	-71292.7682	759803.2470	3460870.2318	408979648.8891	1.3496e+06
66	81931.8499	-71332.8793	759894.8499	3460830.1207	408979648.8891	1.3440e+06
67	82023.4529	-71372.9904	759986.4529	3460790.0096	408979648.8891	1.3383e+06
68	82115.0558	-71413.1015	760078.0558	3460749.8985	408979648.8891	1.3327e+06
69	82206.6588	-71453.2127	760169.6588	3460709.7873	408979648.8891	1.3271e+06
70	82298.2617	-71493.3238	760261.2617	3460669.6762	408979648.8891	1.3216e+06
71	82389.8647	-71533.4349	760352.8647	3460629.5651	408979648.8891	1.3160e+06
72	82481.4676	-71573.5460	760444.4676	3460589.4540	408979648.8891	1.3105e+06
73	82573.0705	-71613.6571	760536.0705	3460549.3429	408979648.8891	1.3050e+06
74	82664.6735	-71653.7682	760627.6735	3460509.2318	408979648.8891	1.2996e+06
75	82756.2764	-71693.8793	760719.2764	3460469.1207	408979648.8891	1.2941e+06
76	82847.8794	-71733.9904	760810.8794	3460429.0096	408979648.8891	1.2887e+06
77	82939.4823	-71774.1015	760902.4823	3460388.8985	408979648.8891	1.2833e+06
78	83031.0852	-71814.2126	760994.0852	3460348.7874	408979648.8891	1.2779e+06
79	83122.6882	-71854.3237	761085.6882	3460308.6763	408979648.8891	1.2726e+06
80	83214.2911	-71894.4349	761177.2911	3460268.5651	408979648.8891	1.2673e+06
81	83305.8941	-71934.5460	761268.8941	3460228.4540	408979648.8891	1.2620e+06
82	83397.4970	-71974.6571	761360.4970	3460188.3429	408979648.8891	1.2567e+06
83	83489.1000	-72014.7682	761452.1000	3460148.2318	408979648.8891	1.2514e+06
84	83580.7029	-72054.8793	761543.7029	3460108.1207	408979648.8891	1.2462e+06
85	83672.3058	-72094.9904	761635.3058	3460068.0096	408979648.8891	1.2410e+06
86	83763.9088	-72135.1015	761726.9088	3460027.8985	408979648.8891	1.2358e+06
87	83855.5117	-72175.2126	761818.5117	3459987.7874	408979648.8891	1.2306e+06
88	83947.1147	-72215.3237	761910.1147	3459947.6763	408979648.8891	1.2255e+06
89	84038.7176	-72255.4348	762001.7176	3459907.5652	408979648.8891	1.2204e+06
90	84130.3205	-72295.5459	762093.3205	3459867.4541	408979648.8891	1.2153e+06
91	84221.9235	-72335.6570	762184.9235	3459827.3430	408979648.8891	1.2102e+06
92	84313.5264	-72375.7682	762276.5264	3459787.2318	408979648.8891	1.2051e+06
93	84405.1294	-72415.8793	762368.1294	3459747.1207	408979648.8891	1.2001e+06
94	84496.7323	-72455.9904	762459.7323	3459707.0096	408979648.8891	1.1951e+06
95	84588.3353	-72496.1015	762551.3353	3459666.8985	408979648.8891	1.1901e+06
96	84679.9382	-72536.2126	762642.9382	3459626.7874	408979648.8891	1.1851e+06
97	84771.5411	-72576.3237	762734.5411	3459586.6763	408979648.8891	1.1802e+06
98	84863.1441	-72616.4348	762826.1441	3459546.5652	408979648.8891	1.1753e+06
99	84954.7470	-72656.5459	762917.7470	3459506.4541	408979648.8891	1.1704e+06
100	85046.3500	-72696.6570	763009.3500	3459466.3430	408979648.8891	1.1655e+06
101	85137.9529	-72736.7681	763100.9529	3459426.2319	408979648.8891	1.1606e+06
102	85229.5559	-72776.8792	763192.5559	3459386.1208	408979648.8891	1.1558e+06
103	85321.1588	-72816.9903	763284.1588	3459346.0097	408979648.8891	1.1510e+06
104	85412.7617	-72857.1015	763375.7617	3459305.8985	408979648.8891	1.1462e+06
105	85504.3647	-72897.2126	763467.3647	3459265.7874	408979648.8891	1.1414e+06
106	85595.9676	-72937.3237	763558.9676	3459225.6763	408979648.8891	1.1366e+06
107	85687.5706	-72977.4348	763650.5706	3459185.5652	408979648.8891	1.1319e+06
108	85779.1735	-73017.5459	763742.1735	3459145.4541	408979648.8891	1.1272e+06
109	85870.7764	-73057.6570	763833.7764	3459105.3430	408979648.8891	1.1225e+06
110	85962.3794	-73097.7681	763925.3794	3459065.2319	408979648.8891	1.1178e+06
111	86053.9823	-73137.8792	764016.9823	3459025.1208	408979648.8891	1.1132e+06
112	86145.5853	-73177.9903	764108.5853	3458985.0097	408979648.8891	1.1085e+06
113	86237.1882	-73218.1014	764200.1882	3458944.8986	408979648.8891	1.1039e+06
114	86328.7912	-73258.2125	764291.7912	3458904.7875	408979648.8891	1.0993e+06
115	86420.3941	-73298.3237	764383.3941	3458864.6763	408979648.8891	1.0948e+06
116	86511.9970	-73338.4348	764474.9970	3458824.5652	408979648.8891	1.0902e+06
117	86603.6000	-73378.5459	764566.6000	3458784.4541	408979648.8891	1.0857e+06
118	86695.2029	-73418.6570	764658.2029	3458744.3430	408979648.8891	1.0812e+06
119	86786.8059	-73458.7681	764749.8059	3458704.2319	408979648.8891	1.0767e+06
120	86878.4088	-73498.8792	764841.4088	3458664.1208	408979648.8891	1.0722e+06
121	86970.0117	-73538.9903	764933.0117	3458624.0097	408979648.8891	1.0677e+06
122	87061.6147	-73579.1014	765024.6147	3458583.8986	408979648.8891	1.0633e+06
123	87153.2176	-73619.2125	765116.2176	3458543.7875	408979648.8891	1.0589e+06
124	87244.8206	-73659.3236	765207.8206	3458503.6764	408979648.8891	1.0545e+06
125	87336.4235	-73699.4347	765299.4235	3458463.5653	408979648.8891	1.0501e+06
126	87428.0265	-73739.5458	765391.0265	3458423.4542	408979648.8891	1.0458e+06
127	87519.6294	-73779.6570	765482.6294	3458383.3430	408979648.8891	1.0414e+06
128	87611.2323	-73819.7681	765574.2323	3458343.2319	408979648.8891	1.0371e+06
129	87702.8353	-73859.8792	765665.8353	3458303.1208	408979648.8891	1.0328e+06
130	87794.4382	-73899.9903	765757.4382	3458263.0097	408979648.8891	1.0285e+06
131	87886.0412	-73940.1014	765849.0412	3458222.8986	408979648.8891	1.0242e+06
132	87977.6441	-73980.2125	765940.6441	3458182.7875	408979648.8891	1.0200e+06
133	88069.2471	-74020.3236	766032.2471	3458142.6764	408979648.8891	1.0158e+06
134	88160.8500	-74060.4347	766123.8500	3458102.5653	408979648.8891	1.0116e+06
135	88252.4529	-74100.5458	766215.4529	3458062.4542	408979648.8891	1.0074e+06
136	88344.0559	-74140.6569	766307.0559	3458022.3431	408979648.8891	1.0032e+06
137	88435.6588	-74180.7680	766398.6588	3457982.2320	408979648.8891	9.9904e+05
138	88527.2618	-74220.8791	766490.2618	3457942.1209	408979648.8891	9.9490e+05
139	88618.8647	-74260.9903	766581.8647	3457902.0097	408979648.8891	9.9078e+05
140	88710.4676	-74301.1014	766673.4676	3457861.8986	408979648.8891	9.8668e+05
141	88802.0706	-74341.2125	766765.0706	3457821.7875	408979648.8891	9.8259e+05
142	88893.6735	-74381.3236	766856.6735	3457781.6764	408979648.8891	9.7853e+05
143	88985.2765	-74421.4347	766948.2765	3457741.5653	408979648.8891	9.7448e+05
144	89076.8794	-74461.5458	767039.8794	3457701.4542	408979648.8891	9.7045e+05
145	89168.4824	-74501.6569	767131.4824	3457661.3431	408979648.8891	9.6643e+05
146	89260.0853	-74541.7680	767223.0853	3457621.2320	408979648.8891	9.6243e+05
147	89351.6882	-74581.8791	767314.6882	3457581.1209	408979648.8891	9.5845e+05
148	89443.2912	-74621.9902	767406.2912	3457541.0098	408979648.8891	9.5449e+05
149	89534.8941	-74662.1013	767497.8941	3457500.8987	408979648.8891	9.5055e+05
150	89626.4971	-74702.2125	767589.4971	3457460.7875	408979648.8891	9.4662e+05
151	89718.1000	-74742.3236	767681.1000	3457420.6764	408979648.8891	9.4271e+05
152	89809.7029	-74782.4347	767772.7029	3457380.5653	408979648.8891	9.3881e+05
153	89901.3059	-74822.5458	767864.3059	3457340.4542	408979648.8891	9.3493e+05
154	89992.9088	-74862.6569	767955.9088	3457300.3431	408979648.8891	9.3107e+05
155	90084.5118	-74902.7680	768047.5118	3457260.2320	408979648.8891	9.2723e+05
156	90176.1147	-74942.8791	768139.1147	3457220.1209	408979648.8891	9.2340e+05
157	90267.7177	-74982.9902	768230.7177	3457180.0098	408979648.8891	9.1959e+05
158	90359.3206	-75023.1013	768322.3206	3457139.8987	408979648.8891	9.1579e+05
159	90450.9235	-75063.2124	768413.9235	3457099.7876	408979648.8891	9.1201e+05
160	90542.5265	-75103.3235	768505.5265	3457059.6765	408979648.8891	9.0825e+05
161	90634.1294	-75143.4346	768597.1294	3457019.5654	408979648.8891	9.0450e+05
162	90725.7324	-75183.5458	768688.7324	3456979.4542	408979648.8891	9.0077e+05
163	90817.3353	-75223.6569	768780.3353	3456939.3431	408979648.8891	8.9706e+05
164	90908.9382	-75263.7680	768871.9382	3456899.2320	408979648.8891	8.9336e+05
165	91000.5412	-75303.8791	768963.5412	3456859.1209	408979648.8891	8.8968e+05
166	91092.1441	-75343.9902	769055.1441	3456819.0098	408979648.8891	8.8601e+05
167	91183.7471	-75384.1013	769146.7471	3456778.8987	408979648.8891	8.8236e+05
168	91275.3500	-75424.2124	769238.3500	3456738.7876	408979648.8891	8.7873e+05
169	91366.9530	-75464.3235	769329.9530	3456698.6765	408979648.8891	8.7511e+05
170	91458.5559	-75504.4346	769421.5559	3456658.5654	408979648.8891	8.7150e+05
171	91550.1588	-75544.5457	769513.1588	3456618.4543	408979648.8891	8.6792e+05
172	91641.7618	-75584.6568	769604.7618	3456578.3432	408979648.8891	8.6434e+05
173	91733.3647	-75624.7680	769696.3647	3456538.2320	408979648.8891	8.6079e+05
174	91824.9677	-75664.8791	769787.9677	3456498.1209	408979648.8891	8.5724e+05
175	91916.5706	-75704.9902	769879.5706	3456458.0098	408979648.8891	8.5372e+05
176	92008.1736	-75745.1013	769971.1736	3456417.8987	408979648.8891	8.5020e+05
177	92099.7765	-75785.2124	770062.7765	3456377.7876	408979648.8891	8.4671e+05
178	92191.3794	-75825.3235	770154.3794	3456337.6765	408979648.8891	8.4323e+05
179	92282.9824	-75865.4346	770245.9824	3456297.5654	408979648.8891	8.3976e+05
180	92374.5853	-75905.5457	770337.5853	3456257.4543	408979648.8891	8.3631e+05
181	92466.1883	-75945.6568	770429.1883	3456217.3432	408979648.8891	8.3287e+05
182	92557.7912	-75985.7679	770520.7912	3456177.2321	408979648.8891	8.2945e+05
183	92649.3941	-76025.8790	770612.3941	3456137.1210	408979648.8891	8.2604e+05
184	92740.9971	-76065.9901	770703.9971	3456097.0099	408979648.8891	8.2265e+05
185	92832.6000	-76106.1013	770795.6000	3456056.8987	408979648.8891	8.1927e+05
186	92924.2030	-76146.2124	770887.2030	3456016.7876	408979648.8891	8.1591e+05
187	93015.8059	-76186.3235	770978.8059	3455976.6765	408979648.8891	8.1256e+05
188	93107.4089	-76226.4346	771070.4089	3455936.5654	408979648.8891	8.0922e+05
189	93199.0118	-76266.5457	771162.0118	3455896.4543	408979648.8891	8.0590e+05
190	93290.6147	-76306.6568	771253.6147	3455856.3432	408979648.8891	8.0259e+05
191	93382.2177	-76346.7679	771345.2177	3455816.2321	408979648.8891	7.9930e+05
192	93473.8206	-76386.8790	771436.8206	3455776.1210	408979648.8891	7.9602e+05
193	93565.4236	-76426.9901	771528.4236	3455736.0099	408979648.8891	7.9276e+05
194	93657.0265	-76467.1012	771620.0265	3455695.8988	408979648.8891	7.8951e+05
195	93748.6294	-76507.2123	771711.6294	3455655.7877	408979648.8891	7.8627e+05
196	93840.2324	-76547.3234	771803.2324	3455615.6766	408979648.8891	7.8305e+05
197	93931.8353	-76587.4346	771894.8353	3455575.5654	408979648.8891	7.7984e+05
198	94023.4383	-76627.5457	771986.4383	3455535.4543	408979648.8891	7.7665e+05
199	94115.0412	-76667.6568	772078.0412	3455495.3432	408979648.8891	7.7347e+05
200	94206.6442	-76707.7679	772169.6442	3455455.2321	408979648.8891	7.7030e+05
201	94298.2471	-76747.8790	772261.2471	3455415.1210	408979648.8891	7.6714e+05
202	94389.8500	-76787.9901	772352.8500	3455375.0099	408979648.8891	7.6400e+05
203	94481.4530	-76828.1012	772444.4530	3455334.8988	408979648.8891	7.6088e+05
204	94573.0559	-76868.2123	772536.0559	3455294.7877	408979648.8891	7.5776e+05
205	94664.6589	-76908.3234	772627.6589	3455254.6766	408979648.8891	7.5466e+05
206	94756.2618	-76948.4345	772719.2618	3455214.5655	408979648.8891	7.5157e+05
207	94847.8648	-76988.5456	772810.8648	3455174.4544	408979648.8891	7.4850e+05
208	94939.4677	-77028.6568	772902.4677	3455134.3432	408979648.8891	7.4544e+05
209	95031.0706	-77068.7679	772994.0706	3455094.2321	408979648.8891	7.4239e+05
210	95122.6736	-77108.8790	773085.6736	3455054.1210	408979648.8891	7.3936e+05
211	95214.2765	-77148.9901	773177.2765	3455014.0099	408979648.8891	7.3634e+05
212	95305.8795	-77189.1012	773268.8795	3454973.8988	408979648.8891	7.3333e+05
213	95397.4824	-77229.2123	773360.4824	3454933.7877	408979648.8891	7.3033e+05
214	95489.0853	-77269.3234	773452.0853	3454893.6766	408979648.8891	7.2735e+05
215	95580.6883	-77309.4345	773543.6883	3454853.5655	408979648.8891	7.2438e+05
216	95672.2912	-77349.5456	773635.2912	3454813.4544	408979648.8891	7.2142e+05
217	95763.8942	-77389.6567	773726.8942	3454773.3433	408979648.8891	7.1847e+05
218	95855.4971	-77429.7678	773818.4971	3454733.2322	408979648.8891	7.1554e+05
219	95947.1001	-77469.8789	773910.1001	3454693.1211	408979648.8891	7.1262e+05
220	96038.7030	-77509.9901	774001.7030	3454653.0099	408979648.8891	7.0971e+05
221	96130.3059	-77550.1012	774093.3059	3454612.8988	408979648.8891	7.0682e+05
222	96221.9089	-77590.2123	774184.9089	3454572.7877	408979648.8891	7.0394e+05
223	96313.5118	-77630.3234	774276.5118	3454532.6766	408979648.8891	7.0107e+05
224	96405.1148	-77670.4345	774368.1148	3454492.5655	408979648.8891	6.9821e+05
225	96496.7177	-77710.5456	774459.7177	3454452.4544	408979648.8891	6.9536e+05
226	96588.3206	-77750.6567	774551.3206	3454412.3433	408979648.8891	6.9253e+05
227	96679.9236	-77790.7678	774642.9236	3454372.2322	408979648.8891	6.8970e+05
228	96771.5265	-77830.8789	774734.5265	3454332.1211	408979648.8891	6.8689e+05
229	96863.1295	-77870.9900	774826.1295	3454292.0100	408979648.8891	6.8410e+05
230	96954.7324	-77911.1011	774917.7324	3454251.8989	408979648.8891	6.8131e+05
231	97046.3354	-77951.2123	775009.3354	3454211.7877	408979648.8891	6.7854e+05
232	97137.9383	-77991.3234	775100.9383	3454171.6766	408979648.8891	6.7577e+05
233	97229.5412	-78031.4345	775192.5412	3454131.5655	408979648.8891	6.7302e+05
234	97321.1442	-78071.5456	775284.1442	3454091.4544	408979648.8891	6.7029e+05
235	97412.7471	-78111.6567	775375.7471	3454051.3433	408979648.8891	6.6756e+05
236	97504.3501	-78151.7678	775467.3501	3454011.2322	408979648.8891	6.6484e+05
237	97595.9530	-78191.8789	775558.9530	3453971.1211	408979648.8891	6.6214e+05
238	97687.5560	-78231.9900	775650.5560	3453931.0100	408979648.8891	6.5945e+05
239	97779.1589	-78272.1011	775742.1589	3453890.8989	408979648.8891	6.5677e+05
240	97870.7618	-78312.2122	775833.7618	3453850.7878	408979648.8891	6.5410e+05
241	97962.3648	-78352.3233	775925.3648	3453810.6767	408979648.8891	6.5144e+05
242	98053.9677	-78392.4344	776016.9677	3453770.5656	408979648.8891	6.4879e+05
243	98145.5707	-78432.5456	776108.5707	3453730.4544	408979648.8891	6.4615e+05
244	98237.1736	-78472.6567	776200.1736	3453690.3433	408979648.8891	6.4353e+05
245	98328.7765	-78512.7678	776291.7765	3453650.2322	408979648.8891	6.4092e+05
246	98420.3795	-78552.8789	776383.3795	3453610.1211	408979648.8891	6.3831e+05
247	98511.9824	-78592.9900	776474.9824	3453570.0100	408979648.8891	6.3572e+05
248	98603.5854	-78633.1011	776566.5854	3453529.8989	408979648.8891	6.3314e+05
249	98695.1883	-78673.2122	776658.1883	3453489.7878	408979648.8891	6.3057e+05
250	98786.7913	-78713.3233	776749.7913	3453449.6767	408979648.8891	6.2802e+05
251	98878.3942	-78753.4344	776841.3942	3453409.5656	408979648.8891	6.2547e+05
252	98969.9971	-78793.5455	776932.9971	3453369.4545	408979648.8891	6.2293e+05
253	99061.6001	-78833.6566	777024.6001	3453329.3434	408979648.8891	6.2041e+05
254	99153.2030	-78873.7677	777116.2030	3453289.2323	408979648.8891	6.1789e+05
255	99244.8060	-78913.8789	777207.8060	3453249.1211	408979648.8891	6.1539e+05
256	99336.4089	-78953.9900	777299.4089	3453209.0100	408979648.8891	6.1289e+05
257	99428.0118	-78994.1011	777391.0118	3453168.8989	408979648.8891	6.1041e+05
258	99519.6148	-79034.2122	777482.6148	3453128.7878	408979648.8891	6.0794e+05
259	99611.2177	-79074.3233	777574.2177	3453088.6767	408979648.8891	6.0547e+05
260	99702.8207	-79114.4344	777665.8207	3453048.5656	408979648.8891	6.0302e+05
261	99794.4236	-79154.5455	777757.4236	3453008.4545	408979648.8891	6.0058e+05
262	99886.0266	-79194.6566	777849.0266	3452968.3434	408979648.8891	5.9815e+05
263	99977.6295	-79234.7677	777940.6295	3452928.2323	408979648.8891	5.9573e+05
264	100069.2324	-79274.8788	778032.2324	3452888.1212	408979648.8891	5.9332e+05
265	100160.8354	-79314.9899	778123.8354	3452848.0101	408979648.8891	5.9092e+05
266	100252.4383	-79355.1011	778215.4383	3452807.8989	408979648.8891	5.8853e+05
267	100344.0413	-79395.2122	778307.0413	3452767.7878	408979648.8891	5.8615e+05
268	100435.6442	-79435.3233	778398.6442	3452727.6767	408979648.8891	5.8378e+05
269	100527.2471	-79475.4344	778490.2471	3452687.5656	408979648.8891	5.8142e+05
270	100618.8501	-79515.5455	778581.8501	3452647.4545	408979648.8891	5.7907e+05
271	100710.4530	-79555.6566	778673.4530	3452607.3434	408979648.8891	5.7673e+05
272	100802.0560	-79595.7677	778765.0560	3452567.2323	408979648.8891	5.7440e+05
273	100893.6589	-79635.8788	778856.6589	3452527.1212	408979648.8891	5.7208e+05
274	100985.2619	-79675.9899	778948.2619	3452487.0101	408979648.8891	5.6977e+05
275	101076.8648	-79716.1010	779039.8648	3452446.8990	408979648.8891	5.6747e+05
276	101168.4677	-79756.2121	779131.4677	3452406.7879	408979648.8891	5.6517e+05
277	101260.0707	-79796.3232	779223.0707	3452366.6768	408979648.8891	5.6289e+05
278	101351.6736	-79836.4344	779314.6736	3452326.5656	408979648.8891	5.6062e+05
279	101443.2766	-79876.5455	779406.2766	3452286.4545	408979648.8891	5.5836e+05
280	101534.8795	-79916.6566	779497.8795	3452246.3434	408979648.8891	5.5611e+05
281	101626.4825	-79956.7677	779589.4825	3452206.2323	408979648.8891	5.5386e+05
282	101718.0854	-79996.8788	779681.0854	3452166.1212	408979648.8891	5.5163e+05
283	101809.6883	-80036.9899	779772.6883	3452126.0101	408979648.8891	5.4941e+05
284	101901.2913	-80077.1010	779864.2913	3452085.8990	408979648.8891	5.4719e+05
285	101992.8942	-80117.2121	779955.8942	3452045.7879	408979648.8891	5.4499e+05
286	102084.4972	-80157.3232	780047.4972	3452005.6768	408979648.8891	5.4279e+05
287	102176.1001	-80197.4343	780139.1001	3451965.5657	408979648.8891	5.4060e+05
288	102267.7030	-80237.5454	780230.7030	3451925.4546	408979648.8891	5.3843e+05
289	102359.3060	-80277.6565	780322.3060	3451885.3435	408979648.8891	5.3626e+05
290	102450.9089	-80317.7677	780413.9089	3451845.2323	408979648.8891	5.3410e+05
291	102542.5119	-80357.8788	780505.5119	3451805.1212	408979648.8891	5.3195e+05
292	102634.1148	-80397.9899	780597.1148	3451765.0101	408979648.8891	5.2981e+05
293	102725.7178	-80438.1010	780688.7178	3451724.8990	408979648.8891	5.2768e+05
294	102817.3207	-80478.2121	780780.3207	3451684.7879	408979648.8891	5.2555e+05
295	102908.9236	-80518.3232	780871.9236	3451644.6768	408979648.8891	5.2344e+05
296	103000.5266	-80558.4343	780963.5266	3451604.5657	408979648.8891	5.2134e+05
297	103092.1295	-80598.5454	781055.1295	3451564.4546	408979648.8891	5.1924e+05
298	103183.7325	-80638.6565	781146.7325	3451524.3435	408979648.8891	5.1715e+05
299	103275.3354	-80678.7676	781238.3354	3451484.2324	408979648.8891	5.1507e+05
300	103366.9383	-80718.8787	781329.9383	3451444.1213	408979648.8891	5.1300e+05
301	103458.5413	-80758.9899	781421.5413	3451404.0101	408979648.8891	5.1094e+05
302	103550.1442	-80799.1010	781513.1442	3451363.8990	408979648.8891	5.0889e+05
303	103641.7472	-80839.2121	781604.7472	3451323.7879	408979648.8891	5.0685e+05
304	103733.3501	-80879.3232	781696.3501	3451283.6768	408979648.8891	5.0481e+05
305	103824.9531	-80919.4343	781787.9531	3451243.5657	408979648.8891	5.0278e+05
306	103916.5560	-80959.5454	781879.5560	3451203.4546	408979648.8891	5.0077e+05
307	104008.1589	-80999.6565	781971.1589	3451163.3435	408979648.8891	4.9876e+05
308	104099.7619	-81039.7676	782062.7619	3451123.2324	408979648.8891	4.9676e+05
309	104191.3648	-81079.8787	782154.3648	3451083.1213	408979648.8891	4.9476e+05
310	104282.9678	-81119.9898	782245.9678	3451043.0102	408979648.8891	4.9278e+05
311	104374.5707	-81160.1009	782337.5707	3451002.8991	408979648.8891	4.9080e+05
312	104466.1737	-81200.2120	782429.1737	3450962.7880	408979648.8891	4.8883e+05
313	104557.7766	-81240.3232	782520.7766	3450922.6768	408979648.8891	4.8688e+05
314	104649.3795	-81280.4343	782612.3795	3450882.5657	408979648.8891	4.8492e+05
315	104740.9825	-81320.5454	782703.9825	3450842.4546	408979648.8891	4.8298e+05
316	104832.5854	-81360.6565	782795.5854	3450802.3435	408979648.8891	4.8105e+05
317	104924.1884	-81400.7676	782887.1884	3450762.2324	408979648.8891	4.7912e+05
318	105015.7913	-81440.8787	782978.7913	3450722.1213	408979648.8891	4.7720e+05
319	105107.3942	-81480.9898	783070.3942	3450682.0102	408979648.8891	4.7529e+05
320	105198.9972	-81521.1009	783161.9972	3450641.8991	408979648.8891	4.7339e+05
321	105290.6001	-81561.2120	783253.6001	3450601.7880	408979648.8891	4.7149e+05
322	105382.2031	-81601.3231	783345.2031	3450561.6769	408979648.8891	4.6961e+05
323	105473.8060	-81641.4342	783436.8060	3450521.5658	408979648.8891	4.6773e+05
324	105565.4090	-81681.5454	783528.4090	3450481.4546	408979648.8891	4.6586e+05
325	105657.0119	-81721.6565	783620.0119	3450441.3435	408979648.8891	4.6399e+05
326	105748.6148	-81761.7676	783711.6148	3450401.2324	408979648.8891	4.6214e+05
327	105840.2178	-81801.8787	783803.2178	3450361.1213	408979648.8891	4.6029e+05
328	105931.8207	-81841.9898	783894.8207	3450321.0102	408979648.8891	4.5845e+05
329	106023.4237	-81882.1009	783986.4237	3450280.8991	408979648.8891	4.5662e+05
330	106115.0266	-81922.2120	784078.0266	3450240.7880	408979648.8891	4.5480e+05
331	106206.6295	-81962.3231	784169.6295	3450200.6769	408979648.8891	4.5298e+05
332	106298.2325	-82002.4342	784261.2325	3450160.5658	408979648.8891	4.5117e+05
333	106389.8354	-82042.5453	784352.8354	3450120.4547	408979648.8891	4.4937e+05
334	106481.4384	-82082.6564	784444.4384	3450080.3436	408979648.8891	4.4757e+05
335	106573.0413	-82122.7675	784536.0413	3450040.2325	408979648.8891	4.4579e+05
336	106664.6443	-82162.8787	784627.6443	3450000.1213	408979648.8891	4.4401e+05
337	106756.2472	-82202.9898	784719.2472	3449960.0102	408979648.8891	4.4224e+05
338	106847.8501	-82243.1009	784810.8501	3449919.8991	408979648.8891	4.4047e+05
339	106939.4531	-82283.2120	784902.4531	3449879.7880	408979648.8891	4.3872e+05
340	107031.0560	-82323.3231	784994.0560	3449839.6769	408979648.8891	4.3697e+05
341	107122.6590	-82363.4342	785085.6590	3449799.5658	408979648.8891	4.3523e+05
342	107214.2619	-82403.5453	785177.2619	3449759.4547	408979648.8891	4.3349e+05
343	107305.8649	-82443.6564	785268.8649	3449719.3436	408979648.8891	4.3176e+05
344	107397.4678	-82483.7675	785360.4678	3449679.2325	408979648.8891	4.3004e+05
345	107489.0707	-82523.8786	785452.0707	3449639.1214	408979648.8891	4.2833e+05
346	107580.6737	-82563.9897	785543.6737	3449599.0103	408979648.8891	4.2663e+05
347	107672.2766	-82604.1008	785635.2766	3449558.8992	408979648.8891	4.2493e+05
348	107763.8796	-82644.2120	785726.8796	3449518.7880	408979648.8891	4.2323e+05
349	107855.4825	-82684.3231	785818.4825	3449478.6769	408979648.8891	4.2155e+05
350	107947.0854	-82724.4342	785910.0854	3449438.5658	408979648.8891	4.1987e+05
351	108038.6884	-82764.5453	786001.6884	3449398.4547	408979648.8891	4.1820e+05
352	108130.2913	-82804.6564	786093.2913	3449358.3436	408979648.8891	4.1654e+05
353	108221.8943	-82844.7675	786184.8943	3449318.2325	408979648.8891	4.1488e+05
354	108313.4972	-82884.8786	786276.4972	3449278.1214	408979648.8891	4.1323e+05
355	108405.1002	-82924.9897	786368.1002	3449238.0103	408979648.8891	4.1159e+05
356	108496.7031	-82965.1008	786459.7031	3449197.8992	408979648.8891	4.0995e+05
357	108588.3060	-83005.2119	786551.3060	3449157.7881	408979648.8891	4.0832e+05
358	108679.9090	-83045.3230	786642.9090	3449117.6770	408979648.8891	4.0670e+05
359	108771.5119	-83085.4342	786734.5119	3449077.5658	408979648.8891	4.0509e+05
360	108863.1149	-83125.5453	786826.1149	3449037.4547	408979648.8891	4.0348e+05
361	108954.7178	-83165.6564	786917.7178	3448997.3436	408979648.8891	4.0188e+05
362	109046.3207	-83205.7675	787009.3207	3448957.2325	408979648.8891	4.0028e+05
363	109137.9237	-83245.8786	787100.9237	3448917.1214	408979648.8891	3.9869e+05
364	109229.5266	-83285.9897	787192.5266	3448877.0103	408979648.8891	3.9711e+05
365	109321.1296	-83326.1008	787284.1296	3448836.8992	408979648.8891	3.9553e+05
366	109412.7325	-83366.2119	787375.7325	3448796.7881	408979648.8891	3.9396e+05
367	109504.3355	-83406.3230	787467.3355	3448756.6770	408979648.8891	3.9240e+05
368	109595.9384	-83446.4341	787558.9384	3448716.5659	408979648.8891	3.9085e+05
369	109687.5413	-83486.5452	787650.5413	3448676.4548	408979648.8891	3.8930e+05
370	109779.1443	-83526.6563	787742.1443	3448636.3437	408979648.8891	3.8775e+05
371	109870.7472	-83566.7675	787833.7472	3448596.2325	408979648.8891	3.8622e+05
372	109962.3502	-83606.8786	787925.3502	3448556.1214	408979648.8891	3.8469e+05
373	110053.9531	-83646.9897	788016.9531	3448516.0103	408979648.8891	3.8316e+05
374	110145.5560	-83687.1008	788108.5560	3448475.8992	408979648.8891	3.8165e+05
375	110237.1590	-83727.2119	788200.1590	3448435.7881	408979648.8891	3.8013e+05
376	110328.7619	-83767.3230	788291.7619	3448395.6770	408979648.8891	3.7863e+05
377	110420.3649	-83807.4341	788383.3649	3448355.5659	408979648.8891	3.7713e+05
378	110511.9678	-83847.5452	788474.9678	3448315.4548	408979648.8891	3.7564e+05
379	110603.5708	-83887.6563	788566.5708	3448275.3437	408979648.8891	3.7415e+05
380	110695.1737	-83927.7674	788658.1737	3448235.2326	408979648.8891	3.7267e+05
381	110786.7766	-83967.8785	788749.7766	3448195.1215	408979648.8891	3.7120e+05
382	110878.3796	-84007.9897	788841.3796	3448155.0103	408979648.8891	3.6973e+05
383	110969.9825	-84048.1008	788932.9825	3448114.8992	408979648.8891	3.6827e+05
384	111061.5855	-84088.2119	789024.5855	3448074.7881	408979648.8891	3.6681e+05
385	111153.1884	-84128.3230	789116.1884	3448034.6770	408979648.8891	3.6536e+05
386	111244.7914	-84168.4341	789207.7914	3447994.5659	408979648.8891	3.6392e+05
387	111336.3943	-84208.5452	789299.3943	3447954.4548	408979648.8891	3.6248e+05
388	111427.9972	-84248.6563	789390.9972	3447914.3437	408979648.8891	3.6105e+05
389	111519.6002	-84288.7674	789482.6002	3447874.2326	408979648.8891	3.5962e+05
390	111611.2031	-84328.8785	789574.2031	3447834.1215	408979648.8891	3.5820e+05
391	111702.8061	-84368.9896	789665.8061	3447794.0104	408979648.8891	3.5679e+05
392	111794.4090	-84409.1007	789757.4090	3447753.8993	408979648.8891	3.5538e+05
393	111886.0119	-84449.2118	789849.0119	3447713.7882	408979648.8891	3.5398e+05
394	111977.6149	-84489.3230	789940.6149	3447673.6770	408979648.8891	3.5258e+05
395	112069.2178	-84529.4341	790032.2178	3447633.5659	408979648.8891	3.5119e+05
396	112160.8208	-84569.5452	790123.8208	3447593.4548	408979648.8891	3.4981e+05
397	112252.4237	-84609.6563	790215.4237	3447553.3437	408979648.8891	3.4843e+05
398	112344.0267	-84649.7674	790307.0267	3447513.2326	408979648.8891	3.4706e+05
399	112435.6296	-84689.8785	790398.6296	3447473.1215	408979648.8891	3.4569e+05
400	112527.2325	-84729.9896	790490.2325	3447433.0104	408979648.8891	3.4433e+05
401	112618.8355	-84770.1007	790581.8355	3447392.8993	408979648.8891	3.4297e+05
402	112710.4384	-84810.2118	790673.4384	3447352.7882	408979648.8891	3.4162e+05
403	112802.0414	-84850.3229	790765.0414	3447312.6771	408979648.8891	3.4027e+05
404	112893.6443	-84890.4340	790856.6443	3447272.5660	408979648.8891	3.3893e+05
405	112985.2472	-84930.5451	790948.2472	3447232.4549	408979648.8891	3.3760e+05
406	113076.8502	-84970.6563	791039.8502	3447192.3437	408979648.8891	3.3627e+05
407	113168.4531	-85010.7674	791131.4531	3447152.2326	408979648.8891	3.3495e+05
408	113260.0561	-85050.8785	791223.0561	3447112.1215	408979648.8891	3.3363e+05
409	113351.6590	-85090.9896	791314.6590	3447072.0104	408979648.8891	3.3232e+05
410	113443.2620	-85131.1007	791406.2620	3447031.8993	408979648.8891	3.3101e+05
411	113534.8649	-85171.2118	791497.8649	3446991.7882	408979648.8891	3.2971e+05
412	113626.4678	-85211.3229	791589.4678	3446951.6771	408979648.8891	3.2841e+05
413	113718.0708	-85251.4340	791681.0708	3446911.5660	408979648.8891	3.2712e+05
414	113809.6737	-85291.5451	791772.6737	3446871.4549	408979648.8891	3.2584e+05
415	113901.2767	-85331.6562	791864.2767	3446831.3438	408979648.8891	3.2456e+05
416	113992.8796	-85371.7673	791955.8796	3446791.2327	408979648.8891	3.2328e+05
417	114084.4826	-85411.8785	792047.4826	3446751.1215	408979648.8891	3.2202e+05
418	114176.0855	-85451.9896	792139.0855	3446711.0104	408979648.8891	3.2075e+05
419	114267.6884	-85492.1007	792230.6884	3446670.8993	408979648.8891	3.1949e+05
420	114359.2914	-85532.2118	792322.2914	3446630.7882	408979648.8891	3.1824e+05
421	114450.8943	-85572.3229	792413.8943	3446590.6771	408979648.8891	3.1699e+05
422	114542.4973	-85612.4340	792505.4973	3446550.5660	408979648.8891	3.1575e+05
423	114634.1002	-85652.5451	792597.1002	3446510.4549	408979648.8891	3.1451e+05
424	114725.7031	-85692.6562	792688.7031	3446470.3438	408979648.8891	3.1327e+05
425	114817.3061	-85732.7673	792780.3061	3446430.2327	408979648.8891	3.1205e+05
426	114908.9090	-85772.8784	792871.9090	3446390.1216	408979648.8891	3.1082e+05
427	115000.5120	-85812.9895	792963.5120	3446350.0105	408979648.8891	3.0961e+05
428	115092.1149	-85853.1006	793055.1149	3446309.8994	408979648.8891	3.0839e+05
429	115183.7179	-85893.2118	793146.7179	3446269.7882	408979648.8891	3.0718e+05
430	115275.3208	-85933.3229	793238.3208	3446229.6771	408979648.8891	3.0598e+05
431	115366.9237	-85973.4340	793329.9237	3446189.5660	408979648.8891	3.0478e+05
432	115458.5267	-86013.5451	793421.5267	3446149.4549	408979648.8891	3.0359e+05
433	115550.1296	-86053.6562	793513.1296	3446109.3438	408979648.8891	3.0240e+05
434	115641.7326	-86093.7673	793604.7326	3446069.2327	408979648.8891	3.0122e+05
435	115733.3355	-86133.8784	793696.3355	3446029.1216	408979648.8891	3.0004e+05
436	115824.9384	-86173.9895	793787.9384	3445989.0105	408979648.8891	2.9887e+05
437	115916.5414	-86214.1006	793879.5414	3445948.8994	408979648.8891	2.9770e+05
438	116008.1443	-86254.2117	793971.1443	3445908.7883	408979648.8891	2.9653e+05
439	116099.7473	-86294.3228	794062.7473	3445868.6772	408979648.8891	2.9537e+05
440	116191.3502	-86334.4340	794154.3502	3445828.5660	408979648.8891	2.9422e+05
441	116282.9532	-86374.5451	794245.9532	3445788.4549	408979648.8891	2.9307e+05
442	116374.5561	-86414.6562	794337.5561	3445748.3438	408979648.8891	2.9193e+05
443	116466.1590	-86454.7673	794429.1590	3445708.2327	408979648.8891	2.9079e+05
444	116557.7620	-86494.8784	794520.7620	3445668.1216	408979648.8891	2.8965e+05
445	116649.3649	-86534.9895	794612.3649	3445628.0105	408979648.8891	2.8852e+05
446	116740.9679	-86575.1006	794703.9679	3445587.8994	408979648.8891	2.8739e+05
447	116832.5708	-86615.2117	794795.5708	3445547.7883	408979648.8891	2.8627e+05
448	116924.1738	-86655.3228	794887.1738	3445507.6772	408979648.8891	2.8515e+05
449	117015.7767	-86695.4339	794978.7767	3445467.5661	408979648.8891	2.8404e+05
450	117107.3796	-86735.5450	795070.3796	3445427.4550	408979648.8891	2.8293e+05
451	117198.9826	-86775.6561	795161.9826	3445387.3439	408979648.8891	2.8183e+05
452	117290.5855	-86815.7673	795253.5855	3445347.2327	408979648.8891	2.8073e+05
453	117382.1885	-86855.8784	795345.1885	3445307.1216	408979648.8891	2.7964e+05
454	117473.7914	-86895.9895	795436.7914	3445267.0105	408979648.8891	2.7855e+05
455	117565.3943	-86936.1006	795528.3943	3445226.8994	408979648.8891	2.7746e+05
456	117656.9973	-86976.2117	795619.9973	3445186.7883	408979648.8891	2.7638e+05
457	117748.6002	-87016.3228	795711.6002	3445146.6772	408979648.8891	2.7530e+05
458	117840.2032	-87056.4339	795803.2032	3445106.5661	408979648.8891	2.7423e+05
459	117931.8061	-87096.5450	795894.8061	3445066.4550	408979648.8891	2.7316e+05
460	118023.4091	-87136.6561	795986.4091	3445026.3439	408979648.8891	2.7210e+05
461	118115.0120	-87176.7672	796078.0120	3444986.2328	408979648.8891	2.7104e+05
462	118206.6149	-87216.8783	796169.6149	3444946.1217	408979648.8891	2.6999e+05
463	118298.2179	-87256.9894	796261.2179	3444906.0106	408979648.8891	2.6894e+05
464	118389.8208	-87297.1006	796352.8208	3444865.8994	408979648.8891	2.6789e+05
465	118481.4238	-87337.2117	796444.4238	3444825.7883	408979648.8891	2.6685e+05
466	118573.0267	-87377.3228	796536.0267	3444785.6772	408979648.8891	2.6581e+05
467	118664.6296	-87417.4339	796627.6296	3444745.5661	408979648.8891	2.6478e+05
468	118756.2326	-87457.5450	796719.2326	3444705.4550	408979648.8891	2.6375e+05
469	118847.8355	-87497.6561	796810.8355	3444665.3439	408979648.8891	2.6273e+05
470	118939.4385	-87537.7672	796902.4385	3444625.2328	408979648.8891	2.6170e+05
471	119031.0414	-87577.8783	796994.0414	3444585.1217	408979648.8891	2.6069e+05
472	119122.6444	-87617.9894	797085.6444	3444545.0106	408979648.8891	2.5968e+05
473	119214.2473	-87658.1005	797177.2473	3444504.8995	408979648.8891	2.5867e+05
474	119305.8502	-87698.2116	797268.8502	3444464.7884	408979648.8891	2.5766e+05
475	119397.4532	-87738.3228	797360.4532	3444424.6772	408979648.8891	2.5666e+05
476	119489.0561	-87778.4339	797452.0561	3444384.5661	408979648.8891	2.5567e+05
477	119580.6591	-87818.5450	797543.6591	3444344.4550	408979648.8891	2.5468e+05
478	119672.2620	-87858.6561	797635.2620	3444304.3439	408979648.8891	2.5369e+05
479	119763.8650	-87898.7672	797726.8650	3444264.2328	408979648.8891	2.5271e+05
480	119855.4679	-87938.8783	797818.4679	3444224.1217	408979648.8891	2.5173e+05
481	119947.0708	-87978.9894	797910.0708	3444184.0106	408979648.8891	2.5075e+05
482	120038.6738	-88019.1005	798001.6738	3444143.8995	408979648.8891	2.4978e+05
483	120130.2767	-88059.2116	798093.2767	3444103.7884	408979648.8891	2.4881e+05
484	120221.8797	-88099.3227	798184.8797	3444063.6773	408979648.8891	2.4785e+05
485	120313.4826	-88139.4338	798276.4826	3444023.5662	408979648.8891	2.4689e+05
486	120405.0855	-88179.5449	798368.0855	3443983.4551	408979648.8891	2.4593e+05
487	120496.6885	-88219.6561	798459.6885	3443943.3439	408979648.8891	2.4498e+05
488	120588.2914	-88259.7672	798551.2914	3443903.2328	408979648.8891	2.4403e+05
489	120679.8944	-88299.8783	798642.8944	3443863.1217	408979648.8891	2.4309e+05
490	120771.4973	-88339.9894	798734.4973	3443823.0106	408979648.8891	2.4215e+05
491	120863.1003	-88380.1005	798826.1003	3443782.8995	408979648.8891	2.4121e+05
492	120954.7032	-88420.2116	798917.7032	3443742.7884	408979648.8891	2.4028e+05
493	121046.3061	-88460.3227	799009.3061	3443702.6773	408979648.8891	2.3935e+05
494	121137.9091	-88500.4338	799100.9091	3443662.5662	408979648.8891	2.3842e+05
495	121229.5120	-88540.5449	799192.5120	3443622.4551	408979648.8891	2.3750e+05
496	121321.1150	-88580.6560	799284.1150	3443582.3440	408979648.8891	2.3658e+05
497	121412.7179	-88620.7671	799375.7179	3443542.2329	408979648.8891	2.3567e+05
498	121504.3208	-88660.8782	799467.3208	3443502.1218	408979648.8891	2.3476e+05
499	121595.9238	-88700.9894	799558.9238	3443462.0106	408979648.8891	2.3385e+05
500	121687.5267	-88741.1005	799650.5267	3443421.8995	408979648.8891	2.3295e+05
501	121779.1297	-88781.2116	799742.1297	3443381.7884	408979648.8891	2.3205e+05
502	121870.7326	-88821.3227	799833.7326	3443341.6773	408979648.8891	2.3116e+05
503	121962.3356	-88861.4338	799925.3356	3443301.5662	408979648.8891	2.3026e+05
504	122053.9385	-88901.5449	800016.9385	3443261.4551	408979648.8891	2.2938e+05
505	122145.5414	-88941.6560	800108.5414	3443221.3440	408979648.8891	2.2849e+05
506	122237.1444	-88981.7671	800200.1444	3443181.2329	408979648.8891	2.2761e+05
507	122328.7473	-89021.8782	800291.7473	3443141.1218	408979648.8891	2.2673e+05
508	122420.3503	-89061.9893	800383.3503	3443101.0107	408979648.8891	2.2586e+05
509	122511.9532	-89102.1004	800474.9532	3443060.8996	408979648.8891	2.2499e+05
510	122603.5561	-89142.2116	800566.5561	3443020.7884	408979648.8891	2.2412e+05
511	122695.1591	-89182.3227	800658.1591	3442980.6773	408979648.8891	2.2326e+05
512	122786.7620	-89222.4338	800749.7620	3442940.5662	408979648.8891	2.2240e+05
513	122878.3650	-89262.5449	800841.3650	3442900.4551	408979648.8891	2.2154e+05
514	122969.9679	-89302.6560	800932.9679	3442860.3440	408979648.8891	2.2069e+05
515	123061.5709	-89342.7671	801024.5709	3442820.2329	408979648.8891	2.1984e+05
516	123153.1738	-89382.8782	801116.1738	3442780.1218	408979648.8891	2.1899e+05
517	123244.7767	-89422.9893	801207.7767	3442740.0107	408979648.8891	2.1815e+05
518	123336.3797	-89463.1004	801299.3797	3442699.8996	408979648.8891	2.1731e+05
519	123427.9826	-89503.2115	801390.9826	3442659.7885	408979648.8891	2.1648e+05
520	123519.5856	-89543.3226	801482.5856	3442619.6774	408979648.8891	2.1564e+05
521	123611.1885	-89583.4337	801574.1885	3442579.5663	408979648.8891	2.1482e+05
522	123702.7915	-89623.5449	801665.7915	3442539.4551	408979648.8891	2.1399e+05
523	123794.3944	-89663.6560	801757.3944	3442499.3440	408979648.8891	2.1317e+05
524	123885.9973	-89703.7671	801848.9973	3442459.2329	408979648.8891	2.1235e+05
525	123977.6003	-89743.8782	801940.6003	3442419.1218	408979648.8891	2.1153e+05
526	124069.2032	-89783.9893	802032.2032	3442379.0107	408979648.8891	2.1072e+05
527	124160.8062	-89824.1004	802123.8062	3442338.8996	408979648.8891	2.0991e+05
528	124252.4091	-89864.2115	802215.4091	3442298.7885	408979648.8891	2.0911e+05
529	124344.0120	-89904.3226	802307.0120	3442258.6774	408979648.8891	2.0830e+05
530	124435.6150	-89944.4337	802398.6150	3442218.5663	408979648.8891	2.0750e+05
531	124527.2179	-89984.5448	802490.2179	3442178.4552	408979648.8891	2.0671e+05
532	124618.8209	-90024.6559	802581.8209	3442138.3441	408979648.8891	2.0592e+05
533	124710.4238	-90064.7671	802673.4238	3442098.2329	408979648.8891	2.0513e+05
534	124802.0268	-90104.8782	802765.0268	3442058.1218	408979648.8891	2.0434e+05
535	124893.6297	-90144.9893	802856.6297	3442018.0107	408979648.8891	2.0356e+05
536	124985.2326	-90185.1004	802948.2326	3441977.8996	408979648.8891	2.0278e+05
537	125076.8356	-90225.2115	803039.8356	3441937.7885	408979648.8891	2.0200e+05
538	125168.4385	-90265.3226	803131.4385	3441897.6774	408979648.8891	2.0123e+05
539	125260.0415	-90305.4337	803223.0415	3441857.5663	408979648.8891	2.0045e+05
540	125351.6444	-90345.5448	803314.6444	3441817.4552	408979648.8891	1.9969e+05
541	125443.2473	-90385.6559	803406.2473	3441777.3441	408979648.8891	1.9892e+05
542	125534.8503	-90425.7670	803497.8503	3441737.2330	408979648.8891	1.9816e+05
543	125626.4532	-90465.8781	803589.4532	3441697.1219	408979648.8891	1.9740e+05
544	125718.0562	-90505.9892	803681.0562	3441657.0108	408979648.8891	1.9665e+05
545	125809.6591	-90546.1004	803772.6591	3441616.8996	408979648.8891	1.9590e+05
546	125901.2621	-90586.2115	803864.2621	3441576.7885	408979648.8891	1.9515e+05
547	125992.8650	-90626.3226	803955.8650	3441536.6774	408979648.8891	1.9440e+05
548	126084.4679	-90666.4337	804047.4679	3441496.5663	408979648.8891	1.9366e+05
549	126176.0709	-90706.5448	804139.0709	3441456.4552	408979648.8891	1.9292e+05
550	126267.6738	-90746.6559	804230.6738	3441416.3441	408979648.8891	1.9218e+05
551	126359.2768	-90786.7670	804322.2768	3441376.2330	408979648.8891	1.9145e+05
552	126450.8797	-90826.8781	804413.8797	3441336.1219	408979648.8891	1.9072e+05
553	126542.4827	-90866.9892	804505.4827	3441296.0108	408979648.8891	1.8999e+05
554	126634.0856	-90907.1003	804597.0856	3441255.8997	408979648.8891	1.8926e+05
555	126725.6885	-90947.2114	804688.6885	3441215.7886	408979648.8891	1.8854e+05
556	126817.2915	-90987.3225	804780.2915	3441175.6775	408979648.8891	1.8782e+05
557	126908.8944	-91027.4337	804871.8944	3441135.5663	408979648.8891	1.8710e+05
558	127000.4974	-91067.5448	804963.4974	3441095.4552	408979648.8891	1.8639e+05
559	127092.1003	-91107.6559	805055.1003	3441055.3441	408979648.8891	1.8568e+05
560	127183.7032	-91147.7670	805146.7032	3441015.2330	408979648.8891	1.8497e+05
561	127275.3062	-91187.8781	805238.3062	3440975.1219	408979648.8891	1.8427e+05
562	127366.9091	-91227.9892	805329.9091	3440935.0108	408979648.8891	1.8356e+05
563	127458.5121	-91268.1003	805421.5121	3440894.8997	408979648.8891	1.8286e+05
564	127550.1150	-91308.2114	805513.1150	3440854.7886	408979648.8891	1.8217e+05
565	127641.7180	-91348.3225	805604.7180	3440814.6775	408979648.8891	1.8147e+05
566	127733.3209	-91388.4336	805696.3209	3440774.5664	408979648.8891	1.8078e+05
567	127824.9238	-91428.5447	805787.9238	3440734.4553	408979648.8891	1.8009e+05
568	127916.5268	-91468.6559	805879.5268	3440694.3441	408979648.8891	1.7941e+05
569	128008.1297	-91508.7670	805971.1297	3440654.2330	408979648.8891	1.7873e+05
570	128099.7327	-91548.8781	806062.7327	3440614.1219	408979648.8891	1.7805e+05
571	128191.3356	-91588.9892	806154.3356	3440574.0108	408979648.8891	1.7737e+05
572	128282.9385	-91629.1003	806245.9385	3440533.8997	408979648.8891	1.7669e+05
573	128374.5415	-91669.2114	806337.5415	3440493.7886	408979648.8891	1.7602e+05
574	128466.1444	-91709.3225	806429.1444	3440453.6775	408979648.8891	1.7535e+05
575	128557.7474	-91749.4336	806520.7474	3440413.5664	408979648.8891	1.7469e+05
576	128649.3503	-91789.5447	806612.3503	3440373.4553	408979648.8891	1.7402e+05
577	128740.9533	-91829.6558	806703.9533	3440333.3442	408979648.8891	1.7336e+05
578	128832.5562	-91869.7669	806795.5562	3440293.2331	408979648.8891	1.7270e+05
579	128924.1591	-91909.8780	806887.1591	3440253.1220	408979648.8891	1.7205e+05
580	129015.7621	-91949.9892	806978.7621	3440213.0108	408979648.8891	1.7139e+05
581	129107.3650	-91990.1003	807070.3650	3440172.8997	408979648.8891	1.7074e+05
582	129198.9680	-92030.2114	807161.9680	3440132.7886	408979648.8891	1.7009e+05
583	129290.5709	-92070.3225	807253.5709	3440092.6775	408979648.8891	1.6945e+05
584	129382.1739	-92110.4336	807345.1739	3440052.5664	408979648.8891	1.6881e+05
585	129473.7768	-92150.5447	807436.7768	3440012.4553	408979648.8891	1.6817e+05
586	129565.3797	-92190.6558	807528.3797	3439972.3442	408979648.8891	1.6753e+05
587	129656.9827	-92230.7669	807619.9827	3439932.2331	408979648.8891	1.6689e+05
588	129748.5856	-92270.8780	807711.5856	3439892.1220	408979648.8891	1.6626e+05
589	129840.1886	-92310.9891	807803.1886	3439852.0109	408979648.8891	1.6563e+05
590	129931.7915	-92351.1002	807894.7915	3439811.8998	408979648.8891	1.6500e+05
591	130023.3944	-92391.2114	807986.3944	3439771.7886	408979648.8891	1.6438e+05
592	130114.9974	-92431.3225	808077.9974	3439731.6775	408979648.8891	1.6376e+05
593	130206.6003	-92471.4336	808169.6003	3439691.5664	408979648.8891	1.6314e+05
594	130298.2033	-92511.5447	808261.2033	3439651.4553	408979648.8891	1.6252e+05
595	130389.8062	-92551.6558	808352.8062	3439611.3442	408979648.8891	1.6190e+05
596	130481.4092	-92591.7669	808444.4092	3439571.2331	408979648.8891	1.6129e+05
597	130573.0121	-92631.8780	808536.0121	3439531.1220	408979648.8891	1.6068e+05
598	130664.6150	-92671.9891	808627.6150	3439491.0109	408979648.8891	1.6007e+05
599	130756.2180	-92712.1002	808719.2180	3439450.8998	408979648.8891	1.5947e+05
600	130847.8209	-92752.2113	808810.8209	3439410.7887	408979648.8891	1.5886e+05
601	130939.4239	-92792.3224	808902.4239	3439370.6776	408979648.8891	1.5826e+05
602	131031.0268	-92832.4335	808994.0268	3439330.5665	408979648.8891	1.5766e+05
603	131122.6297	-92872.5447	809085.6297	3439290.4553	408979648.8891	1.5707e+05
604	131214.2327	-92912.6558	809177.2327	3439250.3442	408979648.8891	1.5648e+05
605	131305.8356	-92952.7669	809268.8356	3439210.2331	408979648.8891	1.5588e+05
606	131397.4386	-92992.8780	809360.4386	3439170.1220	408979648.8891	1.5530e+05
607	131489.0415	-93032.9891	809452.0415	3439130.0109	408979648.8891	1.5471e+05
608	131580.6445	-93073.1002	809543.6445	3439089.8998	408979648.8891	1.5413e+05
609	131672.2474	-93113.2113	809635.2474	3439049.7887	408979648.8891	1.5354e+05
610	131763.8503	-93153.3224	809726.8503	3439009.6776	408979648.8891	1.5296e+05
611	131855.4533	-93193.4335	809818.4533	3438969.5665	408979648.8891	1.5239e+05
612	131947.0562	-93233.5446	809910.0562	3438929.4554	408979648.8891	1.5181e+05
613	132038.6592	-93273.6557	810001.6592	3438889.3443	408979648.8891	1.5124e+05
614	132130.2621	-93313.7668	810093.2621	3438849.2332	408979648.8891	1.5067e+05
615	132221.8650	-93353.8780	810184.8650	3438809.1220	408979648.8891	1.5010e+05
616	132313.4680	-93393.9891	810276.4680	3438769.0109	408979648.8891	1.4954e+05
617	132405.0709	-93434.1002	810368.0709	3438728.8998	408979648.8891	1.4897e+05
618	132496.6739	-93474.2113	810459.6739	3438688.7887	408979648.8891	1.4841e+05
619	132588.2768	-93514.3224	810551.2768	3438648.6776	408979648.8891	1.4785e+05
620	132679.8798	-93554.4335	810642.8798	3438608.5665	408979648.8891	1.4730e+05
621	132771.4827	-93594.5446	810734.4827	3438568.4554	408979648.8891	1.4674e+05
622	132863.0856	-93634.6557	810826.0856	3438528.3443	408979648.8891	1.4619e+05
623	132954.6886	-93674.7668	810917.6886	3438488.2332	408979648.8891	1.4564e+05
624	133046.2915	-93714.8779	811009.2915	3438448.1221	408979648.8891	1.4509e+05
625	133137.8945	-93754.9890	811100.8945	3438408.0110	408979648.8891	1.4455e+05
626	133229.4974	-93795.1002	811192.4974	3438367.8998	408979648.8891	1.4400e+05
627	133321.1004	-93835.2113	811284.1004	3438327.7887	408979648.8891	1.4346e+05
628	133412.7033	-93875.3224	811375.7033	3438287.6776	408979648.8891	1.4292e+05
629	133504.3062	-93915.4335	811467.3062	3438247.5665	408979648.8891	1.4238e+05
630	133595.9092	-93955.5446	811558.9092	3438207.4554	408979648.8891	1.4185e+05
631	133687.5121	-93995.6557	811650.5121	3438167.3443	408979648.8891	1.4132e+05
632	133779.1151	-94035.7668	811742.1151	3438127.2332	408979648.8891	1.4079e+05
633	133870.7180	-94075.8779	811833.7180	3438087.1221	408979648.8891	1.4026e+05
634	133962.3209	-94115.9890	811925.3209	3438047.0110	408979648.8891	1.3973e+05
635	134053.9239	-94156.1001	812016.9239	3438006.8999	408979648.8891	1.3921e+05
636	134145.5268	-94196.2112	812108.5268	3437966.7888	408979648.8891	1.3868e+05
637	134237.1298	-94236.3223	812200.1298	3437926.6777	408979648.8891	1.3816e+05
638	134328.7327	-94276.4335	812291.7327	3437886.5665	408979648.8891	1.3765e+05
639	134420.3357	-94316.5446	812383.3357	3437846.4554	408979648.8891	1.3713e+05
640	134511.9386	-94356.6557	812474.9386	3437806.3443	408979648.8891	1.3662e+05
641	134603.5415	-94396.7668	812566.5415	3437766.2332	408979648.8891	1.3610e+05
642	134695.1445	-94436.8779	812658.1445	3437726.1221	408979648.8891	1.3559e+05
643	134786.7474	-94476.9890	812749.7474	3437686.0110	408979648.8891	1.3509e+05
644	134878.3504	-94517.1001	812841.3504	3437645.8999	408979648.8891	1.3458e+05
645	134969.9533	-94557.2112	812932.9533	3437605.7888	408979648.8891	1.3408e+05
646	135061.5562	-94597.3223	813024.5562	3437565.6777	408979648.8891	1.3357e+05
647	135153.1592	-94637.4334	813116.1592	3437525.5666	408979648.8891	1.3307e+05
648	135244.7621	-94677.5445	813207.7621	3437485.4555	408979648.8891	1.3257e+05
649	135336.3651	-94717.6556	813299.3651	3437445.3444	408979648.8891	1.3208e+05
650	135427.9680	-94757.7668	813390.9680	3437405.2332	408979648.8891	1.3158e+05
651	135519.5710	-94797.8779	813482.5710	3437365.1221	408979648.8891	1.3109e+05
652	135611.1739	-94837.9890	813574.1739	3437325.0110	408979648.8891	1.3060e+05
653	135702.7768	-94878.1001	813665.7768	3437284.8999	408979648.8891	1.3011e+05
654	135794.3798	-94918.2112	813757.3798	3437244.7888	408979648.8891	1.2963e+05
655	135885.9827	-94958.3223	813848.9827	3437204.6777	408979648.8891	1.2914e+05
656	135977.5857	-94998.4334	813940.5857	3437164.5666	408979648.8891	1.2866e+05
657	136069.1886	-95038.5445	814032.1886	3437124.4555	408979648.8891	1.2818e+05
658	136160.7916	-95078.6556	814123.7916	3437084.3444	408979648.8891	1.2770e+05
659	136252.3945	-95118.7667	814215.3945	3437044.2333	408979648.8891	1.2722e+05
660	136343.9974	-95158.8778	814306.9974	3437004.1222	408979648.8891	1.2675e+05
661	136435.6004	-95198.9890	814398.6004	3436964.0110	408979648.8891	1.2628e+05
662	136527.2033	-95239.1001	814490.2033	3436923.8999	408979648.8891	1.2580e+05
663	136618.8063	-95279.2112	814581.8063	3436883.7888	408979648.8891	1.2534e+05
664	136710.4092	-95319.3223	814673.4092	3436843.6777	408979648.8891	1.2487e+05
665	136802.0121	-95359.4334	814765.0121	3436803.5666	408979648.8891	1.2440e+05
666	136893.6151	-95399.5445	814856.6151	3436763.4555	408979648.8891	1.2394e+05
667	136985.2180	-95439.6556	814948.2180	3436723.3444	408979648.8891	1.2348e+05
668	137076.8210	-95479.7667	815039.8210	3436683.2333	408979648.8891	1.2302e+05
669	137168.4239	-95519.8778	815131.4239	3436643.1222	408979648.8891	1.2256e+05
670	137260.0269	-95559.9889	815223.0269	3436603.0111	408979648.8891	1.2210e+05
671	137351.6298	-95600.1000	815314.6298	3436562.9000	408979648.8891	1.2165e+05
672	137443.2327	-95640.2111	815406.2327	3436522.7889	408979648.8891	1.2119e+05
673	137534.8357	-95680.3223	815497.8357	3436482.6777	408979648.8891	1.2074e+05
674	137626.4386	-95720.4334	815589.4386	3436442.5666	408979648.8891	1.2029e+05
675	137718.0416	-95760.5445	815681.0416	3436402.4555	408979648.8891	1.1985e+05
676	137809.6445	-95800.6556	815772.6445	3436362.3444	408979648.8891	1.1940e+05
677	137901.2474	-95840.7667	815864.2474	3436322.2333	408979648.8891	1.1895e+05
678	137992.8504	-95880.8778	815955.8504	3436282.1222	408979648.8891	1.1851e+05
679	138084.4533	-95920.9889	816047.4533	3436242.0111	408979648.8891	1.1807e+05
680	138176.0563	-95961.1000	816139.0563	3436201.9000	408979648.8891	1.1763e+05
681	138267.6592	-96001.2111	816230.6592	3436161.7889	408979648.8891	1.1720e+05
682	138359.2622	-96041.3222	816322.2622	3436121.6778	408979648.8891	1.1676e+05
683	138450.8651	-96081.4333	816413.8651	3436081.5667	408979648.8891	1.1633e+05
684	138542.4680	-96121.5445	816505.4680	3436041.4555	408979648.8891	1.1589e+05
685	138634.0710	-96161.6556	816597.0710	3436001.3444	408979648.8891	1.1546e+05
686	138725.6739	-96201.7667	816688.6739	3435961.2333	408979648.8891	1.1504e+05
687	138817.2769	-96241.8778	816780.2769	3435921.1222	408979648.8891	1.1461e+05
688	138908.8798	-96281.9889	816871.8798	3435881.0111	408979648.8891	1.1418e+05
689	139000.4828	-96322.1000	816963.4828	3435840.9000	408979648.8891	1.1376e+05
690	139092.0857	-96362.2111	817055.0857	3435800.7889	408979648.8891	1.1334e+05
691	139183.6886	-96402.3222	817146.6886	3435760.6778	408979648.8891	1.1292e+05
692	139275.2916	-96442.4333	817238.2916	3435720.5667	408979648.8891	1.1250e+05
693	139366.8945	-96482.5444	817329.8945	3435680.4556	408979648.8891	1.1208e+05
694	139458.4975	-96522.6555	817421.4975	3435640.3445	408979648.8891	1.1167e+05
695	139550.1004	-96562.7666	817513.1004	3435600.2334	408979648.8891	1.1125e+05
696	139641.7033	-96602.8778	817604.7033	3435560.1222	408979648.8891	1.1084e+05
697	139733.3063	-96642.9889	817696.3063	3435520.0111	408979648.8891	1.1043e+05
698	139824.9092	-96683.1000	817787.9092	3435479.9000	408979648.8891	1.1002e+05
699	139916.5122	-96723.2111	817879.5122	3435439.7889	408979648.8891	1.0961e+05
700	140008.1151	-96763.3222	817971.1151	3435399.6778	408979648.8891	1.0921e+05
701	140099.7181	-96803.4333	818062.7181	3435359.5667	408979648.8891	1.0880e+05
702	140191.3210	-96843.5444	818154.3210	3435319.4556	408979648.8891	1.0840e+05
703	140282.9239	-96883.6555	818245.9239	3435279.3445	408979648.8891	1.0800e+05
704	140374.5269	-96923.7666	818337.5269	3435239.2334	408979648.8891	1.0760e+05
705	140466.1298	-96963.8777	818429.1298	3435199.1223	408979648.8891	1.0720e+05
706	140557.7328	-97003.9888	818520.7328	3435159.0112	408979648.8891	1.0681e+05
707	140649.3357	-97044.0999	818612.3357	3435118.9001	408979648.8891	1.0641e+05
708	140740.9386	-97084.2111	818703.9386	3435078.7889	408979648.8891	1.0602e+05
709	140832.5416	-97124.3222	818795.5416	3435038.6778	408979648.8891	1.0563e+05
710	140924.1445	-97164.4333	818887.1445	3434998.5667	408979648.8891	1.0524e+05
711	141015.7475	-97204.5444	818978.7475	3434958.4556	408979648.8891	1.0485e+05
712	141107.3504	-97244.6555	819070.3504	3434918.3445	408979648.8891	1.0446e+05
713	141198.9534	-97284.7666	819161.9534	3434878.2334	408979648.8891	1.0407e+05
714	141290.5563	-97324.8777	819253.5563	3434838.1223	408979648.8891	1.0369e+05
715	141382.1592	-97364.9888	819345.1592	3434798.0112	408979648.8891	1.0331e+05
716	141473.7622	-97405.0999	819436.7622	3434757.9001	408979648.8891	1.0293e+05
717	141565.3651	-97445.2110	819528.3651	3434717.7890	408979648.8891	1.0255e+05
718	141656.9681	-97485.3221	819619.9681	3434677.6779	408979648.8891	1.0217e+05
719	141748.5710	-97525.4333	819711.5710	3434637.5667	408979648.8891	1.0179e+05
720	141840.1739	-97565.5444	819803.1739	3434597.4556	408979648.8891	1.0142e+05
721	141931.7769	-97605.6555	819894.7769	3434557.3445	408979648.8891	1.0104e+05
722	142023.3798	-97645.7666	819986.3798	3434517.2334	408979648.8891	1.0067e+05
723	142114.9828	-97685.8777	820077.9828	3434477.1223	408979648.8891	1.0030e+05
724	142206.5857	-97725.9888	820169.5857	3434437.0112	408979648.8891	9.9930e+04
725	142298.1887	-97766.0999	820261.1887	3434396.9001	408979648.8891	9.9562e+04
726	142389.7916	-97806.2110	820352.7916	3434356.7890	408979648.8891	9.9196e+04
727	142481.3945	-97846.3221	820444.3945	3434316.6779	408979648.8891	9.8831e+04
728	142572.9975	-97886.4332	820535.9975	3434276.5668	408979648.8891	9.8467e+04
729	142664.6004	-97926.5443	820627.6004	3434236.4557	408979648.8891	9.8105e+04
730	142756.2034	-97966.6554	820719.2034	3434196.3446	408979648.8891	9.7744e+04
731	142847.8063	-98006.7666	820810.8063	3434156.2334	408979648.8891	9.7384e+04
732	142939.4093	-98046.8777	820902.4093	3434116.1223	408979648.8891	9.7026e+04
733	143031.0122	-98086.9888	820994.0122	3434076.0112	408979648.8891	9.6670e+04
734	143122.6151	-98127.0999	821085.6151	3434035.9001	408979648.8891	9.6315e+04
735	143214.2181	-98167.2110	821177.2181	3433995.7890	408979648.8891	9.5961e+04
736	143305.8210	-98207.3221	821268.8210	3433955.6779	408979648.8891	9.5608e+04
737	143397.4240	-98247.4332	821360.4240	3433915.5668	408979648.8891	9.5257e+04
738	143489.0269	-98287.5443	821452.0269	3433875.4557	408979648.8891	9.4907e+04
739	143580.6298	-98327.6554	821543.6298	3433835.3446	408979648.8891	9.4559e+04
740	143672.2328	-98367.7665	821635.2328	3433795.2335	408979648.8891	9.4212e+04
741	143763.8357	-98407.8776	821726.8357	3433755.1224	408979648.8891	9.3866e+04
742	143855.4387	-98447.9888	821818.4387	3433715.0112	408979648.8891	9.3522e+04
743	143947.0416	-98488.0999	821910.0416	3433674.9001	408979648.8891	9.3179e+04
744	144038.6446	-98528.2110	822001.6446	3433634.7890	408979648.8891	9.2837e+04
745	144130.2475	-98568.3221	822093.2475	3433594.6779	408979648.8891	9.2496e+04
746	144221.8504	-98608.4332	822184.8504	3433554.5668	408979648.8891	9.2157e+04
747	144313.4534	-98648.5443	822276.4534	3433514.4557	408979648.8891	9.1820e+04
748	144405.0563	-98688.6554	822368.0563	3433474.3446	408979648.8891	9.1483e+04
749	144496.6593	-98728.7665	822459.6593	3433434.2335	408979648.8891	9.1148e+04
750	144588.2622	-98768.8776	822551.2622	3433394.1224	408979648.8891	9.0814e+04
751	144679.8651	-98808.9887	822642.8651	3433354.0113	408979648.8891	9.0482e+04
752	144771.4681	-98849.0998	822734.4681	3433313.9002	408979648.8891	9.0150e+04
753	144863.0710	-98889.2109	822826.0710	3433273.7891	408979648.8891	8.9820e+04
754	144954.6740	-98929.3221	822917.6740	3433233.6779	408979648.8891	8.9492e+04
755	145046.2769	-98969.4332	823009.2769	3433193.5668	408979648.8891	8.9164e+04
756	145137.8799	-99009.5443	823100.8799	3433153.4557	408979648.8891	8.8838e+04
757	145229.4828	-99049.6554	823192.4828	3433113.3446	408979648.8891	8.8513e+04
758	145321.0857	-99089.7665	823284.0857	3433073.2335	408979648.8891	8.8190e+04
759	145412.6887	-99129.8776	823375.6887	3433033.1224	408979648.8891	8.7867e+04
760	145504.2916	-99169.9887	823467.2916	3432993.0113	408979648.8891	8.7546e+04
761	145595.8946	-99210.0998	823558.8946	3432952.9002	408979648.8891	8.7226e+04
762	145687.4975	-99250.2109	823650.4975	3432912.7891	408979648.8891	8.6908e+04
763	145779.1005	-99290.3220	823742.1005	3432872.6780	408979648.8891	8.6590e+04
764	145870.7034	-99330.4331	823833.7034	3432832.5669	408979648.8891	8.6274e+04
765	145962.3063	-99370.5442	823925.3063	3432792.4558	408979648.8891	8.5959e+04
766	146053.9093	-99410.6554	824016.9093	3432752.3446	408979648.8891	8.5645e+04
767	146145.5122	-99450.7665	824108.5122	3432712.2335	408979648.8891	8.5333e+04
768	146237.1152	-99490.8776	824200.1152	3432672.1224	408979648.8891	8.5021e+04
769	146328.7181	-99530.9887	824291.7181	3432632.0113	408979648.8891	8.4711e+04
770	146420.3210	-99571.0998	824383.3210	3432591.9002	408979648.8891	8.4402e+04
771	146511.9240	-99611.2109	824474.9240	3432551.7891	408979648.8891	8.4095e+04
772	146603.5269	-99651.3220	824566.5269	3432511.6780	408979648.8891	8.3788e+04
773	146695.1299	-99691.4331	824658.1299	3432471.5669	408979648.8891	8.3483e+04
774	146786.7328	-99731.5442	824749.7328	3432431.4558	408979648.8891	8.3178e+04
775	146878.3358	-99771.6553	824841.3358	3432391.3447	408979648.8891	8.2875e+04
776	146969.9387	-99811.7664	824932.9387	3432351.2336	408979648.8891	8.2574e+04
777	147061.5416	-99851.8776	825024.5416	3432311.1224	408979648.8891	8.2273e+04
778	147153.1446	-99891.9887	825116.1446	3432271.0113	408979648.8891	8.1973e+04
779	147244.7475	-99932.0998	825207.7475	3432230.9002	408979648.8891	8.1675e+04
780	147336.3505	-99972.2109	825299.3505	3432190.7891	408979648.8891	8.1378e+04
781	147427.9534	-100012.3220	825390.9534	3432150.6780	408979648.8891	8.1082e+04
782	147519.5563	-100052.4331	825482.5563	3432110.5669	408979648.8891	8.0787e+04
783	147611.1593	-100092.5442	825574.1593	3432070.4558	408979648.8891	8.0493e+04
784	147702.7622	-100132.6553	825665.7622	3432030.3447	408979648.8891	8.0200e+04
785	147794.3652	-100172.7664	825757.3652	3431990.2336	408979648.8891	7.9909e+04
786	147885.9681	-100212.8775	825848.9681	3431950.1225	408979648.8891	7.9618e+04
787	147977.5711	-100252.9886	825940.5711	3431910.0114	408979648.8891	7.9329e+04
788	148069.1740	-100293.0997	826032.1740	3431869.9003	408979648.8891	7.9041e+04
789	148160.7769	-100333.2109	826123.7769	3431829.7891	408979648.8891	7.8754e+04
790	148252.3799	-100373.3220	826215.3799	3431789.6780	408979648.8891	7.8468e+04
791	148343.9828	-100413.4331	826306.9828	3431749.5669	408979648.8891	7.8183e+04
792	148435.5858	-100453.5442	826398.5858	3431709.4558	408979648.8891	7.7899e+04
793	148527.1887	-100493.6553	826490.1887	3431669.3447	408979648.8891	7.7616e+04
794	148618.7917	-100533.7664	826581.7917	3431629.2336	408979648.8891	7.7335e+04
795	148710.3946	-100573.8775	826673.3946	3431589.1225	408979648.8891	7.7054e+04
796	148801.9975	-100613.9886	826764.9975	3431549.0114	408979648.8891	7.6775e+04
797	148893.6005	-100654.0997	826856.6005	3431508.9003	408979648.8891	7.6496e+04
798	148985.2034	-100694.2108	826948.2034	3431468.7892	408979648.8891	7.6219e+04
799	149076.8064	-100734.3219	827039.8064	3431428.6781	408979648.8891	7.5943e+04
800	149168.4093	-100774.4331	827131.4093	3431388.5669	408979648.8891	7.5668e+04
801	149260.0122	-100814.5442	827223.0122	3431348.4558	408979648.8891	7.5393e+04
802	149351.6152	-100854.6553	827314.6152	3431308.3447	408979648.8891	7.5120e+04
803	149443.2181	-100894.7664	827406.2181	3431268.2336	408979648.8891	7.4848e+04
804	149534.8211	-100934.8775	827497.8211	3431228.1225	408979648.8891	7.4577e+04
805	149626.4240	-100974.9886	827589.4240	3431188.0114	408979648.8891	7.4307e+04
806	149718.0270	-101015.0997	827681.0270	3431147.9003	408979648.8891	7.4038e+04
807	149809.6299	-101055.2108	827772.6299	3431107.7892	408979648.8891	7.3771e+04
808	149901.2328	-101095.3219	827864.2328	3431067.6781	408979648.8891	7.3504e+04
809	149992.8358	-101135.4330	827955.8358	3431027.5670	408979648.8891	7.3238e+04
810	150084.4387	-101175.5441	828047.4387	3430987.4559	408979648.8891	7.2973e+04
811	150176.0417	-101215.6552	828139.0417	3430947.3448	408979648.8891	7.2709e+04
812	150267.6446	-101255.7664	828230.6446	3430907.2336	408979648.8891	7.2446e+04
813	150359.2475	-101295.8775	828322.2475	3430867.1225	408979648.8891	7.2185e+04
814	150450.8505	-101335.9886	828413.8505	3430827.0114	408979648.8891	7.1924e+04
815	150542.4534	-101376.0997	828505.4534	3430786.9003	408979648.8891	7.1664e+04
816	150634.0564	-101416.2108	828597.0564	3430746.7892	408979648.8891	7.1405e+04
817	150725.6593	-101456.3219	828688.6593	3430706.6781	408979648.8891	7.1147e+04
818	150817.2623	-101496.4330	828780.2623	3430666.5670	408979648.8891	7.0891e+04
819	150908.8652	-101536.5441	828871.8652	3430626.4559	408979648.8891	7.0635e+04
820	151000.4681	-101576.6552	828963.4681	3430586.3448	408979648.8891	7.0380e+04
821	151092.0711	-101616.7663	829055.0711	3430546.2337	408979648.8891	7.0126e+04
822	151183.6740	-101656.8774	829146.6740	3430506.1226	408979648.8891	6.9873e+04
823	151275.2770	-101696.9885	829238.2770	3430466.0115	408979648.8891	6.9621e+04
824	151366.8799	-101737.0997	829329.8799	3430425.9003	408979648.8891	6.9370e+04
825	151458.4828	-101777.2108	829421.4828	3430385.7892	408979648.8891	6.9120e+04
826	151550.0858	-101817.3219	829513.0858	3430345.6781	408979648.8891	6.8871e+04
827	151641.6887	-101857.4330	829604.6887	3430305.5670	408979648.8891	6.8623e+04
828	151733.2917	-101897.5441	829696.2917	3430265.4559	408979648.8891	6.8376e+04
829	151824.8946	-101937.6552	829787.8946	3430225.3448	408979648.8891	6.8130e+04
830	151916.4976	-101977.7663	829879.4976	3430185.2337	408979648.8891	6.7884e+04
831	152008.1005	-102017.8774	829971.1005	3430145.1226	408979648.8891	6.7640e+04
832	152099.7034	-102057.9885	830062.7034	3430105.0115	408979648.8891	6.7396e+04
833	152191.3064	-102098.0996	830154.3064	3430064.9004	408979648.8891	6.7154e+04
834	152282.9093	-102138.2107	830245.9093	3430024.7893	408979648.8891	6.6912e+04
835	152374.5123	-102178.3219	830337.5123	3429984.6781	408979648.8891	6.6672e+04
836	152466.1152	-102218.4330	830429.1152	3429944.5670	408979648.8891	6.6432e+04
837	152557.7182	-102258.5441	830520.7182	3429904.4559	408979648.8891	6.6193e+04
838	152649.3211	-102298.6552	830612.3211	3429864.3448	408979648.8891	6.5955e+04
839	152740.9240	-102338.7663	830703.9240	3429824.2337	408979648.8891	6.5718e+04
840	152832.5270	-102378.8774	830795.5270	3429784.1226	408979648.8891	6.5482e+04
841	152924.1299	-102418.9885	830887.1299	3429744.0115	408979648.8891	6.5247e+04
842	153015.7329	-102459.0996	830978.7329	3429703.9004	408979648.8891	6.5013e+04
843	153107.3358	-102499.2107	831070.3358	3429663.7893	408979648.8891	6.4779e+04
844	153198.9387	-102539.3218	831161.9387	3429623.6782	408979648.8891	6.4547e+04
845	153290.5417	-102579.4329	831253.5417	3429583.5671	408979648.8891	6.4315e+04
846	153382.1446	-102619.5440	831345.1446	3429543.4560	408979648.8891	6.4084e+04
847	153473.7476	-102659.6552	831436.7476	3429503.3448	408979648.8891	6.3854e+04
848	153565.3505	-102699.7663	831528.3505	3429463.2337	408979648.8891	6.3625e+04
849	153656.9535	-102739.8774	831619.9535	3429423.1226	408979648.8891	6.3397e+04
850	153748.5564	-102779.9885	831711.5564	3429383.0115	408979648.8891	6.3170e+04
851	153840.1593	-102820.0996	831803.1593	3429342.9004	408979648.8891	6.2943e+04
852	153931.7623	-102860.2107	831894.7623	3429302.7893	408979648.8891	6.2718e+04
853	154023.3652	-102900.3218	831986.3652	3429262.6782	408979648.8891	6.2493e+04
854	154114.9682	-102940.4329	832077.9682	3429222.5671	408979648.8891	6.2269e+04
855	154206.5711	-102980.5440	832169.5711	3429182.4560	408979648.8891	6.2046e+04
856	154298.1740	-103020.6551	832261.1740	3429142.3449	408979648.8891	6.1824e+04
857	154389.7770	-103060.7662	832352.7770	3429102.2338	408979648.8891	6.1603e+04
858	154481.3799	-103100.8773	832444.3799	3429062.1227	408979648.8891	6.1382e+04
859	154572.9829	-103140.9885	832535.9829	3429022.0115	408979648.8891	6.1163e+04
860	154664.5858	-103181.0996	832627.5858	3428981.9004	408979648.8891	6.0944e+04
861	154756.1888	-103221.2107	832719.1888	3428941.7893	408979648.8891	6.0726e+04
862	154847.7917	-103261.3218	832810.7917	3428901.6782	408979648.8891	6.0509e+04
863	154939.3946	-103301.4329	832902.3946	3428861.5671	408979648.8891	6.0292e+04
864	155030.9976	-103341.5440	832993.9976	3428821.4560	408979648.8891	6.0077e+04
865	155122.6005	-103381.6551	833085.6005	3428781.3449	408979648.8891	5.9862e+04
866	155214.2035	-103421.7662	833177.2035	3428741.2338	408979648.8891	5.9648e+04
867	155305.8064	-103461.8773	833268.8064	3428701.1227	408979648.8891	5.9435e+04
868	155397.4094	-103501.9884	833360.4094	3428661.0116	408979648.8891	5.9223e+04
869	155489.0123	-103542.0995	833452.0123	3428620.9005	408979648.8891	5.9011e+04
870	155580.6152	-103582.2107	833543.6152	3428580.7893	408979648.8891	5.8801e+04
871	155672.2182	-103622.3218	833635.2182	3428540.6782	408979648.8891	5.8591e+04
872	155763.8211	-103662.4329	833726.8211	3428500.5671	408979648.8891	5.8382e+04
873	155855.4241	-103702.5440	833818.4241	3428460.4560	408979648.8891	5.8174e+04
874	155947.0270	-103742.6551	833910.0270	3428420.3449	408979648.8891	5.7966e+04
875	156038.6299	-103782.7662	834001.6299	3428380.2338	408979648.8891	5.7759e+04
876	156130.2329	-103822.8773	834093.2329	3428340.1227	408979648.8891	5.7553e+04
877	156221.8358	-103862.9884	834184.8358	3428300.0116	408979648.8891	5.7348e+04
878	156313.4388	-103903.0995	834276.4388	3428259.9005	408979648.8891	5.7144e+04
879	156405.0417	-103943.2106	834368.0417	3428219.7894	408979648.8891	5.6940e+04
880	156496.6447	-103983.3217	834459.6447	3428179.6783	408979648.8891	5.6737e+04
881	156588.2476	-104023.4328	834551.2476	3428139.5672	408979648.8891	5.6535e+04
882	156679.8505	-104063.5440	834642.8505	3428099.4560	408979648.8891	5.6334e+04
883	156771.4535	-104103.6551	834734.4535	3428059.3449	408979648.8891	5.6134e+04
884	156863.0564	-104143.7662	834826.0564	3428019.2338	408979648.8891	5.5934e+04
885	156954.6594	-104183.8773	834917.6594	3427979.1227	408979648.8891	5.5735e+04
886	157046.2623	-104223.9884	835009.2623	3427939.0116	408979648.8891	5.5536e+04
887	157137.8652	-104264.0995	835100.8652	3427898.9005	408979648.8891	5.5339e+04
888	157229.4682	-104304.2106	835192.4682	3427858.7894	408979648.8891	5.5142e+04
889	157321.0711	-104344.3217	835284.0711	3427818.6783	408979648.8891	5.4946e+04
890	157412.6741	-104384.4328	835375.6741	3427778.5672	408979648.8891	5.4751e+04
891	157504.2770	-104424.5439	835467.2770	3427738.4561	408979648.8891	5.4556e+04
892	157595.8800	-104464.6550	835558.8800	3427698.3450	408979648.8891	5.4362e+04
893	157687.4829	-104504.7662	835650.4829	3427658.2338	408979648.8891	5.4169e+04
894	157779.0858	-104544.8773	835742.0858	3427618.1227	408979648.8891	5.3977e+04
895	157870.6888	-104584.9884	835833.6888	3427578.0116	408979648.8891	5.3785e+04
896	157962.2917	-104625.0995	835925.2917	3427537.9005	408979648.8891	5.3594e+04
897	158053.8947	-104665.2106	836016.8947	3427497.7894	408979648.8891	5.3404e+04
898	158145.4976	-104705.3217	836108.4976	3427457.6783	408979648.8891	5.3214e+04
899	158237.1006	-104745.4328	836200.1006	3427417.5672	408979648.8891	5.3026e+04
900	158328.7035	-104785.5439	836291.7035	3427377.4561	408979648.8891	5.2838e+04
901	158420.3064	-104825.6550	836383.3064	3427337.3450	408979648.8891	5.2650e+04
902	158511.9094	-104865.7661	836474.9094	3427297.2339	408979648.8891	5.2463e+04
903	158603.5123	-104905.8772	836566.5123	3427257.1228	408979648.8891	5.2277e+04
904	158695.1153	-104945.9883	836658.1153	3427217.0117	408979648.8891	5.2092e+04
905	158786.7182	-104986.0995	836749.7182	3427176.9005	408979648.8891	5.1908e+04
906	158878.3211	-105026.2106	836841.3211	3427136.7894	408979648.8891	5.1724e+04
907	158969.9241	-105066.3217	836932.9241	3427096.6783	408979648.8891	5.1541e+04
908	159061.5270	-105106.4328	837024.5270	3427056.5672	408979648.8891	5.1358e+04
909	159153.1300	-105146.5439	837116.1300	3427016.4561	408979648.8891	5.1176e+04
910	159244.7329	-105186.6550	837207.7329	3426976.3450	408979648.8891	5.0995e+04
911	159336.3359	-105226.7661	837299.3359	3426936.2339	408979648.8891	5.0815e+04
912	159427.9388	-105266.8772	837390.9388	3426896.1228	408979648.8891	5.0635e+04
913	159519.5417	-105306.9883	837482.5417	3426856.0117	408979648.8891	5.0456e+04
914	159611.1447	-105347.0994	837574.1447	3426815.9006	408979648.8891	5.0277e+04
915	159702.7476	-105387.2105	837665.7476	3426775.7895	408979648.8891	5.0099e+04
916	159794.3506	-105427.3216	837757.3506	3426735.6784	408979648.8891	4.9922e+04
917	159885.9535	-105467.4328	837848.9535	3426695.5672	408979648.8891	4.9746e+04
918	159977.5564	-105507.5439	837940.5564	3426655.4561	408979648.8891	4.9570e+04
919	160069.1594	-105547.6550	838032.1594	3426615.3450	408979648.8891	4.9395e+04
920	160160.7623	-105587.7661	838123.7623	3426575.2339	408979648.8891	4.9221e+04
921	160252.3653	-105627.8772	838215.3653	3426535.1228	408979648.8891	4.9047e+04
922	160343.9682	-105667.9883	838306.9682	3426495.0117	408979648.8891	4.8874e+04
923	160435.5712	-105708.0994	838398.5712	3426454.9006	408979648.8891	4.8701e+04
924	160527.1741	-105748.2105	838490.1741	3426414.7895	408979648.8891	4.8529e+04
925	160618.7770	-105788.3216	838581.7770	3426374.6784	408979648.8891	4.8358e+04
926	160710.3800	-105828.4327	838673.3800	3426334.5673	408979648.8891	4.8187e+04
927	160801.9829	-105868.5438	838764.9829	3426294.4562	408979648.8891	4.8017e+04
928	160893.5859	-105908.6550	838856.5859	3426254.3450	408979648.8891	4.7848e+04
929	160985.1888	-105948.7661	838948.1888	3426214.2339	408979648.8891	4.7679e+04
930	161076.7918	-105988.8772	839039.7918	3426174.1228	408979648.8891	4.7511e+04
931	161168.3947	-106028.9883	839131.3947	3426134.0117	408979648.8891	4.7344e+04
932	161259.9976	-106069.0994	839222.9976	3426093.9006	408979648.8891	4.7177e+04
933	161351.6006	-106109.2105	839314.6006	3426053.7895	408979648.8891	4.7011e+04
934	161443.2035	-106149.3216	839406.2035	3426013.6784	408979648.8891	4.6845e+04
935	161534.8065	-106189.4327	839497.8065	3425973.5673	408979648.8891	4.6681e+04
936	161626.4094	-106229.5438	839589.4094	3425933.4562	408979648.8891	4.6516e+04
937	161718.0123	-106269.6549	839681.0123	3425893.3451	408979648.8891	4.6352e+04
938	161809.6153	-106309.7660	839772.6153	3425853.2340	408979648.8891	4.6189e+04
939	161901.2182	-106349.8771	839864.2182	3425813.1229	408979648.8891	4.6027e+04
940	161992.8212	-106389.9883	839955.8212	3425773.0117	408979648.8891	4.5865e+04
941	162084.4241	-106430.0994	840047.4241	3425732.9006	408979648.8891	4.5704e+04
942	162176.0271	-106470.2105	840139.0271	3425692.7895	408979648.8891	4.5543e+04
943	162267.6300	-106510.3216	840230.6300	3425652.6784	408979648.8891	4.5383e+04
944	162359.2329	-106550.4327	840322.2329	3425612.5673	408979648.8891	4.5224e+04
945	162450.8359	-106590.5438	840413.8359	3425572.4562	408979648.8891	4.5065e+04
946	162542.4388	-106630.6549	840505.4388	3425532.3451	408979648.8891	4.4906e+04
947	162634.0418	-106670.7660	840597.0418	3425492.2340	408979648.8891	4.4749e+04
948	162725.6447	-106710.8771	840688.6447	3425452.1229	408979648.8891	4.4591e+04
949	162817.2476	-106750.9882	840780.2476	3425412.0118	408979648.8891	4.4435e+04
950	162908.8506	-106791.0993	840871.8506	3425371.9007	408979648.8891	4.4279e+04
951	163000.4535	-106831.2105	840963.4535	3425331.7895	408979648.8891	4.4124e+04
952	163092.0565	-106871.3216	841055.0565	3425291.6784	408979648.8891	4.3969e+04
953	163183.6594	-106911.4327	841146.6594	3425251.5673	408979648.8891	4.3815e+04
954	163275.2624	-106951.5438	841238.2624	3425211.4562	408979648.8891	4.3661e+04
955	163366.8653	-106991.6549	841329.8653	3425171.3451	408979648.8891	4.3508e+04
956	163458.4682	-107031.7660	841421.4682	3425131.2340	408979648.8891	4.3355e+04
957	163550.0712	-107071.8771	841513.0712	3425091.1229	408979648.8891	4.3203e+04
958	163641.6741	-107111.9882	841604.6741	3425051.0118	408979648.8891	4.3052e+04
959	163733.2771	-107152.0993	841696.2771	3425010.9007	408979648.8891	4.2901e+04
960	163824.8800	-107192.2104	841787.8800	3424970.7896	408979648.8891	4.2751e+04
961	163916.4829	-107232.3215	841879.4829	3424930.6785	408979648.8891	4.2601e+04
962	164008.0859	-107272.4326	841971.0859	3424890.5674	408979648.8891	4.2452e+04
963	164099.6888	-107312.5438	842062.6888	3424850.4562	408979648.8891	4.2304e+04
964	164191.2918	-107352.6549	842154.2918	3424810.3451	408979648.8891	4.2156e+04
965	164282.8947	-107392.7660	842245.8947	3424770.2340	408979648.8891	4.2008e+04
966	164374.4977	-107432.8771	842337.4977	3424730.1229	408979648.8891	4.1861e+04
967	164466.1006	-107472.9882	842429.1006	3424690.0118	408979648.8891	4.1715e+04
968	164557.7035	-107513.0993	842520.7035	3424649.9007	408979648.8891	4.1569e+04
969	164649.3065	-107553.2104	842612.3065	3424609.7896	408979648.8891	4.1424e+04
970	164740.9094	-107593.3215	842703.9094	3424569.6785	408979648.8891	4.1279e+04
971	164832.5124	-107633.4326	842795.5124	3424529.5674	408979648.8891	4.1135e+04
972	164924.1153	-107673.5437	842887.1153	3424489.4563	408979648.8891	4.0991e+04
973	165015.7183	-107713.6548	842978.7183	3424449.3452	408979648.8891	4.0848e+04
974	165107.3212	-107753.7659	843070.3212	3424409.2341	408979648.8891	4.0705e+04
975	165198.9241	-107793.8771	843161.9241	3424369.1229	408979648.8891	4.0563e+04
976	165290.5271	-107833.9882	843253.5271	3424329.0118	408979648.8891	4.0421e+04
977	165382.1300	-107874.0993	843345.1300	3424288.9007	408979648.8891	4.0280e+04
978	165473.7330	-107914.2104	843436.7330	3424248.7896	408979648.8891	4.0140e+04
979	165565.3359	-107954.3215	843528.3359	3424208.6785	408979648.8891	4.0000e+04
980	165656.9388	-107994.4326	843619.9388	3424168.5674	408979648.8891	3.9860e+04
981	165748.5418	-108034.5437	843711.5418	3424128.4563	408979648.8891	3.9721e+04
982	165840.1447	-108074.6548	843803.1447	3424088.3452	408979648.8891	3.9583e+04
983	165931.7477	-108114.7659	843894.7477	3424048.2341	408979648.8891	3.9445e+04
984	166023.3506	-108154.8770	843986.3506	3424008.1230	408979648.8891	3.9307e+04
985	166114.9536	-108194.9881	844077.9536	3423968.0119	408979648.8891	3.9170e+04
986	166206.5565	-108235.0993	844169.5565	3423927.9007	408979648.8891	3.9034e+04
987	166298.1594	-108275.2104	844261.1594	3423887.7896	408979648.8891	3.8898e+04
988	166389.7624	-108315.3215	844352.7624	3423847.6785	408979648.8891	3.8763e+04
989	166481.3653	-108355.4326	844444.3653	3423807.5674	408979648.8891	3.8628e+04
990	166572.9683	-108395.5437	844535.9683	3423767.4563	408979648.8891	3.8493e+04
991	166664.5712	-108435.6548	844627.5712	3423727.3452	408979648.8891	3.8359e+04
992	166756.1741	-108475.7659	844719.1741	3423687.2341	408979648.8891	3.8226e+04
993	166847.7771	-108515.8770	844810.7771	3423647.1230	408979648.8891	3.8093e+04
994	166939.3800	-108555.9881	844902.3800	3423607.0119	408979648.8891	3.7961e+04
995	167030.9830	-108596.0992	844993.9830	3423566.9008	408979648.8891	3.7829e+04
996	167122.5859	-108636.2103	845085.5859	3423526.7897	408979648.8891	3.7697e+04
997	167214.1889	-108676.3214	845177.1889	3423486.6786	408979648.8891	3.7566e+04
998	167305.7918	-108716.4326	845268.7918	3423446.5674	408979648.8891	3.7436e+04
999	167397.3947	-108756.5437	845360.3947	3423406.4563	408979648.8891	3.7306e+04
