i	x_from_vent	y_from_vent	x_coord	y_coord	cloud_sigma2	mass_released
0	486.2699	-718.3911	678449.2699	3531444.6089	289405.7521	2.6958e+07
1	567.5678	-854.1462	678530.5678	3531308.8538	331283.9793	2.5287e+07
2	656.6583	-1001.1996	678619.6583	3531161.8004	377105.6200	2.3721e+07
3	754.3115	-1152.9379	678717.3115	3531010.0621	428577.0764	2.2253e+07
4	860.2048	-1306.6669	678823.2048	3530856.3331	487247.5867	2.0876e+07
5	973.4018	-1460.8271	678936.4018	3530702.1729	553583.9659	1.9586e+07
6	1092.8107	-1614.2545	679055.8107	3530548.7455	627404.3703	1.8376e+07
7	1218.6600	-1766.2479	679181.6600	3530396.7521	708111.9065	1.7241e+07
8	1349.3665	-1915.0844	679312.3665	3530247.9156	794505.2747	1.6177e+07
9	1482.3943	-2060.1546	679445.3943	3530102.8454	885547.4048	1.5180e+07
10	1617.8280	-2201.0891	679580.8280	3529961.9109	980646.0751	1.4244e+07
11	1755.9961	-2337.4850	679718.9961	3529825.5150	1079448.8972	1.3367e+07
12	1894.8999	-2470.2228	679857.8999	3529692.7772	1181630.0399	1.2544e+07
13	2036.3910	-2598.4040	679999.3910	3529564.5960	1286804.1271	1.1772e+07
14	2178.5108	-2722.9477	680141.5108	3529440.0523	1394645.6141	1.1048e+07
15	2322.0379	-2843.4707	680285.0379	3529319.5293	1504793.3749	1.0369e+07
16	2466.3763	-2960.2359	680429.3763	3529202.7641	1616913.4958	9.7326e+06
17	2611.4669	-3073.3117	680574.4669	3529089.6883	1730671.5493	9.1353e+06
18	2757.0917	-3182.7686	680720.0917	3528980.2314	1845742.6925	8.5749e+06
19	2903.2746	-3288.6173	680866.2746	3528874.3827	1961806.1578	8.0493e+06
20	3049.3150	-3391.2906	681012.3150	3528771.7094	2078559.5222	7.5562e+06
21	3196.1233	-3490.1438	681159.1233	3528672.8562	2195682.4340	7.0935e+06
22	3341.8130	-3586.5765	681304.8130	3528576.4235	2312905.8230	6.6595e+06
23	3488.7416	-3678.7158	681451.7416	3528484.2842	2429899.4535	6.2522e+06
24	3634.4867	-3768.5195	681597.4867	3528394.4805	2546417.1305	5.8701e+06
25	3779.9263	-3855.2281	681742.9263	3528307.7719	2662165.5980	5.5115e+06
26	3925.2752	-3938.6660	681888.2752	3528224.3340	2776869.2727	5.1751e+06
27	4069.2684	-4019.9535	682032.2684	3528143.0465	2890283.7724	4.8594e+06
28	4213.0573	-4098.2145	682176.0573	3528064.7855	3002132.3755	4.5631e+06
29	4356.1035	-4173.8774	682319.1035	3527989.1226	3112234.3999	4.2850e+06
30	4497.5795	-4247.6831	682460.5795	3527915.3169	3217166.4575	4.0240e+06
31	4638.0137	-4319.7672	682601.0137	3527843.2328	3323706.6199	3.7791e+06
32	4777.4837	-4390.1487	682740.4837	3527772.8513	3428192.6962	3.5492e+06
33	4915.1469	-4459.1961	682878.1469	3527703.8039	3530474.3712	3.3335e+06
34	5051.0239	-4526.9352	683014.0239	3527636.0648	3630399.8390	3.1309e+06
35	5186.1808	-4593.2172	683149.1808	3527569.7828	3727810.2881	2.9408e+06
36	5319.7719	-4658.2116	683282.7719	3527504.7884	3822590.9538	2.7623e+06
37	5451.5770	-4721.9829	683414.5770	3527441.0171	3914625.6900	2.5948e+06
38	5581.6146	-4784.5552	683544.6146	3527378.4448	4003803.0336	2.4375e+06
39	5710.3506	-4845.8637	683673.3506	3527317.1363	4090011.8601	2.2898e+06
40	5837.9015	-4905.9117	683800.9015	3527257.0883	4173154.8818	2.1512e+06
41	5963.6814	-4964.8404	683926.6814	3527198.1596	4253154.3950	2.0210e+06
42	6087.7054	-5022.6718	684050.7054	3527140.3282	4329928.8183	1.8987e+06
43	6209.9878	-5079.4270	684172.9878	3527083.5730	4403402.9500	1.7840e+06
44	6330.5420	-5135.1270	684293.5420	3527027.8730	4473507.6356	1.6762e+06
45	6449.9017	-5189.6730	684412.9017	3526973.3270	4540170.2261	1.5750e+06
46	6567.7216	-5243.1661	684530.7216	3526919.8339	4603339.1541	1.4800e+06
47	6683.7994	-5295.6741	684646.7994	3526867.3259	4662965.5864	1.3907e+06
48	6798.1451	-5347.2156	684761.1451	3526815.7844	4719001.9933	1.3069e+06
49	6910.7681	-5397.8087	684873.7681	3526765.1913	4771405.7705	1.2281e+06
50	7021.6769	-5447.4710	684984.6769	3526715.5290	4820139.0946	1.1542e+06
51	7130.8791	-5496.2198	685093.8791	3526666.7802	4865168.7974	1.0847e+06
52	7238.3815	-5544.0719	685201.3815	3526618.9281	4906466.2582	1.0195e+06
53	7344.1904	-5591.0437	685307.1904	3526571.9563	4944007.3113	9.5822e+05
54	7448.3111	-5637.1512	685411.3111	3526525.8488	4977772.1669	9.0066e+05
55	7543.9884	-5679.3549	685506.9884	3526483.6451	5007179.9284	8.4658e+05
56	7637.2052	-5720.3722	685600.2052	3526442.6278	5032719.4404	7.9577e+05
57	7730.1471	-5761.2036	685693.1471	3526401.7964	5054566.1792	7.4805e+05
58	7822.8051	-5801.8586	685785.8051	3526361.1414	5072716.3082	7.0320e+05
59	7915.1706	-5842.3461	685878.1706	3526320.6539	5087170.1814	6.6107e+05
60	8007.2349	-5882.6754	685970.2349	3526280.3246	5097932.3174	6.2149e+05
61	8098.9894	-5922.8555	686061.9894	3526240.1445	5105011.3812	5.8429e+05
62	8190.5923	-5962.9666	686153.5923	3526200.0334	5105011.3812	5.4934e+05
63	8282.1953	-6003.0777	686245.1953	3526159.9223	5105011.3812	5.1650e+05
64	8373.7982	-6043.1888	686336.7982	3526119.8112	5105011.3812	4.8564e+05
65	8465.4011	-6083.2999	686428.4011	3526079.7001	5105011.3812	4.5664e+05
66	8557.0041	-6123.4110	686520.0041	3526039.5890	5105011.3812	4.2938e+05
67	8648.6070	-6163.5221	686611.6070	3525999.4779	5105011.3812	4.0377e+05
68	8740.2100	-6203.6332	686703.2100	3525959.3668	5105011.3812	3.7969e+05
69	8831.8129	-6243.7443	686794.8129	3525919.2557	5105011.3812	3.5706e+05
70	8923.4159	-6283.8554	686886.4159	3525879.1446	5105011.3812	3.3580e+05
71	9015.0188	-6323.9665	686978.0188	3525839.0335	5105011.3812	3.1581e+05
72	9106.6217	-6364.0777	687069.6217	3525798.9223	5105011.3812	2.9701e+05
73	9198.2247	-6404.1888	687161.2247	3525758.8112	5105011.3812	2.7935e+05
74	9289.8276	-6444.2999	687252.8276	3525718.7001	5105011.3812	2.6275e+05
75	9381.4306	-6484.4110	687344.4306	3525678.5890	5105011.3812	2.4714e+05
76	9473.0335	-6524.5221	687436.0335	3525638.4779	5105011.3812	2.3246e+05
77	9564.6364	-6564.6332	687527.6364	3525598.3668	5105011.3812	2.1866e+05
78	9656.2394	-6604.7443	687619.2394	3525558.2557	5105011.3812	2.0569e+05
79	9747.8423	-6644.8554	687710.8423	3525518.1446	5105011.3812	1.9350e+05
80	9839.4453	-6684.9665	687802.4453	3525478.0335	5105011.3812	1.8203e+05
81	9931.0482	-6725.0776	687894.0482	3525437.9224	5105011.3812	1.7125e+05
82	10022.6512	-6765.1887	687985.6512	3525397.8113	5105011.3812	1.6111e+05
83	10114.2541	-6805.2998	688077.2541	3525357.7002	5105011.3812	1.5158e+05
84	10205.8570	-6845.4110	688168.8570	3525317.5890	5105011.3812	1.4261e+05
85	10297.4600	-6885.5221	688260.4600	3525277.4779	5105011.3812	1.3418e+05
86	10389.0629	-6925.6332	688352.0629	3525237.3668	5105011.3812	1.2625e+05
87	10480.6659	-6965.7443	688443.6659	3525197.2557	5105011.3812	1.1880e+05
88	10572.2688	-7005.8554	688535.2688	3525157.1446	5105011.3812	1.1179e+05
89	10663.8717	-7045.9665	688626.8717	3525117.0335	5105011.3812	1.0519e+05
90	10755.4747	-7086.0776	688718.4747	3525076.9224	5105011.3812	9.8988e+04
91	10847.0776	-7126.1887	688810.0776	3525036.8113	5105011.3812	9.3153e+04
92	10938.6806	-7166.2998	688901.6806	3524996.7002	5105011.3812	8.7665e+04
93	11030.2835	-7206.4109	688993.2835	3524956.5891	5105011.3812	8.2503e+04
94	11121.8865	-7246.5220	689084.8865	3524916.4780	5105011.3812	7.7647e+04
95	11213.4894	-7286.6332	689176.4894	3524876.3668	5105011.3812	7.3079e+04
96	11305.0923	-7326.7443	689268.0923	3524836.2557	5105011.3812	6.8781e+04
97	11396.6953	-7366.8554	689359.6953	3524796.1446	5105011.3812	6.4739e+04
98	11488.2982	-7406.9665	689451.2982	3524756.0335	5105011.3812	6.0935e+04
99	11579.9012	-7447.0776	689542.9012	3524715.9224	5105011.3812	5.7357e+04
100	11671.5041	-7487.1887	689634.5041	3524675.8113	5105011.3812	5.3991e+04
101	11763.1071	-7527.2998	689726.1071	3524635.7002	5105011.3812	5.0823e+04
102	11854.7100	-7567.4109	689817.7100	3524595.5891	5105011.3812	4.7843e+04
103	11946.3129	-7607.5220	689909.3129	3524555.4780	5105011.3812	4.5039e+04
104	12037.9159	-7647.6331	690000.9159	3524515.3669	5105011.3812	4.2400e+04
105	12129.5188	-7687.7442	690092.5188	3524475.2558	5105011.3812	3.9917e+04
106	12221.1218	-7727.8553	690184.1218	3524435.1447	5105011.3812	3.7580e+04
107	12312.7247	-7767.9665	690275.7247	3524395.0335	5105011.3812	3.5381e+04
108	12404.3276	-7808.0776	690367.3276	3524354.9224	5105011.3812	3.3312e+04
109	12495.9306	-7848.1887	690458.9306	3524314.8113	5105011.3812	3.1365e+04
110	12587.5335	-7888.2998	690550.5335	3524274.7002	5105011.3812	2.9532e+04
111	12679.1365	-7928.4109	690642.1365	3524234.5891	5105011.3812	2.7807e+04
112	12770.7394	-7968.5220	690733.7394	3524194.4780	5105011.3812	2.6184e+04
113	12862.3424	-8008.6331	690825.3424	3524154.3669	5105011.3812	2.4656e+04
114	12953.9453	-8048.7442	690916.9453	3524114.2558	5105011.3812	2.3218e+04
115	13045.5482	-8088.8553	691008.5482	3524074.1447	5105011.3812	2.1864e+04
116	13137.1512	-8128.9664	691100.1512	3524034.0336	5105011.3812	2.0590e+04
117	13228.7541	-8169.0775	691191.7541	3523993.9225	5105011.3812	1.9390e+04
118	13320.3571	-8209.1886	691283.3571	3523953.8114	5105011.3812	1.8261e+04
119	13411.9600	-8249.2998	691374.9600	3523913.7002	5105011.3812	1.7198e+04
120	13503.5629	-8289.4109	691466.5629	3523873.5891	5105011.3812	1.6197e+04
121	13595.1659	-8329.5220	691558.1659	3523833.4780	5105011.3812	1.5255e+04
122	13686.7688	-8369.6331	691649.7688	3523793.3669	5105011.3812	1.4368e+04
123	13778.3718	-8409.7442	691741.3718	3523753.2558	5105011.3812	1.3533e+04
124	13869.9747	-8449.8553	691832.9747	3523713.1447	5105011.3812	1.2747e+04
125	13961.5777	-8489.9664	691924.5777	3523673.0336	5105011.3812	1.2007e+04
126	14053.1806	-8530.0775	692016.1806	3523632.9225	5105011.3812	1.1310e+04
127	14144.7835	-8570.1886	692107.7835	3523592.8114	5105011.3812	1.0654e+04
128	14236.3865	-8610.2997	692199.3865	3523552.7003	5105011.3812	1.0036e+04
129	14327.9894	-8650.4108	692290.9894	3523512.5892	5105011.3812	9.4544e+03
130	14419.5924	-8690.5220	692382.5924	3523472.4780	5105011.3812	8.9065e+03
131	14511.1953	-8730.6331	692474.1953	3523432.3669	5105011.3812	8.3906e+03
132	14602.7983	-8770.7442	692565.7983	3523392.2558	5105011.3812	7.9048e+03
133	14694.4012	-8810.8553	692657.4012	3523352.1447	5105011.3812	7.4472e+03
134	14786.0041	-8850.9664	692749.0041	3523312.0336	5105011.3812	7.0163e+03
135	14877.6071	-8891.0775	692840.6071	3523271.9225	5105011.3812	6.6105e+03
136	14969.2100	-8931.1886	692932.2100	3523231.8114	5105011.3812	6.2284e+03
137	15060.8130	-8971.2997	693023.8130	3523191.7003	5105011.3812	5.8684e+03
138	15152.4159	-9011.4108	693115.4159	3523151.5892	5105011.3812	5.5294e+03
139	15244.0188	-9051.5219	693207.0188	3523111.4781	5105011.3812	5.2101e+03
140	15335.6218	-9091.6330	693298.6218	3523071.3670	5105011.3812	4.9093e+03
141	15427.2247	-9131.7441	693390.2247	3523031.2559	5105011.3812	4.6260e+03
142	15518.8277	-9171.8553	693481.8277	3522991.1447	5105011.3812	4.3592e+03
143	15610.4306	-9211.9664	693573.4306	3522951.0336	5105011.3812	4.1078e+03
144	15702.0336	-9252.0775	693665.0336	3522910.9225	5105011.3812	3.8710e+03
145	15793.6365	-9292.1886	693756.6365	3522870.8114	5105011.3812	3.6480e+03
146	15885.2394	-9332.2997	693848.2394	3522830.7003	5105011.3812	3.4379e+03
147	15976.8424	-9372.4108	693939.8424	3522790.5892	5105011.3812	3.2399e+03
148	16068.4453	-9412.5219	694031.4453	3522750.4781	5105011.3812	3.0534e+03
149	16160.0483	-9452.6330	694123.0483	3522710.3670	5105011.3812	2.8777e+03
150	16251.6512	-9492.7441	694214.6512	3522670.2559	5105011.3812	2.7122e+03
151	16343.2541	-9532.8552	694306.2541	3522630.1448	5105011.3812	2.5563e+03
152	16434.8571	-9572.9663	694397.8571	3522590.0337	5105011.3812	2.4094e+03
153	16526.4600	-9613.0774	694489.4600	3522549.9226	5105011.3812	2.2709e+03
154	16618.0630	-9653.1886	694581.0630	3522509.8114	5105011.3812	2.1405e+03
155	16709.6659	-9693.2997	694672.6659	3522469.7003	5105011.3812	2.0176e+03
156	16801.2689	-9733.4108	694764.2689	3522429.5892	5105011.3812	1.9018e+03
157	16892.8718	-9773.5219	694855.8718	3522389.4781	5105011.3812	1.7927e+03
158	16984.4747	-9813.6330	694947.4747	3522349.3670	5105011.3812	1.6898e+03
159	17076.0777	-9853.7441	695039.0777	3522309.2559	5105011.3812	1.5929e+03
160	17167.6806	-9893.8552	695130.6806	3522269.1448	5105011.3812	1.5016e+03
161	17259.2836	-9933.9663	695222.2836	3522229.0337	5105011.3812	1.4156e+03
162	17350.8865	-9974.0774	695313.8865	3522188.9226	5105011.3812	1.3345e+03
163	17442.4895	-10014.1885	695405.4895	3522148.8115	5105011.3812	1.2581e+03
164	17534.0924	-10054.2996	695497.0924	3522108.7004	5105011.3812	1.1861e+03
165	17625.6953	-10094.4108	695588.6953	3522068.5892	5105011.3812	1.1182e+03
166	17717.2983	-10134.5219	695680.2983	3522028.4781	5105011.3812	1.0542e+03
167	17808.9012	-10174.6330	695771.9012	3521988.3670	5105011.3812	9.9394e+02
168	17900.5042	-10214.7441	695863.5042	3521948.2559	5105011.3812	9.3711e+02
169	17992.1071	-10254.8552	695955.1071	3521908.1448	5105011.3812	8.8356e+02
170	18083.7100	-10294.9663	696046.7100	3521868.0337	5105011.3812	8.3308e+02
171	18175.3130	-10335.0774	696138.3130	3521827.9226	5105011.3812	7.8549e+02
172	18266.9159	-10375.1885	696229.9159	3521787.8115	5105011.3812	7.4064e+02
173	18358.5189	-10415.2996	696321.5189	3521747.7004	5105011.3812	6.9837e+02
174	18450.1218	-10455.4107	696413.1218	3521707.5893	5105011.3812	6.5852e+02
175	18541.7248	-10495.5218	696504.7248	3521667.4782	5105011.3812	6.2095e+02
176	18633.3277	-10535.6329	696596.3277	3521627.3671	5105011.3812	5.8554e+02
177	18724.9306	-10575.7441	696687.9306	3521587.2559	5105011.3812	5.5216e+02
178	18816.5336	-10615.8552	696779.5336	3521547.1448	5105011.3812	5.2069e+02
179	18908.1365	-10655.9663	696871.1365	3521507.0337	5105011.3812	4.9102e+02
180	18999.7395	-10696.0774	696962.7395	3521466.9226	5105011.3812	4.6305e+02
181	19091.3424	-10736.1885	697054.3424	3521426.8115	5105011.3812	4.3669e+02
182	19182.9453	-10776.2996	697145.9453	3521386.7004	5105011.3812	4.1183e+02
183	19274.5483	-10816.4107	697237.5483	3521346.5893	5105011.3812	3.8839e+02
184	19366.1512	-10856.5218	697329.1512	3521306.4782	5105011.3812	3.6629e+02
185	19457.7542	-10896.6329	697420.7542	3521266.3671	5105011.3812	3.4546e+02
186	19549.3571	-10936.7440	697512.3571	3521226.2560	5105011.3812	3.2582e+02
187	19640.9601	-10976.8551	697603.9601	3521186.1449	5105011.3812	3.0730e+02
188	19732.5630	-11016.9663	697695.5630	3521146.0337	5105011.3812	2.8983e+02
189	19824.1659	-11057.0774	697787.1659	3521105.9226	5105011.3812	2.7337e+02
190	19915.7689	-11097.1885	697878.7689	3521065.8115	5105011.3812	2.5784e+02
191	20007.3718	-11137.2996	697970.3718	3521025.7004	5105011.3812	2.4320e+02
192	20098.9748	-11177.4107	698061.9748	3520985.5893	5105011.3812	2.2940e+02
193	20190.5777	-11217.5218	698153.5777	3520945.4782	5105011.3812	2.1638e+02
194	20282.1807	-11257.6329	698245.1807	3520905.3671	5105011.3812	2.0410e+02
195	20373.7836	-11297.7440	698336.7836	3520865.2560	5105011.3812	1.9253e+02
196	20465.3865	-11337.8551	698428.3865	3520825.1449	5105011.3812	1.8161e+02
197	20556.9895	-11377.9662	698519.9895	3520785.0338	5105011.3812	1.7132e+02
198	20648.5924	-11418.0773	698611.5924	3520744.9227	5105011.3812	1.6161e+02
199	20740.1954	-11458.1884	698703.1954	3520704.8116	5105011.3812	1.5245e+02
200	20831.7983	-11498.2996	698794.7983	3520664.7004	5105011.3812	1.4382e+02
201	20923.4012	-11538.4107	698886.4012	3520624.5893	5105011.3812	1.3567e+02
202	21015.0042	-11578.5218	698978.0042	3520584.4782	5105011.3812	1.2799e+02
203	21106.6071	-11618.6329	699069.6071	3520544.3671	5105011.3812	1.2075e+02
204	21198.2101	-11658.7440	699161.2101	3520504.2560	5105011.3812	1.1392e+02
205	21289.8130	-11698.8551	699252.8130	3520464.1449	5105011.3812	1.0747e+02
206	21381.4160	-11738.9662	699344.4160	3520424.0338	5105011.3812	1.0139e+02
207	21473.0189	-11779.0773	699436.0189	3520383.9227	5105011.3812	9.5662e+01
208	21564.6218	-11819.1884	699527.6218	3520343.8116	5105011.3812	9.0255e+01
209	21656.2248	-11859.2995	699619.2248	3520303.7005	5105011.3812	8.5155e+01
210	21747.8277	-11899.4106	699710.8277	3520263.5894	5105011.3812	8.0344e+01
211	21839.4307	-11939.5217	699802.4307	3520223.4783	5105011.3812	7.5806e+01
212	21931.0336	-11979.6329	699894.0336	3520183.3671	5105011.3812	7.1525e+01
213	22022.6365	-12019.7440	699985.6365	3520143.2560	5105011.3812	6.7488e+01
214	22114.2395	-12059.8551	700077.2395	3520103.1449	5105011.3812	6.3679e+01
215	22205.8424	-12099.9662	700168.8424	3520063.0338	5105011.3812	6.0085e+01
216	22297.4454	-12140.0773	700260.4454	3520022.9227	5105011.3812	5.6696e+01
217	22389.0483	-12180.1884	700352.0483	3519982.8116	5105011.3812	5.3498e+01
218	22480.6513	-12220.2995	700443.6513	3519942.7005	5105011.3812	5.0482e+01
219	22572.2542	-12260.4106	700535.2542	3519902.5894	5105011.3812	4.7636e+01
220	22663.8571	-12300.5217	700626.8571	3519862.4783	5105011.3812	4.4951e+01
221	22755.4601	-12340.6328	700718.4601	3519822.3672	5105011.3812	4.2418e+01
222	22847.0630	-12380.7439	700810.0630	3519782.2561	5105011.3812	4.0029e+01
223	22938.6660	-12420.8551	700901.6660	3519742.1449	5105011.3812	3.7774e+01
224	23030.2689	-12460.9662	700993.2689	3519702.0338	5105011.3812	3.5647e+01
225	23121.8718	-12501.0773	701084.8718	3519661.9227	5105011.3812	3.3641e+01
226	23213.4748	-12541.1884	701176.4748	3519621.8116	5105011.3812	3.1747e+01
227	23305.0777	-12581.2995	701268.0777	3519581.7005	5105011.3812	2.9961e+01
228	23396.6807	-12621.4106	701359.6807	3519541.5894	5105011.3812	2.8276e+01
229	23488.2836	-12661.5217	701451.2836	3519501.4783	5105011.3812	2.6685e+01
230	23579.8866	-12701.6328	701542.8866	3519461.3672	5105011.3812	2.5185e+01
231	23671.4895	-12741.7439	701634.4895	3519421.2561	5105011.3812	2.3769e+01
232	23763.0924	-12781.8550	701726.0924	3519381.1450	5105011.3812	2.2433e+01
233	23854.6954	-12821.9661	701817.6954	3519341.0339	5105011.3812	2.1172e+01
234	23946.2983	-12862.0772	701909.2983	3519300.9228	5105011.3812	1.9983e+01
235	24037.9013	-12902.1884	702000.9013	3519260.8116	5105011.3812	1.8860e+01
236	24129.5042	-12942.2995	702092.5042	3519220.7005	5105011.3812	1.7801e+01
237	24221.1072	-12982.4106	702184.1072	3519180.5894	5105011.3812	1.6802e+01
238	24312.7101	-13022.5217	702275.7101	3519140.4783	5105011.3812	1.5859e+01
239	24404.3130	-13062.6328	702367.3130	3519100.3672	5105011.3812	1.4969e+01
240	24495.9160	-13102.7439	702458.9160	3519060.2561	5105011.3812	1.4129e+01
241	24587.5189	-13142.8550	702550.5189	3519020.1450	5105011.3812	1.3336e+01
242	24679.1219	-13182.9661	702642.1219	3518980.0339	5105011.3812	1.2588e+01
243	24770.7248	-13223.0772	702733.7248	3518939.9228	5105011.3812	1.1882e+01
244	24862.3277	-13263.1883	702825.3277	3518899.8117	5105011.3812	1.1216e+01
245	24953.9307	-13303.2994	702916.9307	3518859.7006	5105011.3812	1.0587e+01
246	25045.5336	-13343.4106	703008.5336	3518819.5894	5105011.3812	9.9941e+00
247	25137.1366	-13383.5217	703100.1366	3518779.4783	5105011.3812	9.4341e+00
248	25228.7395	-13423.6328	703191.7395	3518739.3672	5105011.3812	8.9056e+00
249	25320.3425	-13463.7439	703283.3425	3518699.2561	5105011.3812	8.4068e+00
250	25411.9454	-13503.8550	703374.9454	3518659.1450	5105011.3812	7.9361e+00
251	25503.5483	-13543.9661	703466.5483	3518619.0339	5105011.3812	7.4918e+00
252	25595.1513	-13584.0772	703558.1513	3518578.9228	5105011.3812	7.0724e+00
253	25686.7542	-13624.1883	703649.7542	3518538.8117	5105011.3812	6.6766e+00
254	25778.3572	-13664.2994	703741.3572	3518498.7006	5105011.3812	6.3030e+00
255	25869.9601	-13704.4105	703832.9601	3518458.5895	5105011.3812	5.9504e+00
256	25961.5630	-13744.5216	703924.5630	3518418.4784	5105011.3812	5.6176e+00
257	26053.1660	-13784.6327	704016.1660	3518378.3673	5105011.3812	5.3035e+00
258	26144.7689	-13824.7439	704107.7689	3518338.2561	5105011.3812	5.0069e+00
259	26236.3719	-13864.8550	704199.3719	3518298.1450	5105011.3812	4.7271e+00
260	26327.9748	-13904.9661	704290.9748	3518258.0339	5105011.3812	4.4629e+00
261	26419.5778	-13945.0772	704382.5778	3518217.9228	5105011.3812	4.2135e+00
262	26511.1807	-13985.1883	704474.1807	3518177.8117	5105011.3812	3.9781e+00
263	26602.7836	-14025.2994	704565.7836	3518137.7006	5105011.3812	3.7559e+00
264	26694.3866	-14065.4105	704657.3866	3518097.5895	5105011.3812	3.5461e+00
265	26785.9895	-14105.5216	704748.9895	3518057.4784	5105011.3812	3.3481e+00
266	26877.5925	-14145.6327	704840.5925	3518017.3673	5105011.3812	3.1612e+00
267	26969.1954	-14185.7438	704932.1954	3517977.2562	5105011.3812	2.9847e+00
268	27060.7984	-14225.8549	705023.7984	3517937.1451	5105011.3812	2.8181e+00
269	27152.4013	-14265.9660	705115.4013	3517897.0340	5105011.3812	2.6609e+00
270	27244.0042	-14306.0772	705207.0042	3517856.9228	5105011.3812	2.5124e+00
271	27335.6072	-14346.1883	705298.6072	3517816.8117	5105011.3812	2.3723e+00
272	27427.2101	-14386.2994	705390.2101	3517776.7006	5105011.3812	2.2400e+00
273	27518.8131	-14426.4105	705481.8131	3517736.5895	5105011.3812	2.1151e+00
274	27610.4160	-14466.5216	705573.4160	3517696.4784	5105011.3812	1.9972e+00
275	27702.0189	-14506.6327	705665.0189	3517656.3673	5105011.3812	1.8859e+00
276	27793.6219	-14546.7438	705756.6219	3517616.2562	5105011.3812	1.7807e+00
277	27885.2248	-14586.8549	705848.2248	3517576.1451	5105011.3812	1.6815e+00
278	27976.8278	-14626.9660	705939.8278	3517536.0340	5105011.3812	1.5878e+00
279	28068.4307	-14667.0771	706031.4307	3517495.9229	5105011.3812	1.4994e+00
280	28160.0337	-14707.1882	706123.0337	3517455.8118	5105011.3812	1.4159e+00
281	28251.6366	-14747.2994	706214.6366	3517415.7006	5105011.3812	1.3370e+00
282	28343.2395	-14787.4105	706306.2395	3517375.5895	5105011.3812	1.2626e+00
283	28434.8425	-14827.5216	706397.8425	3517335.4784	5105011.3812	1.1923e+00
284	28526.4454	-14867.6327	706489.4454	3517295.3673	5105011.3812	1.1260e+00
285	28618.0484	-14907.7438	706581.0484	3517255.2562	5105011.3812	1.0633e+00
286	28709.6513	-14947.8549	706672.6513	3517215.1451	5105011.3812	1.0041e+00
287	28801.2542	-14987.9660	706764.2542	3517175.0340	5105011.3812	9.4827e-01
288	28892.8572	-15028.0771	706855.8572	3517134.9229	5105011.3812	8.9552e-01
289	28984.4601	-15068.1882	706947.4601	3517094.8118	5105011.3812	8.4572e-01
290	29076.0631	-15108.2993	707039.0631	3517054.7007	5105011.3812	7.9869e-01
291	29167.6660	-15148.4104	707130.6660	3517014.5896	5105011.3812	7.5429e-01
292	29259.2690	-15188.5215	707222.2690	3516974.4785	5105011.3812	7.1236e-01
293	29350.8719	-15228.6327	707313.8719	3516934.3673	5105011.3812	6.7277e-01
294	29442.4748	-15268.7438	707405.4748	3516894.2562	5105011.3812	6.3538e-01
295	29534.0778	-15308.8549	707497.0778	3516854.1451	5105011.3812	6.0008e-01
296	29625.6807	-15348.9660	707588.6807	3516814.0340	5105011.3812	5.6674e-01
297	29717.2837	-15389.0771	707680.2837	3516773.9229	5105011.3812	5.3526e-01
298	29808.8866	-15429.1882	707771.8866	3516733.8118	5105011.3812	5.0554e-01
299	29900.4896	-15469.2993	707863.4896	3516693.7007	5105011.3812	4.7746e-01
300	29992.0925	-15509.4104	707955.0925	3516653.5896	5105011.3812	4.5095e-01
301	30083.6954	-15549.5215	708046.6954	3516613.4785	5105011.3812	4.2592e-01
302	30175.2984	-15589.6326	708138.2984	3516573.3674	5105011.3812	4.0228e-01
303	30266.9013	-15629.7437	708229.9013	3516533.2563	5105011.3812	3.7996e-01
304	30358.5043	-15669.8548	708321.5043	3516493.1452	5105011.3812	3.5887e-01
305	30450.1072	-15709.9660	708413.1072	3516453.0340	5105011.3812	3.3896e-01
306	30541.7101	-15750.0771	708504.7101	3516412.9229	5105011.3812	3.2016e-01
307	30633.3131	-15790.1882	708596.3131	3516372.8118	5105011.3812	3.0240e-01
308	30724.9160	-15830.2993	708687.9160	3516332.7007	5105011.3812	2.8563e-01
309	30816.5190	-15870.4104	708779.5190	3516292.5896	5105011.3812	2.6979e-01
310	30908.1219	-15910.5215	708871.1219	3516252.4785	5105011.3812	2.5484e-01
311	30999.7249	-15950.6326	708962.7249	3516212.3674	5105011.3812	2.4071e-01
312	31091.3278	-15990.7437	709054.3278	3516172.2563	5105011.3812	2.2737e-01
313	31182.9307	-16030.8548	709145.9307	3516132.1452	5105011.3812	2.1477e-01
314	31274.5337	-16070.9659	709237.5337	3516092.0341	5105011.3812	2.0287e-01
315	31366.1366	-16111.0770	709329.1366	3516051.9230	5105011.3812	1.9163e-01
316	31457.7396	-16151.1882	709420.7396	3516011.8118	5105011.3812	1.8101e-01
317	31549.3425	-16191.2993	709512.3425	3515971.7007	5105011.3812	1.7099e-01
318	31640.9454	-16231.4104	709603.9454	3515931.5896	5105011.3812	1.6152e-01
319	31732.5484	-16271.5215	709695.5484	3515891.4785	5105011.3812	1.5257e-01
320	31824.1513	-16311.6326	709787.1513	3515851.3674	5105011.3812	1.4413e-01
321	31915.7543	-16351.7437	709878.7543	3515811.2563	5105011.3812	1.3615e-01
322	32007.3572	-16391.8548	709970.3572	3515771.1452	5105011.3812	1.2861e-01
323	32098.9602	-16431.9659	710061.9602	3515731.0341	5105011.3812	1.2149e-01
324	32190.5631	-16472.0770	710153.5631	3515690.9230	5105011.3812	1.1477e-01
325	32282.1660	-16512.1881	710245.1660	3515650.8119	5105011.3812	1.0842e-01
326	32373.7690	-16552.2992	710336.7690	3515610.7008	5105011.3812	1.0242e-01
327	32465.3719	-16592.4103	710428.3719	3515570.5897	5105011.3812	9.6758e-02
328	32556.9749	-16632.5215	710519.9749	3515530.4785	5105011.3812	9.1406e-02
329	32648.5778	-16672.6326	710611.5778	3515490.3674	5105011.3812	8.6352e-02
330	32740.1807	-16712.7437	710703.1807	3515450.2563	5105011.3812	8.1577e-02
331	32831.7837	-16752.8548	710794.7837	3515410.1452	5105011.3812	7.7067e-02
332	32923.3866	-16792.9659	710886.3866	3515370.0341	5105011.3812	7.2807e-02
333	33014.9896	-16833.0770	710977.9896	3515329.9230	5105011.3812	6.8782e-02
334	33106.5925	-16873.1881	711069.5925	3515289.8119	5105011.3812	6.4981e-02
335	33198.1955	-16913.2992	711161.1955	3515249.7008	5105011.3812	6.1390e-02
336	33289.7984	-16953.4103	711252.7984	3515209.5897	5105011.3812	5.7998e-02
337	33381.4013	-16993.5214	711344.4013	3515169.4786	5105011.3812	5.4794e-02
338	33473.0043	-17033.6325	711436.0043	3515129.3675	5105011.3812	5.1767e-02
339	33564.6072	-17073.7437	711527.6072	3515089.2563	5105011.3812	4.8908e-02
340	33656.2102	-17113.8548	711619.2102	3515049.1452	5105011.3812	4.6207e-02
341	33747.8131	-17153.9659	711710.8131	3515009.0341	5105011.3812	4.3655e-02
342	33839.4161	-17194.0770	711802.4161	3514968.9230	5105011.3812	4.1245e-02
343	33931.0190	-17234.1881	711894.0190	3514928.8119	5105011.3812	3.8968e-02
344	34022.6219	-17274.2992	711985.6219	3514888.7008	5105011.3812	3.6817e-02
345	34114.2249	-17314.4103	712077.2249	3514848.5897	5105011.3812	3.4785e-02
346	34205.8278	-17354.5214	712168.8278	3514808.4786	5105011.3812	3.2865e-02
347	34297.4308	-17394.6325	712260.4308	3514768.3675	5105011.3812	3.1052e-02
348	34389.0337	-17434.7436	712352.0337	3514728.2564	5105011.3812	2.9338e-02
349	34480.6366	-17474.8547	712443.6366	3514688.1453	5105011.3812	2.7720e-02
350	34572.2396	-17514.9658	712535.2396	3514648.0342	5105011.3812	2.6191e-02
351	34663.8425	-17555.0770	712626.8425	3514607.9230	5105011.3812	2.4746e-02
352	34755.4455	-17595.1881	712718.4455	3514567.8119	5105011.3812	2.3382e-02
353	34847.0484	-17635.2992	712810.0484	3514527.7008	5105011.3812	2.2092e-02
354	34938.6514	-17675.4103	712901.6514	3514487.5897	5105011.3812	2.0874e-02
355	35030.2543	-17715.5214	712993.2543	3514447.4786	5105011.3812	1.9723e-02
356	35121.8572	-17755.6325	713084.8572	3514407.3675	5105011.3812	1.8636e-02
357	35213.4602	-17795.7436	713176.4602	3514367.2564	5105011.3812	1.7609e-02
358	35305.0631	-17835.8547	713268.0631	3514327.1453	5105011.3812	1.6638e-02
359	35396.6661	-17875.9658	713359.6661	3514287.0342	5105011.3812	1.5721e-02
360	35488.2690	-17916.0769	713451.2690	3514246.9231	5105011.3812	1.4855e-02
361	35579.8719	-17956.1880	713542.8719	3514206.8120	5105011.3812	1.4037e-02
362	35671.4749	-17996.2991	713634.4749	3514166.7009	5105011.3812	1.3263e-02
363	35763.0778	-18036.4103	713726.0778	3514126.5897	5105011.3812	1.2533e-02
364	35854.6808	-18076.5214	713817.6808	3514086.4786	5105011.3812	1.1843e-02
365	35946.2837	-18116.6325	713909.2837	3514046.3675	5105011.3812	1.1190e-02
366	36037.8867	-18156.7436	714000.8867	3514006.2564	5105011.3812	1.0574e-02
367	36129.4896	-18196.8547	714092.4896	3513966.1453	5105011.3812	9.9920e-03
368	36221.0925	-18236.9658	714184.0925	3513926.0342	5105011.3812	9.4419e-03
369	36312.6955	-18277.0769	714275.6955	3513885.9231	5105011.3812	8.9221e-03
370	36404.2984	-18317.1880	714367.2984	3513845.8120	5105011.3812	8.4310e-03
371	36495.9014	-18357.2991	714458.9014	3513805.7009	5105011.3812	7.9670e-03
372	36587.5043	-18397.4102	714550.5043	3513765.5898	5105011.3812	7.5285e-03
373	36679.1073	-18437.5213	714642.1073	3513725.4787	5105011.3812	7.1143e-03
374	36770.7102	-18477.6325	714733.7102	3513685.3675	5105011.3812	6.7228e-03
375	36862.3131	-18517.7436	714825.3131	3513645.2564	5105011.3812	6.3530e-03
376	36953.9161	-18557.8547	714916.9161	3513605.1453	5105011.3812	6.0035e-03
377	37045.5190	-18597.9658	715008.5190	3513565.0342	5105011.3812	5.6733e-03
378	37137.1220	-18638.0769	715100.1220	3513524.9231	5105011.3812	5.3613e-03
379	37228.7249	-18678.1880	715191.7249	3513484.8120	5105011.3812	5.0664e-03
380	37320.3278	-18718.2991	715283.3278	3513444.7009	5105011.3812	4.7878e-03
381	37411.9308	-18758.4102	715374.9308	3513404.5898	5105011.3812	4.5246e-03
382	37503.5337	-18798.5213	715466.5337	3513364.4787	5105011.3812	4.2758e-03
383	37595.1367	-18838.6324	715558.1367	3513324.3676	5105011.3812	4.0408e-03
384	37686.7396	-18878.7435	715649.7396	3513284.2565	5105011.3812	3.8187e-03
385	37778.3426	-18918.8546	715741.3426	3513244.1454	5105011.3812	3.6088e-03
386	37869.9455	-18958.9658	715832.9455	3513204.0342	5105011.3812	3.4105e-03
387	37961.5484	-18999.0769	715924.5484	3513163.9231	5105011.3812	3.2230e-03
388	38053.1514	-19039.1880	716016.1514	3513123.8120	5105011.3812	3.0460e-03
389	38144.7543	-19079.2991	716107.7543	3513083.7009	5105011.3812	2.8786e-03
390	38236.3573	-19119.4102	716199.3573	3513043.5898	5105011.3812	2.7205e-03
391	38327.9602	-19159.5213	716290.9602	3513003.4787	5105011.3812	2.5710e-03
392	38419.5631	-19199.6324	716382.5631	3512963.3676	5105011.3812	2.4298e-03
393	38511.1661	-19239.7435	716474.1661	3512923.2565	5105011.3812	2.2964e-03
394	38602.7690	-19279.8546	716565.7690	3512883.1454	5105011.3812	2.1703e-03
395	38694.3720	-19319.9657	716657.3720	3512843.0343	5105011.3812	2.0511e-03
396	38785.9749	-19360.0768	716748.9749	3512802.9232	5105011.3812	1.9385e-03
397	38877.5779	-19400.1880	716840.5779	3512762.8120	5105011.3812	1.8320e-03
398	38969.1808	-19440.2991	716932.1808	3512722.7009	5105011.3812	1.7315e-03
399	39060.7837	-19480.4102	717023.7837	3512682.5898	5105011.3812	1.6364e-03
400	39152.3867	-19520.5213	717115.3867	3512642.4787	5105011.3812	1.5466e-03
401	39243.9896	-19560.6324	717206.9896	3512602.3676	5105011.3812	1.4617e-03
402	39335.5926	-19600.7435	717298.5926	3512562.2565	5105011.3812	1.3815e-03
403	39427.1955	-19640.8546	717390.1955	3512522.1454	5105011.3812	1.3057e-03
404	39518.7985	-19680.9657	717481.7985	3512482.0343	5105011.3812	1.2341e-03
405	39610.4014	-19721.0768	717573.4014	3512441.9232	5105011.3812	1.1664e-03
406	39702.0043	-19761.1879	717665.0043	3512401.8121	5105011.3812	1.1024e-03
407	39793.6073	-19801.2990	717756.6073	3512361.7010	5105011.3812	1.0419e-03
408	39885.2102	-19841.4101	717848.2102	3512321.5899	5105011.3812	9.8477e-04
409	39976.8132	-19881.5213	717939.8132	3512281.4787	5105011.3812	9.3076e-04
410	40068.4161	-19921.6324	718031.4161	3512241.3676	5105011.3812	8.7972e-04
411	40160.0190	-19961.7435	718123.0190	3512201.2565	5105011.3812	8.3148e-04
412	40251.6220	-20001.8546	718214.6220	3512161.1454	5105011.3812	7.8589e-04
413	40343.2249	-20041.9657	718306.2249	3512121.0343	5105011.3812	7.4281e-04
414	40434.8279	-20082.0768	718397.8279	3512080.9232	5105011.3812	7.0209e-04
415	40526.4308	-20122.1879	718489.4308	3512040.8121	5105011.3812	6.6360e-04
416	40618.0338	-20162.2990	718581.0338	3512000.7010	5105011.3812	6.2723e-04
417	40709.6367	-20202.4101	718672.6367	3511960.5899	5105011.3812	5.9285e-04
418	40801.2396	-20242.5212	718764.2396	3511920.4788	5105011.3812	5.6036e-04
419	40892.8426	-20282.6323	718855.8426	3511880.3677	5105011.3812	5.2966e-04
420	40984.4455	-20322.7434	718947.4455	3511840.2566	5105011.3812	5.0063e-04
421	41076.0485	-20362.8546	719039.0485	3511800.1454	5105011.3812	4.7320e-04
422	41167.6514	-20402.9657	719130.6514	3511760.0343	5105011.3812	4.4728e-04
423	41259.2543	-20443.0768	719222.2543	3511719.9232	5105011.3812	4.2278e-04
424	41350.8573	-20483.1879	719313.8573	3511679.8121	5105011.3812	3.9962e-04
425	41442.4602	-20523.2990	719405.4602	3511639.7010	5105011.3812	3.7773e-04
426	41534.0632	-20563.4101	719497.0632	3511599.5899	5105011.3812	3.5704e-04
427	41625.6661	-20603.5212	719588.6661	3511559.4788	5105011.3812	3.3749e-04
428	41717.2691	-20643.6323	719680.2691	3511519.3677	5105011.3812	3.1901e-04
429	41808.8720	-20683.7434	719771.8720	3511479.2566	5105011.3812	3.0154e-04
430	41900.4749	-20723.8545	719863.4749	3511439.1455	5105011.3812	2.8503e-04
431	41992.0779	-20763.9656	719955.0779	3511399.0344	5105011.3812	2.6943e-04
432	42083.6808	-20804.0768	720046.6808	3511358.9232	5105011.3812	2.5468e-04
433	42175.2838	-20844.1879	720138.2838	3511318.8121	5105011.3812	2.4074e-04
434	42266.8867	-20884.2990	720229.8867	3511278.7010	5105011.3812	2.2756e-04
435	42358.4896	-20924.4101	720321.4896	3511238.5899	5105011.3812	2.1511e-04
436	42450.0926	-20964.5212	720413.0926	3511198.4788	5105011.3812	2.0334e-04
437	42541.6955	-21004.6323	720504.6955	3511158.3677	5105011.3812	1.9221e-04
438	42633.2985	-21044.7434	720596.2985	3511118.2566	5105011.3812	1.8169e-04
439	42724.9014	-21084.8545	720687.9014	3511078.1455	5105011.3812	1.7175e-04
440	42816.5044	-21124.9656	720779.5044	3511038.0344	5105011.3812	1.6236e-04
441	42908.1073	-21165.0767	720871.1073	3510997.9233	5105011.3812	1.5347e-04
442	42999.7102	-21205.1878	720962.7102	3510957.8122	5105011.3812	1.4508e-04
443	43091.3132	-21245.2989	721054.3132	3510917.7011	5105011.3812	1.3714e-04
444	43182.9161	-21285.4101	721145.9161	3510877.5899	5105011.3812	1.2964e-04
445	43274.5191	-21325.5212	721237.5191	3510837.4788	5105011.3812	1.2255e-04
446	43366.1220	-21365.6323	721329.1220	3510797.3677	5105011.3812	1.1585e-04
447	43457.7250	-21405.7434	721420.7250	3510757.2566	5105011.3812	1.0952e-04
448	43549.3279	-21445.8545	721512.3279	3510717.1455	5105011.3812	1.0353e-04
449	43640.9308	-21485.9656	721603.9308	3510677.0344	5105011.3812	9.7868e-05
450	43732.5338	-21526.0767	721695.5338	3510636.9233	5105011.3812	9.2518e-05
451	43824.1367	-21566.1878	721787.1367	3510596.8122	5105011.3812	8.7461e-05
452	43915.7397	-21606.2989	721878.7397	3510556.7011	5105011.3812	8.2680e-05
453	44007.3426	-21646.4100	721970.3426	3510516.5900	5105011.3812	7.8161e-05
454	44098.9455	-21686.5211	722061.9455	3510476.4789	5105011.3812	7.3889e-05
455	44190.5485	-21726.6323	722153.5485	3510436.3677	5105011.3812	6.9851e-05
456	44282.1514	-21766.7434	722245.1514	3510396.2566	5105011.3812	6.6034e-05
457	44373.7544	-21806.8545	722336.7544	3510356.1455	5105011.3812	6.2426e-05
458	44465.3573	-21846.9656	722428.3573	3510316.0344	5105011.3812	5.9015e-05
459	44556.9603	-21887.0767	722519.9603	3510275.9233	5105011.3812	5.5790e-05
460	44648.5632	-21927.1878	722611.5632	3510235.8122	5105011.3812	5.2743e-05
461	44740.1661	-21967.2989	722703.1661	3510195.7011	5105011.3812	4.9861e-05
462	44831.7691	-22007.4100	722794.7691	3510155.5900	5105011.3812	4.7138e-05
463	44923.3720	-22047.5211	722886.3720	3510115.4789	5105011.3812	4.4563e-05
464	45014.9750	-22087.6322	722977.9750	3510075.3678	5105011.3812	4.2129e-05
465	45106.5779	-22127.7433	723069.5779	3510035.2567	5105011.3812	3.9828e-05
466	45198.1808	-22167.8544	723161.1808	3509995.1456	5105011.3812	3.7653e-05
467	45289.7838	-22207.9656	723252.7838	3509955.0344	5105011.3812	3.5597e-05
468	45381.3867	-22248.0767	723344.3867	3509914.9233	5105011.3812	3.3654e-05
469	45472.9897	-22288.1878	723435.9897	3509874.8122	5105011.3812	3.1816e-05
470	45564.5926	-22328.2989	723527.5926	3509834.7011	5105011.3812	3.0079e-05
471	45656.1956	-22368.4100	723619.1956	3509794.5900	5105011.3812	2.8437e-05
472	45747.7985	-22408.5211	723710.7985	3509754.4789	5105011.3812	2.6885e-05
473	45839.4014	-22448.6322	723802.4014	3509714.3678	5105011.3812	2.5417e-05
474	45931.0044	-22488.7433	723894.0044	3509674.2567	5105011.3812	2.4030e-05
475	46022.6073	-22528.8544	723985.6073	3509634.1456	5105011.3812	2.2718e-05
476	46114.2103	-22568.9655	724077.2103	3509594.0345	5105011.3812	2.1479e-05
477	46205.8132	-22609.0766	724168.8132	3509553.9234	5105011.3812	2.0306e-05
478	46297.4162	-22649.1877	724260.4162	3509513.8123	5105011.3812	1.9198e-05
479	46389.0191	-22689.2989	724352.0191	3509473.7011	5105011.3812	1.8151e-05
480	46480.6220	-22729.4100	724443.6220	3509433.5900	5105011.3812	1.7161e-05
481	46572.2250	-22769.5211	724535.2250	3509393.4789	5105011.3812	1.6224e-05
482	46663.8279	-22809.6322	724626.8279	3509353.3678	5105011.3812	1.5339e-05
483	46755.4309	-22849.7433	724718.4309	3509313.2567	5105011.3812	1.4502e-05
484	46847.0338	-22889.8544	724810.0338	3509273.1456	5105011.3812	1.3711e-05
485	46938.6367	-22929.9655	724901.6367	3509233.0345	5105011.3812	1.2964e-05
486	47030.2397	-22970.0766	724993.2397	3509192.9234	5105011.3812	1.2256e-05
487	47121.8426	-23010.1877	725084.8426	3509152.8123	5105011.3812	1.1588e-05
488	47213.4456	-23050.2988	725176.4456	3509112.7012	5105011.3812	1.0956e-05
489	47305.0485	-23090.4099	725268.0485	3509072.5901	5105011.3812	1.0359e-05
490	47396.6515	-23130.5211	725359.6515	3509032.4789	5105011.3812	9.7938e-06
491	47488.2544	-23170.6322	725451.2544	3508992.3678	5105011.3812	9.2598e-06
492	47579.8573	-23210.7433	725542.8573	3508952.2567	5105011.3812	8.7550e-06
493	47671.4603	-23250.8544	725634.4603	3508912.1456	5105011.3812	8.2777e-06
494	47763.0632	-23290.9655	725726.0632	3508872.0345	5105011.3812	7.8264e-06
495	47854.6662	-23331.0766	725817.6662	3508831.9234	5105011.3812	7.3998e-06
496	47946.2691	-23371.1877	725909.2691	3508791.8123	5105011.3812	6.9965e-06
497	48037.8720	-23411.2988	726000.8720	3508751.7012	5105011.3812	6.6151e-06
498	48129.4750	-23451.4099	726092.4750	3508711.5901	5105011.3812	6.2546e-06
499	48221.0779	-23491.5210	726184.0779	3508671.4790	5105011.3812	5.9137e-06
500	48312.6809	-23531.6321	726275.6809	3508631.3679	5105011.3812	5.5914e-06
501	48404.2838	-23571.7432	726367.2838	3508591.2568	5105011.3812	5.2868e-06
502	48495.8868	-23611.8544	726458.8868	3508551.1456	5105011.3812	4.9987e-06
503	48587.4897	-23651.9655	726550.4897	3508511.0345	5105011.3812	4.7263e-06
504	48679.0926	-23692.0766	726642.0926	3508470.9234	5105011.3812	4.4688e-06
505	48770.6956	-23732.1877	726733.6956	3508430.8123	5105011.3812	4.2254e-06
506	48862.2985	-23772.2988	726825.2985	3508390.7012	5105011.3812	3.9952e-06
507	48953.9015	-23812.4099	726916.9015	3508350.5901	5105011.3812	3.7775e-06
508	49045.5044	-23852.5210	727008.5044	3508310.4790	5105011.3812	3.5718e-06
509	49137.1074	-23892.6321	727100.1074	3508270.3679	5105011.3812	3.3772e-06
510	49228.7103	-23932.7432	727191.7103	3508230.2568	5105011.3812	3.1933e-06
511	49320.3132	-23972.8543	727283.3132	3508190.1457	5105011.3812	3.0194e-06
512	49411.9162	-24012.9654	727374.9162	3508150.0346	5105011.3812	2.8550e-06
513	49503.5191	-24053.0765	727466.5191	3508109.9235	5105011.3812	2.6995e-06
514	49595.1221	-24093.1877	727558.1221	3508069.8123	5105011.3812	2.5525e-06
515	49686.7250	-24133.2988	727649.7250	3508029.7012	5105011.3812	2.4135e-06
516	49778.3279	-24173.4099	727741.3279	3507989.5901	5105011.3812	2.2821e-06
517	49869.9309	-24213.5210	727832.9309	3507949.4790	5105011.3812	2.1579e-06
518	49961.5338	-24253.6321	727924.5338	3507909.3679	5105011.3812	2.0404e-06
519	50053.1368	-24293.7432	728016.1368	3507869.2568	5105011.3812	1.9293e-06
520	50144.7397	-24333.8543	728107.7397	3507829.1457	5105011.3812	1.8243e-06
521	50236.3427	-24373.9654	728199.3427	3507789.0346	5105011.3812	1.7250e-06
522	50327.9456	-24414.0765	728290.9456	3507748.9235	5105011.3812	1.6311e-06
523	50419.5485	-24454.1876	728382.5485	3507708.8124	5105011.3812	1.5423e-06
524	50511.1515	-24494.2987	728474.1515	3507668.7013	5105011.3812	1.4584e-06
525	50602.7544	-24534.4099	728565.7544	3507628.5901	5105011.3812	1.3790e-06
526	50694.3574	-24574.5210	728657.3574	3507588.4790	5105011.3812	1.3040e-06
527	50785.9603	-24614.6321	728748.9603	3507548.3679	5105011.3812	1.2330e-06
528	50877.5632	-24654.7432	728840.5632	3507508.2568	5105011.3812	1.1659e-06
529	50969.1662	-24694.8543	728932.1662	3507468.1457	5105011.3812	1.1025e-06
530	51060.7691	-24734.9654	729023.7691	3507428.0346	5105011.3812	1.0425e-06
531	51152.3721	-24775.0765	729115.3721	3507387.9235	5105011.3812	9.8578e-07
532	51243.9750	-24815.1876	729206.9750	3507347.8124	5105011.3812	9.3216e-07
533	51335.5780	-24855.2987	729298.5780	3507307.7013	5105011.3812	8.8145e-07
534	51427.1809	-24895.4098	729390.1809	3507267.5902	5105011.3812	8.3350e-07
535	51518.7838	-24935.5209	729481.7838	3507227.4791	5105011.3812	7.8816e-07
536	51610.3868	-24975.6320	729573.3868	3507187.3680	5105011.3812	7.4530e-07
537	51701.9897	-25015.7432	729664.9897	3507147.2568	5105011.3812	7.0476e-07
538	51793.5927	-25055.8543	729756.5927	3507107.1457	5105011.3812	6.6643e-07
539	51885.1956	-25095.9654	729848.1956	3507067.0346	5105011.3812	6.3019e-07
540	51976.7985	-25136.0765	729939.7985	3507026.9235	5105011.3812	5.9592e-07
541	52068.4015	-25176.1876	730031.4015	3506986.8124	5105011.3812	5.6352e-07
542	52160.0044	-25216.2987	730123.0044	3506946.7013	5105011.3812	5.3288e-07
543	52251.6074	-25256.4098	730214.6074	3506906.5902	5105011.3812	5.0390e-07
544	52343.2103	-25296.5209	730306.2103	3506866.4791	5105011.3812	4.7651e-07
545	52434.8133	-25336.6320	730397.8133	3506826.3680	5105011.3812	4.5060e-07
546	52526.4162	-25376.7431	730489.4162	3506786.2569	5105011.3812	4.2610e-07
547	52618.0191	-25416.8542	730581.0191	3506746.1458	5105011.3812	4.0294e-07
548	52709.6221	-25456.9654	730672.6221	3506706.0346	5105011.3812	3.8104e-07
549	52801.2250	-25497.0765	730764.2250	3506665.9235	5105011.3812	3.6032e-07
550	52892.8280	-25537.1876	730855.8280	3506625.8124	5105011.3812	3.4074e-07
551	52984.4309	-25577.2987	730947.4309	3506585.7013	5105011.3812	3.2222e-07
552	53076.0339	-25617.4098	731039.0339	3506545.5902	5105011.3812	3.0471e-07
553	53167.6368	-25657.5209	731130.6368	3506505.4791	5105011.3812	2.8815e-07
554	53259.2397	-25697.6320	731222.2397	3506465.3680	5105011.3812	2.7249e-07
555	53350.8427	-25737.7431	731313.8427	3506425.2569	5105011.3812	2.5768e-07
556	53442.4456	-25777.8542	731405.4456	3506385.1458	5105011.3812	2.4368e-07
557	53534.0486	-25817.9653	731497.0486	3506345.0347	5105011.3812	2.3044e-07
558	53625.6515	-25858.0764	731588.6515	3506304.9236	5105011.3812	2.1792e-07
559	53717.2544	-25898.1875	731680.2544	3506264.8125	5105011.3812	2.0608e-07
560	53808.8574	-25938.2987	731771.8574	3506224.7013	5105011.3812	1.9488e-07
561	53900.4603	-25978.4098	731863.4603	3506184.5902	5105011.3812	1.8430e-07
562	53992.0633	-26018.5209	731955.0633	3506144.4791	5105011.3812	1.7428e-07
563	54083.6662	-26058.6320	732046.6662	3506104.3680	5105011.3812	1.6482e-07
564	54175.2692	-26098.7431	732138.2692	3506064.2569	5105011.3812	1.5586e-07
565	54266.8721	-26138.8542	732229.8721	3506024.1458	5105011.3812	1.4740e-07
566	54358.4750	-26178.9653	732321.4750	3505984.0347	5105011.3812	1.3939e-07
567	54450.0780	-26219.0764	732413.0780	3505943.9236	5105011.3812	1.3182e-07
568	54541.6809	-26259.1875	732504.6809	3505903.8125	5105011.3812	1.2466e-07
569	54633.2839	-26299.2986	732596.2839	3505863.7014	5105011.3812	1.1789e-07
570	54724.8868	-26339.4097	732687.8868	3505823.5903	5105011.3812	1.1149e-07
571	54816.4897	-26379.5208	732779.4897	3505783.4792	5105011.3812	1.0544e-07
572	54908.0927	-26419.6320	732871.0927	3505743.3680	5105011.3812	9.9712e-08
573	54999.6956	-26459.7431	732962.6956	3505703.2569	5105011.3812	9.4298e-08
574	55091.2986	-26499.8542	733054.2986	3505663.1458	5105011.3812	8.9178e-08
575	55182.9015	-26539.9653	733145.9015	3505623.0347	5105011.3812	8.4336e-08
576	55274.5045	-26580.0764	733237.5045	3505582.9236	5105011.3812	7.9758e-08
577	55366.1074	-26620.1875	733329.1074	3505542.8125	5105011.3812	7.5428e-08
578	55457.7103	-26660.2986	733420.7103	3505502.7014	5105011.3812	7.1333e-08
579	55549.3133	-26700.4097	733512.3133	3505462.5903	5105011.3812	6.7461e-08
580	55640.9162	-26740.5208	733603.9162	3505422.4792	5105011.3812	6.3799e-08
581	55732.5192	-26780.6319	733695.5192	3505382.3681	5105011.3812	6.0336e-08
582	55824.1221	-26820.7430	733787.1221	3505342.2570	5105011.3812	5.7061e-08
583	55915.7251	-26860.8542	733878.7251	3505302.1458	5105011.3812	5.3965e-08
584	56007.3280	-26900.9653	733970.3280	3505262.0347	5105011.3812	5.1036e-08
585	56098.9309	-26941.0764	734061.9309	3505221.9236	5105011.3812	4.8266e-08
586	56190.5339	-26981.1875	734153.5339	3505181.8125	5105011.3812	4.5647e-08
587	56282.1368	-27021.2986	734245.1368	3505141.7014	5105011.3812	4.3170e-08
588	56373.7398	-27061.4097	734336.7398	3505101.5903	5105011.3812	4.0827e-08
589	56465.3427	-27101.5208	734428.3427	3505061.4792	5105011.3812	3.8612e-08
590	56556.9456	-27141.6319	734519.9456	3505021.3681	5105011.3812	3.6517e-08
591	56648.5486	-27181.7430	734611.5486	3504981.2570	5105011.3812	3.4536e-08
592	56740.1515	-27221.8541	734703.1515	3504941.1459	5105011.3812	3.2662e-08
593	56831.7545	-27261.9652	734794.7545	3504901.0348	5105011.3812	3.0890e-08
594	56923.3574	-27302.0763	734886.3574	3504860.9237	5105011.3812	2.9214e-08
595	57014.9604	-27342.1875	734977.9604	3504820.8125	5105011.3812	2.7630e-08
596	57106.5633	-27382.2986	735069.5633	3504780.7014	5105011.3812	2.6131e-08
597	57198.1662	-27422.4097	735161.1662	3504740.5903	5105011.3812	2.4713e-08
598	57289.7692	-27462.5208	735252.7692	3504700.4792	5105011.3812	2.3373e-08
599	57381.3721	-27502.6319	735344.3721	3504660.3681	5105011.3812	2.2105e-08
600	57472.9751	-27542.7430	735435.9751	3504620.2570	5105011.3812	2.0906e-08
601	57564.5780	-27582.8541	735527.5780	3504580.1459	5105011.3812	1.9772e-08
602	57656.1809	-27622.9652	735619.1809	3504540.0348	5105011.3812	1.8700e-08
603	57747.7839	-27663.0763	735710.7839	3504499.9237	5105011.3812	1.7686e-08
604	57839.3868	-27703.1874	735802.3868	3504459.8126	5105011.3812	1.6727e-08
605	57930.9898	-27743.2985	735893.9898	3504419.7015	5105011.3812	1.5820e-08
606	58022.5927	-27783.4097	735985.5927	3504379.5903	5105011.3812	1.4962e-08
607	58114.1957	-27823.5208	736077.1957	3504339.4792	5105011.3812	1.4151e-08
608	58205.7986	-27863.6319	736168.7986	3504299.3681	5105011.3812	1.3384e-08
609	58297.4015	-27903.7430	736260.4015	3504259.2570	5105011.3812	1.2658e-08
610	58389.0045	-27943.8541	736352.0045	3504219.1459	5105011.3812	1.1972e-08
611	58480.6074	-27983.9652	736443.6074	3504179.0348	5105011.3812	1.1323e-08
612	58572.2104	-28024.0763	736535.2104	3504138.9237	5105011.3812	1.0709e-08
613	58663.8133	-28064.1874	736626.8133	3504098.8126	5105011.3812	1.0128e-08
614	58755.4163	-28104.2985	736718.4163	3504058.7015	5105011.3812	9.5794e-09
615	58847.0192	-28144.4096	736810.0192	3504018.5904	5105011.3812	9.0601e-09
616	58938.6221	-28184.5207	736901.6221	3503978.4793	5105011.3812	8.5690e-09
617	59030.2251	-28224.6318	736993.2251	3503938.3682	5105011.3812	8.1046e-09
618	59121.8280	-28264.7430	737084.8280	3503898.2570	5105011.3812	7.6653e-09
619	59213.4310	-28304.8541	737176.4310	3503858.1459	5105011.3812	7.2499e-09
620	59305.0339	-28344.9652	737268.0339	3503818.0348	5105011.3812	6.8570e-09
621	59396.6368	-28385.0763	737359.6368	3503777.9237	5105011.3812	6.4854e-09
622	59488.2398	-28425.1874	737451.2398	3503737.8126	5105011.3812	6.1339e-09
623	59579.8427	-28465.2985	737542.8427	3503697.7015	5105011.3812	5.8015e-09
624	59671.4457	-28505.4096	737634.4457	3503657.5904	5105011.3812	5.4872e-09
625	59763.0486	-28545.5207	737726.0486	3503617.4793	5105011.3812	5.1898e-09
626	59854.6516	-28585.6318	737817.6516	3503577.3682	5105011.3812	4.9086e-09
627	59946.2545	-28625.7429	737909.2545	3503537.2571	5105011.3812	4.6427e-09
628	60037.8574	-28665.8540	738000.8574	3503497.1460	5105011.3812	4.3912e-09
629	60129.4604	-28705.9651	738092.4604	3503457.0349	5105011.3812	4.1533e-09
630	60221.0633	-28746.0763	738184.0633	3503416.9237	5105011.3812	3.9282e-09
631	60312.6663	-28786.1874	738275.6663	3503376.8126	5105011.3812	3.7154e-09
632	60404.2692	-28826.2985	738367.2692	3503336.7015	5105011.3812	3.5142e-09
633	60495.8721	-28866.4096	738458.8721	3503296.5904	5105011.3812	3.3238e-09
634	60587.4751	-28906.5207	738550.4751	3503256.4793	5105011.3812	3.1438e-09
635	60679.0780	-28946.6318	738642.0780	3503216.3682	5105011.3812	2.9735e-09
636	60770.6810	-28986.7429	738733.6810	3503176.2571	5105011.3812	2.8124e-09
637	60862.2839	-29026.8540	738825.2839	3503136.1460	5105011.3812	2.6601e-09
638	60953.8869	-29066.9651	738916.8869	3503096.0349	5105011.3812	2.5160e-09
639	61045.4898	-29107.0762	739008.4898	3503055.9238	5105011.3812	2.3798e-09
640	61137.0927	-29147.1873	739100.0927	3503015.8127	5105011.3812	2.2509e-09
641	61228.6957	-29187.2985	739191.6957	3502975.7015	5105011.3812	2.1290e-09
642	61320.2986	-29227.4096	739283.2986	3502935.5904	5105011.3812	2.0137e-09
643	61411.9016	-29267.5207	739374.9016	3502895.4793	5105011.3812	1.9047e-09
644	61503.5045	-29307.6318	739466.5045	3502855.3682	5105011.3812	1.8015e-09
645	61595.1075	-29347.7429	739558.1075	3502815.2571	5105011.3812	1.7040e-09
646	61686.7104	-29387.8540	739649.7104	3502775.1460	5105011.3812	1.6117e-09
647	61778.3133	-29427.9651	739741.3133	3502735.0349	5105011.3812	1.5244e-09
648	61869.9163	-29468.0762	739832.9163	3502694.9238	5105011.3812	1.4419e-09
649	61961.5192	-29508.1873	739924.5192	3502654.8127	5105011.3812	1.3638e-09
650	62053.1222	-29548.2984	740016.1222	3502614.7016	5105011.3812	1.2900e-09
651	62144.7251	-29588.4095	740107.7251	3502574.5905	5105011.3812	1.2202e-09
652	62236.3280	-29628.5206	740199.3280	3502534.4794	5105011.3812	1.1541e-09
653	62327.9310	-29668.6318	740290.9310	3502494.3682	5105011.3812	1.0916e-09
654	62419.5339	-29708.7429	740382.5339	3502454.2571	5105011.3812	1.0326e-09
655	62511.1369	-29748.8540	740474.1369	3502414.1460	5105011.3812	9.7666e-10
656	62602.7398	-29788.9651	740565.7398	3502374.0349	5105011.3812	9.2380e-10
657	62694.3428	-29829.0762	740657.3428	3502333.9238	5105011.3812	8.7380e-10
658	62785.9457	-29869.1873	740748.9457	3502293.8127	5105011.3812	8.2651e-10
659	62877.5486	-29909.2984	740840.5486	3502253.7016	5105011.3812	7.8177e-10
660	62969.1516	-29949.4095	740932.1516	3502213.5905	5105011.3812	7.3946e-10
661	63060.7545	-29989.5206	741023.7545	3502173.4794	5105011.3812	6.9944e-10
662	63152.3575	-30029.6317	741115.3575	3502133.3683	5105011.3812	6.6159e-10
663	63243.9604	-30069.7428	741206.9604	3502093.2572	5105011.3812	6.2579e-10
664	63335.5633	-30109.8539	741298.5633	3502053.1461	5105011.3812	5.9193e-10
665	63427.1663	-30149.9651	741390.1663	3502013.0349	5105011.3812	5.5990e-10
666	63518.7692	-30190.0762	741481.7692	3501972.9238	5105011.3812	5.2960e-10
667	63610.3722	-30230.1873	741573.3722	3501932.8127	5105011.3812	5.0095e-10
668	63701.9751	-30270.2984	741664.9751	3501892.7016	5105011.3812	4.7384e-10
669	63793.5781	-30310.4095	741756.5781	3501852.5905	5105011.3812	4.4820e-10
670	63885.1810	-30350.5206	741848.1810	3501812.4794	5105011.3812	4.2395e-10
671	63976.7839	-30390.6317	741939.7839	3501772.3683	5105011.3812	4.0102e-10
672	64068.3869	-30430.7428	742031.3869	3501732.2572	5105011.3812	3.7932e-10
673	64159.9898	-30470.8539	742122.9898	3501692.1461	5105011.3812	3.5880e-10
674	64251.5928	-30510.9650	742214.5928	3501652.0350	5105011.3812	3.3939e-10
675	64343.1957	-30551.0761	742306.1957	3501611.9239	5105011.3812	3.2103e-10
676	64434.7986	-30591.1873	742397.7986	3501571.8127	5105011.3812	3.0367e-10
677	64526.4016	-30631.2984	742489.4016	3501531.7016	5105011.3812	2.8724e-10
678	64618.0045	-30671.4095	742581.0045	3501491.5905	5105011.3812	2.7170e-10
679	64709.6075	-30711.5206	742672.6075	3501451.4794	5105011.3812	2.5701e-10
680	64801.2104	-30751.6317	742764.2104	3501411.3683	5105011.3812	2.4311e-10
681	64892.8134	-30791.7428	742855.8134	3501371.2572	5105011.3812	2.2996e-10
682	64984.4163	-30831.8539	742947.4163	3501331.1461	5105011.3812	2.1752e-10
683	65076.0192	-30871.9650	743039.0192	3501291.0350	5105011.3812	2.0576e-10
684	65167.6222	-30912.0761	743130.6222	3501250.9239	5105011.3812	1.9463e-10
685	65259.2251	-30952.1872	743222.2251	3501210.8128	5105011.3812	1.8411e-10
686	65350.8281	-30992.2983	743313.8281	3501170.7017	5105011.3812	1.7415e-10
687	65442.4310	-31032.4094	743405.4310	3501130.5906	5105011.3812	1.6473e-10
688	65534.0340	-31072.5206	743497.0340	3501090.4794	5105011.3812	1.5582e-10
689	65625.6369	-31112.6317	743588.6369	3501050.3683	5105011.3812	1.4740e-10
690	65717.2398	-31152.7428	743680.2398	3501010.2572	5105011.3812	1.3943e-10
691	65808.8428	-31192.8539	743771.8428	3500970.1461	5105011.3812	1.3189e-10
692	65900.4457	-31232.9650	743863.4457	3500930.0350	5105011.3812	1.2476e-10
693	65992.0487	-31273.0761	743955.0487	3500889.9239	5105011.3812	1.1801e-10
694	66083.6516	-31313.1872	744046.6516	3500849.8128	5105011.3812	1.1163e-10
695	66175.2545	-31353.2983	744138.2545	3500809.7017	5105011.3812	1.0560e-10
696	66266.8575	-31393.4094	744229.8575	3500769.5906	5105011.3812	9.9890e-11
697	66358.4604	-31433.5205	744321.4604	3500729.4795	5105011.3812	9.4490e-11
698	66450.0634	-31473.6316	744413.0634	3500689.3684	5105011.3812	8.9382e-11
699	66541.6663	-31513.7428	744504.6663	3500649.2572	5105011.3812	8.4550e-11
700	66633.2693	-31553.8539	744596.2693	3500609.1461	5105011.3812	7.9980e-11
701	66724.8722	-31593.9650	744687.8722	3500569.0350	5105011.3812	7.5657e-11
702	66816.4751	-31634.0761	744779.4751	3500528.9239	5105011.3812	7.1567e-11
703	66908.0781	-31674.1872	744871.0781	3500488.8128	5105011.3812	6.7699e-11
704	66999.6810	-31714.2983	744962.6810	3500448.7017	5105011.3812	6.4040e-11
705	67091.2840	-31754.4094	745054.2840	3500408.5906	5105011.3812	6.0579e-11
706	67182.8869	-31794.5205	745145.8869	3500368.4795	5105011.3812	5.7305e-11
707	67274.4898	-31834.6316	745237.4898	3500328.3684	5105011.3812	5.4208e-11
708	67366.0928	-31874.7427	745329.0928	3500288.2573	5105011.3812	5.1278e-11
709	67457.6957	-31914.8538	745420.6957	3500248.1462	5105011.3812	4.8507e-11
710	67549.2987	-31954.9649	745512.2987	3500208.0351	5105011.3812	4.5886e-11
711	67640.9016	-31995.0761	745603.9016	3500167.9239	5105011.3812	4.3406e-11
712	67732.5046	-32035.1872	745695.5046	3500127.8128	5105011.3812	4.1061e-11
713	67824.1075	-32075.2983	745787.1075	3500087.7017	5105011.3812	3.8842e-11
714	67915.7104	-32115.4094	745878.7104	3500047.5906	5105011.3812	3.6743e-11
715	68007.3134	-32155.5205	745970.3134	3500007.4795	5105011.3812	3.4758e-11
716	68098.9163	-32195.6316	746061.9163	3499967.3684	5105011.3812	3.2880e-11
717	68190.5193	-32235.7427	746153.5193	3499927.2573	5105011.3812	3.1103e-11
718	68282.1222	-32275.8538	746245.1222	3499887.1462	5105011.3812	2.9423e-11
719	68373.7252	-32315.9649	746336.7252	3499847.0351	5105011.3812	2.7833e-11
720	68465.3281	-32356.0760	746428.3281	3499806.9240	5105011.3812	2.6330e-11
721	68556.9310	-32396.1871	746519.9310	3499766.8129	5105011.3812	2.4907e-11
722	68648.5340	-32436.2982	746611.5340	3499726.7018	5105011.3812	2.3562e-11
723	68740.1369	-32476.4094	746703.1369	3499686.5906	5105011.3812	2.2289e-11
724	68831.7399	-32516.5205	746794.7399	3499646.4795	5105011.3812	2.1085e-11
725	68923.3428	-32556.6316	746886.3428	3499606.3684	5105011.3812	1.9946e-11
726	69014.9457	-32596.7427	746977.9457	3499566.2573	5105011.3812	1.8868e-11
727	69106.5487	-32636.8538	747069.5487	3499526.1462	5105011.3812	1.7849e-11
728	69198.1516	-32676.9649	747161.1516	3499486.0351	5105011.3812	1.6885e-11
729	69289.7546	-32717.0760	747252.7546	3499445.9240	5105011.3812	1.5973e-11
730	69381.3575	-32757.1871	747344.3575	3499405.8129	5105011.3812	1.5110e-11
731	69472.9605	-32797.2982	747435.9605	3499365.7018	5105011.3812	1.4294e-11
732	69564.5634	-32837.4093	747527.5634	3499325.5907	5105011.3812	1.3522e-11
733	69656.1663	-32877.5204	747619.1663	3499285.4796	5105011.3812	1.2792e-11
734	69747.7693	-32917.6316	747710.7693	3499245.3684	5105011.3812	1.2101e-11
735	69839.3722	-32957.7427	747802.3722	3499205.2573	5105011.3812	1.1448e-11
736	69930.9752	-32997.8538	747893.9752	3499165.1462	5105011.3812	1.0829e-11
737	70022.5781	-33037.9649	747985.5781	3499125.0351	5105011.3812	1.0245e-11
738	70114.1810	-33078.0760	748077.1810	3499084.9240	5105011.3812	9.6914e-12
739	70205.7840	-33118.1871	748168.7840	3499044.8129	5105011.3812	9.1681e-12
740	70297.3869	-33158.2982	748260.3869	3499004.7018	5105011.3812	8.6730e-12
741	70388.9899	-33198.4093	748351.9899	3498964.5907	5105011.3812	8.2047e-12
742	70480.5928	-33238.5204	748443.5928	3498924.4796	5105011.3812	7.7617e-12
743	70572.1958	-33278.6315	748535.1958	3498884.3685	5105011.3812	7.3426e-12
744	70663.7987	-33318.7426	748626.7987	3498844.2574	5105011.3812	6.9462e-12
745	70755.4016	-33358.8537	748718.4016	3498804.1463	5105011.3812	6.5712e-12
746	70847.0046	-33398.9649	748810.0046	3498764.0351	5105011.3812	6.2164e-12
747	70938.6075	-33439.0760	748901.6075	3498723.9240	5105011.3812	5.8808e-12
748	71030.2105	-33479.1871	748993.2105	3498683.8129	5105011.3812	5.5633e-12
749	71121.8134	-33519.2982	749084.8134	3498643.7018	5105011.3812	5.2630e-12
750	71213.4164	-33559.4093	749176.4164	3498603.5907	5105011.3812	4.9788e-12
751	71305.0193	-33599.5204	749268.0193	3498563.4796	5105011.3812	4.7101e-12
752	71396.6222	-33639.6315	749359.6222	3498523.3685	5105011.3812	4.4558e-12
753	71488.2252	-33679.7426	749451.2252	3498483.2574	5105011.3812	4.2153e-12
754	71579.8281	-33719.8537	749542.8281	3498443.1463	5105011.3812	3.9877e-12
755	71671.4311	-33759.9648	749634.4311	3498403.0352	5105011.3812	3.7725e-12
756	71763.0340	-33800.0759	749726.0340	3498362.9241	5105011.3812	3.5689e-12
757	71854.6369	-33840.1871	749817.6369	3498322.8129	5105011.3812	3.3762e-12
758	71946.2399	-33880.2982	749909.2399	3498282.7018	5105011.3812	3.1940e-12
759	72037.8428	-33920.4093	750000.8428	3498242.5907	5105011.3812	3.0216e-12
760	72129.4458	-33960.5204	750092.4458	3498202.4796	5105011.3812	2.8585e-12
761	72221.0487	-34000.6315	750184.0487	3498162.3685	5105011.3812	2.7043e-12
762	72312.6517	-34040.7426	750275.6517	3498122.2574	5105011.3812	2.5583e-12
763	72404.2546	-34080.8537	750367.2546	3498082.1463	5105011.3812	2.4203e-12
764	72495.8575	-34120.9648	750458.8575	3498042.0352	5105011.3812	2.2896e-12
765	72587.4605	-34161.0759	750550.4605	3498001.9241	5105011.3812	2.1661e-12
766	72679.0634	-34201.1870	750642.0634	3497961.8130	5105011.3812	2.0492e-12
767	72770.6664	-34241.2981	750733.6664	3497921.7019	5105011.3812	1.9386e-12
768	72862.2693	-34281.4092	750825.2693	3497881.5908	5105011.3812	1.8340e-12
769	72953.8722	-34321.5204	750916.8722	3497841.4796	5105011.3812	1.7350e-12
770	73045.4752	-34361.6315	751008.4752	3497801.3685	5105011.3812	1.6414e-12
771	73137.0781	-34401.7426	751100.0781	3497761.2574	5105011.3812	1.5529e-12
772	73228.6811	-34441.8537	751191.6811	3497721.1463	5105011.3812	1.4691e-12
773	73320.2840	-34481.9648	751283.2840	3497681.0352	5105011.3812	1.3898e-12
774	73411.8870	-34522.0759	751374.8870	3497640.9241	5105011.3812	1.3148e-12
775	73503.4899	-34562.1870	751466.4899	3497600.8130	5105011.3812	1.2439e-12
776	73595.0928	-34602.2981	751558.0928	3497560.7019	5105011.3812	1.1768e-12
777	73686.6958	-34642.4092	751649.6958	3497520.5908	5105011.3812	1.1133e-12
778	73778.2987	-34682.5203	751741.2987	3497480.4797	5105011.3812	1.0532e-12
779	73869.9017	-34722.6314	751832.9017	3497440.3686	5105011.3812	9.9641e-13
780	73961.5046	-34762.7425	751924.5046	3497400.2575	5105011.3812	9.4266e-13
781	74053.1075	-34802.8537	752016.1075	3497360.1463	5105011.3812	8.9180e-13
782	74144.7105	-34842.9648	752107.7105	3497320.0352	5105011.3812	8.4370e-13
783	74236.3134	-34883.0759	752199.3134	3497279.9241	5105011.3812	7.9819e-13
784	74327.9164	-34923.1870	752290.9164	3497239.8130	5105011.3812	7.5513e-13
785	74419.5193	-34963.2981	752382.5193	3497199.7019	5105011.3812	7.1440e-13
786	74511.1223	-35003.4092	752474.1223	3497159.5908	5105011.3812	6.7586e-13
787	74602.7252	-35043.5203	752565.7252	3497119.4797	5105011.3812	6.3941e-13
788	74694.3281	-35083.6314	752657.3281	3497079.3686	5105011.3812	6.0492e-13
789	74785.9311	-35123.7425	752748.9311	3497039.2575	5105011.3812	5.7229e-13
790	74877.5340	-35163.8536	752840.5340	3496999.1464	5105011.3812	5.4143e-13
791	74969.1370	-35203.9647	752932.1370	3496959.0353	5105011.3812	5.1223e-13
792	75060.7399	-35244.0759	753023.7399	3496918.9241	5105011.3812	4.8460e-13
793	75152.3429	-35284.1870	753115.3429	3496878.8130	5105011.3812	4.5847e-13
794	75243.9458	-35324.2981	753206.9458	3496838.7019	5105011.3812	4.3374e-13
795	75335.5487	-35364.4092	753298.5487	3496798.5908	5105011.3812	4.1035e-13
796	75427.1517	-35404.5203	753390.1517	3496758.4797	5105011.3812	3.8822e-13
797	75518.7546	-35444.6314	753481.7546	3496718.3686	5105011.3812	3.6729e-13
798	75610.3576	-35484.7425	753573.3576	3496678.2575	5105011.3812	3.4748e-13
799	75701.9605	-35524.8536	753664.9605	3496638.1464	5105011.3812	3.2874e-13
800	75793.5634	-35564.9647	753756.5634	3496598.0353	5105011.3812	3.1102e-13
801	75885.1664	-35605.0758	753848.1664	3496557.9242	5105011.3812	2.9424e-13
802	75976.7693	-35645.1869	753939.7693	3496517.8131	5105011.3812	2.7838e-13
803	76068.3723	-35685.2980	754031.3723	3496477.7020	5105011.3812	2.6337e-13
804	76159.9752	-35725.4092	754122.9752	3496437.5908	5105011.3812	2.4917e-13
805	76251.5782	-35765.5203	754214.5782	3496397.4797	5105011.3812	2.3573e-13
806	76343.1811	-35805.6314	754306.1811	3496357.3686	5105011.3812	2.2302e-13
807	76434.7840	-35845.7425	754397.7840	3496317.2575	5105011.3812	2.1100e-13
808	76526.3870	-35885.8536	754489.3870	3496277.1464	5105011.3812	1.9962e-13
809	76617.9899	-35925.9647	754580.9899	3496237.0353	5105011.3812	1.8886e-13
810	76709.5929	-35966.0758	754672.5929	3496196.9242	5105011.3812	1.7868e-13
811	76801.1958	-36006.1869	754764.1958	3496156.8131	5105011.3812	1.6905e-13
812	76892.7987	-36046.2980	754855.7987	3496116.7020	5105011.3812	1.5993e-13
813	76984.4017	-36086.4091	754947.4017	3496076.5909	5105011.3812	1.5131e-13
814	77076.0046	-36126.5202	755039.0046	3496036.4798	5105011.3812	1.4315e-13
815	77167.6076	-36166.6314	755130.6076	3495996.3686	5105011.3812	1.3544e-13
816	77259.2105	-36206.7425	755222.2105	3495956.2575	5105011.3812	1.2814e-13
817	77350.8135	-36246.8536	755313.8135	3495916.1464	5105011.3812	1.2123e-13
818	77442.4164	-36286.9647	755405.4164	3495876.0353	5105011.3812	1.1470e-13
819	77534.0193	-36327.0758	755497.0193	3495835.9242	5105011.3812	1.0851e-13
820	77625.6223	-36367.1869	755588.6223	3495795.8131	5105011.3812	1.0266e-13
821	77717.2252	-36407.2980	755680.2252	3495755.7020	5105011.3812	9.7130e-14
822	77808.8282	-36447.4091	755771.8282	3495715.5909	5105011.3812	9.1895e-14
823	77900.4311	-36487.5202	755863.4311	3495675.4798	5105011.3812	8.6942e-14
824	77992.0341	-36527.6313	755955.0341	3495635.3687	5105011.3812	8.2256e-14
825	78083.6370	-36567.7424	756046.6370	3495595.2576	5105011.3812	7.7823e-14
826	78175.2399	-36607.8535	756138.2399	3495555.1465	5105011.3812	7.3629e-14
827	78266.8429	-36647.9647	756229.8429	3495515.0353	5105011.3812	6.9661e-14
828	78358.4458	-36688.0758	756321.4458	3495474.9242	5105011.3812	6.5906e-14
829	78450.0488	-36728.1869	756413.0488	3495434.8131	5105011.3812	6.2355e-14
830	78541.6517	-36768.2980	756504.6517	3495394.7020	5105011.3812	5.8994e-14
831	78633.2546	-36808.4091	756596.2546	3495354.5909	5105011.3812	5.5815e-14
832	78724.8576	-36848.5202	756687.8576	3495314.4798	5105011.3812	5.2807e-14
833	78816.4605	-36888.6313	756779.4605	3495274.3687	5105011.3812	4.9962e-14
834	78908.0635	-36928.7424	756871.0635	3495234.2576	5105011.3812	4.7269e-14
835	78999.6664	-36968.8535	756962.6664	3495194.1465	5105011.3812	4.4722e-14
836	79091.2694	-37008.9646	757054.2694	3495154.0354	5105011.3812	4.2312e-14
837	79182.8723	-37049.0757	757145.8723	3495113.9243	5105011.3812	4.0032e-14
838	79274.4752	-37089.1868	757237.4752	3495073.8132	5105011.3812	3.7875e-14
839	79366.0782	-37129.2980	757329.0782	3495033.7020	5105011.3812	3.5835e-14
840	79457.6811	-37169.4091	757420.6811	3494993.5909	5105011.3812	3.3904e-14
841	79549.2841	-37209.5202	757512.2841	3494953.4798	5105011.3812	3.2077e-14
842	79640.8870	-37249.6313	757603.8870	3494913.3687	5105011.3812	3.0349e-14
843	79732.4899	-37289.7424	757695.4899	3494873.2576	5105011.3812	2.8714e-14
844	79824.0929	-37329.8535	757787.0929	3494833.1465	5105011.3812	2.7167e-14
845	79915.6958	-37369.9646	757878.6958	3494793.0354	5105011.3812	2.5703e-14
846	80007.2988	-37410.0757	757970.2988	3494752.9243	5105011.3812	2.4318e-14
847	80098.9017	-37450.1868	758061.9017	3494712.8132	5105011.3812	2.3008e-14
848	80190.5047	-37490.2979	758153.5047	3494672.7021	5105011.3812	2.1769e-14
849	80282.1076	-37530.4090	758245.1076	3494632.5910	5105011.3812	2.0596e-14
850	80373.7105	-37570.5202	758336.7105	3494592.4798	5105011.3812	1.9487e-14
851	80465.3135	-37610.6313	758428.3135	3494552.3687	5105011.3812	1.8437e-14
852	80556.9164	-37650.7424	758519.9164	3494512.2576	5105011.3812	1.7444e-14
853	80648.5194	-37690.8535	758611.5194	3494472.1465	5105011.3812	1.6504e-14
854	80740.1223	-37730.9646	758703.1223	3494432.0354	5105011.3812	1.5615e-14
855	80831.7253	-37771.0757	758794.7253	3494391.9243	5105011.3812	1.4774e-14
856	80923.3282	-37811.1868	758886.3282	3494351.8132	5105011.3812	1.3978e-14
857	81014.9311	-37851.2979	758977.9311	3494311.7021	5105011.3812	1.3225e-14
858	81106.5341	-37891.4090	759069.5341	3494271.5910	5105011.3812	1.2513e-14
859	81198.1370	-37931.5201	759161.1370	3494231.4799	5105011.3812	1.1839e-14
860	81289.7400	-37971.6312	759252.7400	3494191.3688	5105011.3812	1.1201e-14
861	81381.3429	-38011.7423	759344.3429	3494151.2577	5105011.3812	1.0598e-14
862	81472.9458	-38051.8535	759435.9458	3494111.1465	5105011.3812	1.0027e-14
863	81564.5488	-38091.9646	759527.5488	3494071.0354	5105011.3812	9.4871e-15
864	81656.1517	-38132.0757	759619.1517	3494030.9243	5105011.3812	8.9762e-15
865	81747.7547	-38172.1868	759710.7547	3493990.8132	5105011.3812	8.4927e-15
866	81839.3576	-38212.2979	759802.3576	3493950.7021	5105011.3812	8.0354e-15
867	81930.9606	-38252.4090	759893.9606	3493910.5910	5105011.3812	7.6026e-15
868	82022.5635	-38292.5201	759985.5635	3493870.4799	5105011.3812	7.1932e-15
869	82114.1664	-38332.6312	760077.1664	3493830.3688	5105011.3812	6.8058e-15
870	82205.7694	-38372.7423	760168.7694	3493790.2577	5105011.3812	6.4393e-15
871	82297.3723	-38412.8534	760260.3723	3493750.1466	5105011.3812	6.0926e-15
872	82388.9753	-38452.9645	760351.9753	3493710.0355	5105011.3812	5.7645e-15
873	82480.5782	-38493.0756	760443.5782	3493669.9244	5105011.3812	5.4541e-15
874	82572.1811	-38533.1868	760535.1811	3493629.8132	5105011.3812	5.1604e-15
875	82663.7841	-38573.2979	760626.7841	3493589.7021	5105011.3812	4.8825e-15
876	82755.3870	-38613.4090	760718.3870	3493549.5910	5105011.3812	4.6196e-15
877	82846.9900	-38653.5201	760809.9900	3493509.4799	5105011.3812	4.3709e-15
878	82938.5929	-38693.6312	760901.5929	3493469.3688	5105011.3812	4.1355e-15
879	83030.1959	-38733.7423	760993.1959	3493429.2577	5105011.3812	3.9129e-15
880	83121.7988	-38773.8534	761084.7988	3493389.1466	5105011.3812	3.7022e-15
881	83213.4017	-38813.9645	761176.4017	3493349.0355	5105011.3812	3.5029e-15
882	83305.0047	-38854.0756	761268.0047	3493308.9244	5105011.3812	3.3143e-15
883	83396.6076	-38894.1867	761359.6076	3493268.8133	5105011.3812	3.1358e-15
884	83488.2106	-38934.2978	761451.2106	3493228.7022	5105011.3812	2.9670e-15
885	83579.8135	-38974.4090	761542.8135	3493188.5910	5105011.3812	2.8073e-15
886	83671.4164	-39014.5201	761634.4164	3493148.4799	5105011.3812	2.6561e-15
887	83763.0194	-39054.6312	761726.0194	3493108.3688	5105011.3812	2.5131e-15
888	83854.6223	-39094.7423	761817.6223	3493068.2577	5105011.3812	2.3778e-15
889	83946.2253	-39134.8534	761909.2253	3493028.1466	5105011.3812	2.2498e-15
890	84037.8282	-39174.9645	762000.8282	3492988.0355	5105011.3812	2.1287e-15
891	84129.4312	-39215.0756	762092.4312	3492947.9244	5105011.3812	2.0141e-15
892	84221.0341	-39255.1867	762184.0341	3492907.8133	5105011.3812	1.9057e-15
893	84312.6370	-39295.2978	762275.6370	3492867.7022	5105011.3812	1.8031e-15
894	84404.2400	-39335.4089	762367.2400	3492827.5911	5105011.3812	1.7061e-15
895	84495.8429	-39375.5200	762458.8429	3492787.4800	5105011.3812	1.6142e-15
896	84587.4459	-39415.6311	762550.4459	3492747.3689	5105011.3812	1.5273e-15
897	84679.0488	-39455.7423	762642.0488	3492707.2577	5105011.3812	1.4451e-15
898	84770.6518	-39495.8534	762733.6518	3492667.1466	5105011.3812	1.3673e-15
899	84862.2547	-39535.9645	762825.2547	3492627.0355	5105011.3812	1.2937e-15
900	84953.8576	-39576.0756	762916.8576	3492586.9244	5105011.3812	1.2241e-15
901	85045.4606	-39616.1867	763008.4606	3492546.8133	5105011.3812	1.1582e-15
902	85137.0635	-39656.2978	763100.0635	3492506.7022	5105011.3812	1.0959e-15
903	85228.6665	-39696.4089	763191.6665	3492466.5911	5105011.3812	1.0369e-15
904	85320.2694	-39736.5200	763283.2694	3492426.4800	5105011.3812	9.8109e-16
905	85411.8723	-39776.6311	763374.8723	3492386.3689	5105011.3812	9.2828e-16
906	85503.4753	-39816.7422	763466.4753	3492346.2578	5105011.3812	8.7832e-16
907	85595.0782	-39856.8533	763558.0782	3492306.1467	5105011.3812	8.3105e-16
908	85686.6812	-39896.9645	763649.6812	3492266.0355	5105011.3812	7.8633e-16
909	85778.2841	-39937.0756	763741.2841	3492225.9244	5105011.3812	7.4401e-16
910	85869.8871	-39977.1867	763832.8871	3492185.8133	5105011.3812	7.0397e-16
911	85961.4900	-40017.2978	763924.4900	3492145.7022	5105011.3812	6.6609e-16
912	86053.0929	-40057.4089	764016.0929	3492105.5911	5105011.3812	6.3024e-16
913	86144.6959	-40097.5200	764107.6959	3492065.4800	5105011.3812	5.9633e-16
914	86236.2988	-40137.6311	764199.2988	3492025.3689	5105011.3812	5.6424e-16
915	86327.9018	-40177.7422	764290.9018	3491985.2578	5105011.3812	5.3387e-16
916	86419.5047	-40217.8533	764382.5047	3491945.1467	5105011.3812	5.0515e-16
917	86511.1076	-40257.9644	764474.1076	3491905.0356	5105011.3812	4.7796e-16
918	86602.7106	-40298.0755	764565.7106	3491864.9245	5105011.3812	4.5224e-16
919	86694.3135	-40338.1866	764657.3135	3491824.8134	5105011.3812	4.2791e-16
920	86785.9165	-40378.2978	764748.9165	3491784.7022	5105011.3812	4.0488e-16
921	86877.5194	-40418.4089	764840.5194	3491744.5911	5105011.3812	3.8310e-16
922	86969.1224	-40458.5200	764932.1224	3491704.4800	5105011.3812	3.6249e-16
923	87060.7253	-40498.6311	765023.7253	3491664.3689	5105011.3812	3.4298e-16
924	87152.3282	-40538.7422	765115.3282	3491624.2578	5105011.3812	3.2453e-16
925	87243.9312	-40578.8533	765206.9312	3491584.1467	5105011.3812	3.0707e-16
926	87335.5341	-40618.9644	765298.5341	3491544.0356	5105011.3812	2.9055e-16
927	87427.1371	-40659.0755	765390.1371	3491503.9245	5105011.3812	2.7491e-16
928	87518.7400	-40699.1866	765481.7400	3491463.8134	5105011.3812	2.6012e-16
929	87610.3430	-40739.2977	765573.3430	3491423.7023	5105011.3812	2.4613e-16
930	87701.9459	-40779.4088	765664.9459	3491383.5912	5105011.3812	2.3289e-16
931	87793.5488	-40819.5199	765756.5488	3491343.4801	5105011.3812	2.2036e-16
932	87885.1518	-40859.6311	765848.1518	3491303.3689	5105011.3812	2.0850e-16
933	87976.7547	-40899.7422	765939.7547	3491263.2578	5105011.3812	1.9729e-16
934	88068.3577	-40939.8533	766031.3577	3491223.1467	5105011.3812	1.8667e-16
935	88159.9606	-40979.9644	766122.9606	3491183.0356	5105011.3812	1.7663e-16
936	88251.5635	-41020.0755	766214.5635	3491142.9245	5105011.3812	1.6713e-16
937	88343.1665	-41060.1866	766306.1665	3491102.8134	5105011.3812	1.5814e-16
938	88434.7694	-41100.2977	766397.7694	3491062.7023	5105011.3812	1.4963e-16
939	88526.3724	-41140.4088	766489.3724	3491022.5912	5105011.3812	1.4158e-16
940	88617.9753	-41180.5199	766580.9753	3490982.4801	5105011.3812	1.3397e-16
941	88709.5783	-41220.6310	766672.5783	3490942.3690	5105011.3812	1.2676e-16
942	88801.1812	-41260.7421	766764.1812	3490902.2579	5105011.3812	1.1994e-16
943	88892.7841	-41300.8533	766855.7841	3490862.1467	5105011.3812	1.1349e-16
944	88984.3871	-41340.9644	766947.3871	3490822.0356	5105011.3812	1.0739e-16
945	89075.9900	-41381.0755	767038.9900	3490781.9245	5105011.3812	1.0161e-16
946	89167.5930	-41421.1866	767130.5930	3490741.8134	5105011.3812	9.6144e-17
947	89259.1959	-41461.2977	767222.1959	3490701.7023	5105011.3812	9.0973e-17
948	89350.7988	-41501.4088	767313.7988	3490661.5912	5105011.3812	8.6080e-17
949	89442.4018	-41541.5199	767405.4018	3490621.4801	5105011.3812	8.1450e-17
950	89534.0047	-41581.6310	767497.0047	3490581.3690	5105011.3812	7.7069e-17
951	89625.6077	-41621.7421	767588.6077	3490541.2579	5105011.3812	7.2924e-17
952	89717.2106	-41661.8532	767680.2106	3490501.1468	5105011.3812	6.9002e-17
953	89808.8136	-41701.9643	767771.8136	3490461.0357	5105011.3812	6.5291e-17
954	89900.4165	-41742.0754	767863.4165	3490420.9246	5105011.3812	6.1780e-17
955	89992.0194	-41782.1866	767955.0194	3490380.8134	5105011.3812	5.8457e-17
956	90083.6224	-41822.2977	768046.6224	3490340.7023	5105011.3812	5.5313e-17
957	90175.2253	-41862.4088	768138.2253	3490300.5912	5105011.3812	5.2339e-17
958	90266.8283	-41902.5199	768229.8283	3490260.4801	5105011.3812	4.9524e-17
959	90358.4312	-41942.6310	768321.4312	3490220.3690	5105011.3812	4.6861e-17
960	90450.0342	-41982.7421	768413.0342	3490180.2579	5105011.3812	4.4341e-17
961	90541.6371	-42022.8532	768504.6371	3490140.1468	5105011.3812	4.1956e-17
962	90633.2400	-42062.9643	768596.2400	3490100.0357	5105011.3812	3.9700e-17
963	90724.8430	-42103.0754	768687.8430	3490059.9246	5105011.3812	3.7565e-17
964	90816.4459	-42143.1865	768779.4459	3490019.8135	5105011.3812	3.5545e-17
965	90908.0489	-42183.2976	768871.0489	3489979.7024	5105011.3812	3.3634e-17
966	90999.6518	-42223.4088	768962.6518	3489939.5912	5105011.3812	3.1825e-17
967	91091.2547	-42263.5199	769054.2547	3489899.4801	5105011.3812	3.0114e-17
968	91182.8577	-42303.6310	769145.8577	3489859.3690	5105011.3812	2.8494e-17
969	91274.4606	-42343.7421	769237.4606	3489819.2579	5105011.3812	2.6962e-17
970	91366.0636	-42383.8532	769329.0636	3489779.1468	5105011.3812	2.5513e-17
971	91457.6665	-42423.9643	769420.6665	3489739.0357	5105011.3812	2.4141e-17
972	91549.2695	-42464.0754	769512.2695	3489698.9246	5105011.3812	2.2843e-17
973	91640.8724	-42504.1865	769603.8724	3489658.8135	5105011.3812	2.1615e-17
974	91732.4753	-42544.2976	769695.4753	3489618.7024	5105011.3812	2.0452e-17
975	91824.0783	-42584.4087	769787.0783	3489578.5913	5105011.3812	1.9353e-17
976	91915.6812	-42624.5198	769878.6812	3489538.4802	5105011.3812	1.8312e-17
977	92007.2842	-42664.6309	769970.2842	3489498.3691	5105011.3812	1.7328e-17
978	92098.8871	-42704.7421	770061.8871	3489458.2579	5105011.3812	1.6396e-17
979	92190.4900	-42744.8532	770153.4900	3489418.1468	5105011.3812	1.5515e-17
980	92282.0930	-42784.9643	770245.0930	3489378.0357	5105011.3812	1.4680e-17
981	92373.6959	-42825.0754	770336.6959	3489337.9246	5105011.3812	1.3891e-17
982	92465.2989	-42865.1865	770428.2989	3489297.8135	5105011.3812	1.3144e-17
983	92556.9018	-42905.2976	770519.9018	3489257.7024	5105011.3812	1.2438e-17
984	92648.5048	-42945.4087	770611.5048	3489217.5913	5105011.3812	1.1769e-17
985	92740.1077	-42985.5198	770703.1077	3489177.4802	5105011.3812	1.1136e-17
986	92831.7106	-43025.6309	770794.7106	3489137.3691	5105011.3812	1.0538e-17
987	92923.3136	-43065.7420	770886.3136	3489097.2580	5105011.3812	9.9712e-18
988	93014.9165	-43105.8531	770977.9165	3489057.1469	5105011.3812	9.4352e-18
989	93106.5195	-43145.9642	771069.5195	3489017.0358	5105011.3812	8.9280e-18
990	93198.1224	-43186.0754	771161.1224	3488976.9246	5105011.3812	8.4481e-18
991	93289.7254	-43226.1865	771252.7254	3488936.8135	5105011.3812	7.9940e-18
992	93381.3283	-43266.2976	771344.3283	3488896.7024	5105011.3812	7.5642e-18
993	93472.9312	-43306.4087	771435.9312	3488856.5913	5105011.3812	7.1576e-18
994	93564.5342	-43346.5198	771527.5342	3488816.4802	5105011.3812	6.7729e-18
995	93656.1371	-43386.6309	771619.1371	3488776.3691	5105011.3812	6.4088e-18
996	93747.7401	-43426.7420	771710.7401	3488736.2580	5105011.3812	6.0643e-18
997	93839.3430	-43466.8531	771802.3430	3488696.1469	5105011.3812	5.7384e-18
998	93930.9459	-43506.9642	771893.9459	3488656.0358	5105011.3812	5.4299e-18
999	94022.5489	-43547.0753	771985.5489	3488615.9247	5105011.3812	5.1381e-18
