i	x_from_vent	y_from_vent	x_coord	y_coord	cloud_sigma2	mass_released
0	686.0784	-1013.3140	678649.0784	3531149.6860	404931.4003	3.1617e+07
1	795.1378	-1195.4310	678758.1378	3530967.5690	454384.6790	3.0208e+07
2	912.3447	-1388.6918	678875.3447	3530774.3082	507351.7794	2.8863e+07
3	1039.4844	-1586.1148	679002.4844	3530576.8852	565622.0395	2.7579e+07
4	1176.3643	-1784.7328	679139.3643	3530378.2672	630781.9315	2.6352e+07
5	1321.7904	-1982.7290	679284.7904	3530180.2710	703310.4650	2.5180e+07
6	1474.3050	-2178.7195	679437.3050	3529984.2805	783031.9003	2.4061e+07
7	1634.3140	-2371.9243	679597.3140	3529791.0757	869349.8061	2.2992e+07
8	1799.6763	-2560.0895	679762.6763	3529602.9105	961072.9597	2.1971e+07
9	1966.9700	-2742.5406	679929.9700	3529420.4594	1057196.1778	2.0996e+07
10	2136.4548	-2918.9321	680099.4548	3529244.0679	1157150.8033	2.0064e+07
11	2308.7016	-3088.8225	680271.7016	3529074.1775	1260600.5783	1.9174e+07
12	2480.9698	-3253.5518	680443.9698	3528909.4482	1367246.9560	1.8324e+07
13	2655.9506	-3411.9214	680618.9506	3528751.0786	1476705.0083	1.7512e+07
14	2830.9364	-3565.2873	680793.9364	3528597.7127	1588671.0631	1.6737e+07
15	3007.0829	-3713.1512	680970.0829	3528449.8488	1702787.2321	1.5996e+07
16	3183.5969	-3855.9205	681146.5969	3528307.0795	1818730.0394	1.5288e+07
17	3360.4391	-3993.7193	681323.4391	3528169.2807	1936171.2332	1.4612e+07
18	3537.3420	-4126.6698	681500.3420	3528036.3302	2054792.1854	1.3965e+07
19	3714.3770	-4254.8046	681677.3770	3527908.1954	2174276.2628	1.3348e+07
20	3890.5882	-4378.7494	681853.5882	3527784.2506	2294329.1762	1.2759e+07
21	4067.2960	-4497.6028	682030.2960	3527665.3972	2414627.8438	1.2195e+07
22	4241.8628	-4613.3519	682204.8628	3527549.6481	2534918.4087	1.1657e+07
23	4417.6518	-4723.3534	682380.6518	3527439.6466	2654857.3323	1.1143e+07
24	4591.2643	-4830.3791	682554.2643	3527332.6209	2774216.8355	1.0651e+07
25	4763.9680	-4933.3564	682726.9680	3527229.6436	2892699.5588	1.0182e+07
26	4936.0912	-5032.0368	682899.0912	3527130.9632	3010030.1469	9.7331e+06
27	5105.8684	-5128.0030	683068.8684	3527034.9970	3125974.3993	9.3044e+06
28	5274.9503	-5220.0132	683237.9503	3526942.9868	3240249.4046	8.8948e+06
29	5442.5967	-5308.6694	683405.5967	3526854.3306	3352679.1657	8.5034e+06
30	5607.6910	-5394.9496	683570.6910	3526768.0504	3459846.0342	8.1293e+06
31	5771.0812	-5478.8789	683734.0812	3526684.1211	3568524.8702	7.7719e+06
32	5932.8946	-5560.4766	683895.8946	3526602.5234	3675055.0597	7.4304e+06
33	6091.9518	-5640.2635	684054.9518	3526522.7365	3779293.9957	7.1040e+06
34	6248.2940	-5718.2759	684211.2940	3526444.7241	3881091.7350	6.7920e+06
35	6403.4395	-5794.3024	684366.4395	3526368.6976	3980283.6293	6.4939e+06
36	6556.2035	-5868.5815	684519.2035	3526294.4185	4076762.9099	6.2090e+06
37	6706.2843	-5941.2030	684669.2843	3526221.7970	4170416.7846	5.9367e+06
38	6853.7179	-6012.1995	684816.7179	3526150.8005	4261135.3186	5.6765e+06
39	6999.1720	-6081.4774	684962.1720	3526081.5226	4348805.5593	5.4278e+06
40	7142.8205	-6149.0394	685105.8205	3526013.9606	4433330.8619	5.1900e+06
41	7283.8427	-6215.0830	685246.8427	3525947.9170	4514639.2258	4.9628e+06
42	7422.2683	-6279.6367	685385.2683	3525883.3633	4592650.2980	4.7456e+06
43	7558.1250	-6342.7282	685521.1250	3525820.2718	4667290.0393	4.5381e+06
44	7691.4389	-6404.3842	685654.4389	3525758.6158	4738490.3953	4.3396e+06
45	7822.9720	-6464.4624	685785.9720	3525698.5376	4806175.9253	4.1500e+06
46	7952.2427	-6523.1030	685915.2427	3525639.8970	4870298.6663	3.9687e+06
47	8078.9713	-6580.3988	686041.9713	3525582.6012	4930812.2797	3.7954e+06
48	8203.1785	-6636.3733	686166.1785	3525526.6267	4987670.1108	3.6297e+06
49	8324.8835	-6691.0489	686287.8835	3525471.9511	5040830.3827	3.4714e+06
50	8444.1041	-6744.4476	686407.1041	3525418.5524	5090256.0539	3.3200e+06
51	8560.8568	-6796.5907	686523.8568	3525366.4093	5135914.6956	3.1752e+06
52	8675.1570	-6847.4986	686638.1570	3525315.5014	5177778.3860	3.0369e+06
53	8787.0187	-6897.1913	686750.0187	3525265.8087	5215823.6205	2.9046e+06
54	8896.4548	-6945.6881	686859.4548	3525217.3119	5250031.2342	2.7781e+06
55	8993.9172	-6988.6877	686956.9172	3525174.3123	5279586.7188	2.6572e+06
56	9087.8719	-7030.0292	687050.8719	3525132.9708	5305186.6154	2.5416e+06
57	9181.4146	-7071.1247	687144.4146	3525091.8753	5327082.5230	2.4311e+06
58	9274.5375	-7111.9840	687237.5375	3525051.0160	5345270.6992	2.3254e+06
59	9367.2331	-7152.6166	687330.2331	3525010.3834	5359751.5870	2.2244e+06
60	9459.4937	-7193.0322	687422.4937	3524969.9678	5370529.7897	2.1278e+06
61	9551.3118	-7233.2401	687514.3118	3524929.7599	5377614.0523	2.0354e+06
62	9642.9147	-7273.3513	687605.9147	3524889.6487	5377614.0523	1.9471e+06
63	9734.5176	-7313.4624	687697.5176	3524849.5376	5377614.0523	1.8626e+06
64	9826.1206	-7353.5735	687789.1206	3524809.4265	5377614.0523	1.7819e+06
65	9917.7235	-7393.6846	687880.7235	3524769.3154	5377614.0523	1.7047e+06
66	10009.3265	-7433.7957	687972.3265	3524729.2043	5377614.0523	1.6308e+06
67	10100.9294	-7473.9068	688063.9294	3524689.0932	5377614.0523	1.5602e+06
68	10192.5323	-7514.0179	688155.5323	3524648.9821	5377614.0523	1.4927e+06
69	10284.1353	-7554.1290	688247.1353	3524608.8710	5377614.0523	1.4281e+06
70	10375.7382	-7594.2401	688338.7382	3524568.7599	5377614.0523	1.3663e+06
71	10467.3412	-7634.3512	688430.3412	3524528.6488	5377614.0523	1.3072e+06
72	10558.9441	-7674.4623	688521.9441	3524488.5377	5377614.0523	1.2507e+06
73	10650.5471	-7714.5734	688613.5471	3524448.4266	5377614.0523	1.1967e+06
74	10742.1500	-7754.6846	688705.1500	3524408.3154	5377614.0523	1.1450e+06
75	10833.7529	-7794.7957	688796.7529	3524368.2043	5377614.0523	1.0956e+06
76	10925.3559	-7834.9068	688888.3559	3524328.0932	5377614.0523	1.0483e+06
77	11016.9588	-7875.0179	688979.9588	3524287.9821	5377614.0523	1.0031e+06
78	11108.5618	-7915.1290	689071.5618	3524247.8710	5377614.0523	9.5988e+05
79	11200.1647	-7955.2401	689163.1647	3524207.7599	5377614.0523	9.1852e+05
80	11291.7676	-7995.3512	689254.7676	3524167.6488	5377614.0523	8.7895e+05
81	11383.3706	-8035.4623	689346.3706	3524127.5377	5377614.0523	8.4111e+05
82	11474.9735	-8075.5734	689437.9735	3524087.4266	5377614.0523	8.0491e+05
83	11566.5765	-8115.6845	689529.5765	3524047.3155	5377614.0523	7.7028e+05
84	11658.1794	-8155.7956	689621.1794	3524007.2044	5377614.0523	7.3715e+05
85	11749.7824	-8195.9068	689712.7824	3523967.0932	5377614.0523	7.0546e+05
86	11841.3853	-8236.0179	689804.3853	3523926.9821	5377614.0523	6.7514e+05
87	11932.9882	-8276.1290	689895.9882	3523886.8710	5377614.0523	6.4614e+05
88	12024.5912	-8316.2401	689987.5912	3523846.7599	5377614.0523	6.1840e+05
89	12116.1941	-8356.3512	690079.1941	3523806.6488	5377614.0523	5.9185e+05
90	12207.7971	-8396.4623	690170.7971	3523766.5377	5377614.0523	5.6646e+05
91	12299.4000	-8436.5734	690262.4000	3523726.4266	5377614.0523	5.4217e+05
92	12391.0029	-8476.6845	690354.0029	3523686.3155	5377614.0523	5.1892e+05
93	12482.6059	-8516.7956	690445.6059	3523646.2044	5377614.0523	4.9668e+05
94	12574.2088	-8556.9067	690537.2088	3523606.0933	5377614.0523	4.7541e+05
95	12665.8118	-8597.0178	690628.8118	3523565.9822	5377614.0523	4.5505e+05
96	12757.4147	-8637.1289	690720.4147	3523525.8711	5377614.0523	4.3557e+05
97	12849.0177	-8677.2401	690812.0177	3523485.7599	5377614.0523	4.1693e+05
98	12940.6206	-8717.3512	690903.6206	3523445.6488	5377614.0523	3.9910e+05
99	13032.2235	-8757.4623	690995.2235	3523405.5377	5377614.0523	3.8204e+05
100	13123.8265	-8797.5734	691086.8265	3523365.4266	5377614.0523	3.6571e+05
101	13215.4294	-8837.6845	691178.4294	3523325.3155	5377614.0523	3.5009e+05
102	13307.0324	-8877.7956	691270.0324	3523285.2044	5377614.0523	3.3514e+05
103	13398.6353	-8917.9067	691361.6353	3523245.0933	5377614.0523	3.2083e+05
104	13490.2383	-8958.0178	691453.2383	3523204.9822	5377614.0523	3.0714e+05
105	13581.8412	-8998.1289	691544.8412	3523164.8711	5377614.0523	2.9404e+05
106	13673.4441	-9038.2400	691636.4441	3523124.7600	5377614.0523	2.8150e+05
107	13765.0471	-9078.3511	691728.0471	3523084.6489	5377614.0523	2.6950e+05
108	13856.6500	-9118.4623	691819.6500	3523044.5377	5377614.0523	2.5802e+05
109	13948.2530	-9158.5734	691911.2530	3523004.4266	5377614.0523	2.4703e+05
110	14039.8559	-9198.6845	692002.8559	3522964.3155	5377614.0523	2.3651e+05
111	14131.4588	-9238.7956	692094.4588	3522924.2044	5377614.0523	2.2644e+05
112	14223.0618	-9278.9067	692186.0618	3522884.0933	5377614.0523	2.1681e+05
113	14314.6647	-9319.0178	692277.6647	3522843.9822	5377614.0523	2.0759e+05
114	14406.2677	-9359.1289	692369.2677	3522803.8711	5377614.0523	1.9876e+05
115	14497.8706	-9399.2400	692460.8706	3522763.7600	5377614.0523	1.9032e+05
116	14589.4736	-9439.3511	692552.4736	3522723.6489	5377614.0523	1.8223e+05
117	14681.0765	-9479.4622	692644.0765	3522683.5378	5377614.0523	1.7449e+05
118	14772.6794	-9519.5733	692735.6794	3522643.4267	5377614.0523	1.6709e+05
119	14864.2824	-9559.6844	692827.2824	3522603.3156	5377614.0523	1.6000e+05
120	14955.8853	-9599.7956	692918.8853	3522563.2044	5377614.0523	1.5321e+05
121	15047.4883	-9639.9067	693010.4883	3522523.0933	5377614.0523	1.4671e+05
122	15139.0912	-9680.0178	693102.0912	3522482.9822	5377614.0523	1.4049e+05
123	15230.6941	-9720.1289	693193.6941	3522442.8711	5377614.0523	1.3454e+05
124	15322.2971	-9760.2400	693285.2971	3522402.7600	5377614.0523	1.2884e+05
125	15413.9000	-9800.3511	693376.9000	3522362.6489	5377614.0523	1.2339e+05
126	15505.5030	-9840.4622	693468.5030	3522322.5378	5377614.0523	1.1816e+05
127	15597.1059	-9880.5733	693560.1059	3522282.4267	5377614.0523	1.1316e+05
128	15688.7089	-9920.6844	693651.7089	3522242.3156	5377614.0523	1.0838e+05
129	15780.3118	-9960.7955	693743.3118	3522202.2045	5377614.0523	1.0380e+05
130	15871.9147	-10000.9066	693834.9147	3522162.0934	5377614.0523	9.9409e+04
131	15963.5177	-10041.0177	693926.5177	3522121.9823	5377614.0523	9.5209e+04
132	16055.1206	-10081.1289	694018.1206	3522081.8711	5377614.0523	9.1187e+04
133	16146.7236	-10121.2400	694109.7236	3522041.7600	5377614.0523	8.7337e+04
134	16238.3265	-10161.3511	694201.3265	3522001.6489	5377614.0523	8.3651e+04
135	16329.9295	-10201.4622	694292.9295	3521961.5378	5377614.0523	8.0122e+04
136	16421.5324	-10241.5733	694384.5324	3521921.4267	5377614.0523	7.6742e+04
137	16513.1353	-10281.6844	694476.1353	3521881.3156	5377614.0523	7.3507e+04
138	16604.7383	-10321.7955	694567.7383	3521841.2045	5377614.0523	7.0408e+04
139	16696.3412	-10361.9066	694659.3412	3521801.0934	5377614.0523	6.7442e+04
140	16787.9442	-10402.0177	694750.9442	3521760.9823	5377614.0523	6.4601e+04
141	16879.5471	-10442.1288	694842.5471	3521720.8712	5377614.0523	6.1881e+04
142	16971.1500	-10482.2399	694934.1500	3521680.7601	5377614.0523	5.9277e+04
143	17062.7530	-10522.3511	695025.7530	3521640.6489	5377614.0523	5.6783e+04
144	17154.3559	-10562.4622	695117.3559	3521600.5378	5377614.0523	5.4394e+04
145	17245.9589	-10602.5733	695208.9589	3521560.4267	5377614.0523	5.2107e+04
146	17337.5618	-10642.6844	695300.5618	3521520.3156	5377614.0523	4.9917e+04
147	17429.1648	-10682.7955	695392.1648	3521480.2045	5377614.0523	4.7820e+04
148	17520.7677	-10722.9066	695483.7677	3521440.0934	5377614.0523	4.5811e+04
149	17612.3706	-10763.0177	695575.3706	3521399.9823	5377614.0523	4.3887e+04
150	17703.9736	-10803.1288	695666.9736	3521359.8712	5377614.0523	4.2045e+04
151	17795.5765	-10843.2399	695758.5765	3521319.7601	5377614.0523	4.0281e+04
152	17887.1795	-10883.3510	695850.1795	3521279.6490	5377614.0523	3.8591e+04
153	17978.7824	-10923.4621	695941.7824	3521239.5379	5377614.0523	3.6973e+04
154	18070.3853	-10963.5732	696033.3853	3521199.4268	5377614.0523	3.5423e+04
155	18161.9883	-11003.6844	696124.9883	3521159.3156	5377614.0523	3.3939e+04
156	18253.5912	-11043.7955	696216.5912	3521119.2045	5377614.0523	3.2517e+04
157	18345.1942	-11083.9066	696308.1942	3521079.0934	5377614.0523	3.1155e+04
158	18436.7971	-11124.0177	696399.7971	3521038.9823	5377614.0523	2.9851e+04
159	18528.4001	-11164.1288	696491.4001	3520998.8712	5377614.0523	2.8601e+04
160	18620.0030	-11204.2399	696583.0030	3520958.7601	5377614.0523	2.7405e+04
161	18711.6059	-11244.3510	696674.6059	3520918.6490	5377614.0523	2.6259e+04
162	18803.2089	-11284.4621	696766.2089	3520878.5379	5377614.0523	2.5161e+04
163	18894.8118	-11324.5732	696857.8118	3520838.4268	5377614.0523	2.4109e+04
164	18986.4148	-11364.6843	696949.4148	3520798.3157	5377614.0523	2.3102e+04
165	19078.0177	-11404.7954	697041.0177	3520758.2046	5377614.0523	2.2137e+04
166	19169.6207	-11444.9065	697132.6207	3520718.0935	5377614.0523	2.1212e+04
167	19261.2236	-11485.0177	697224.2236	3520677.9823	5377614.0523	2.0327e+04
168	19352.8265	-11525.1288	697315.8265	3520637.8712	5377614.0523	1.9479e+04
169	19444.4295	-11565.2399	697407.4295	3520597.7601	5377614.0523	1.8666e+04
170	19536.0324	-11605.3510	697499.0324	3520557.6490	5377614.0523	1.7888e+04
171	19627.6354	-11645.4621	697590.6354	3520517.5379	5377614.0523	1.7142e+04
172	19719.2383	-11685.5732	697682.2383	3520477.4268	5377614.0523	1.6427e+04
173	19810.8412	-11725.6843	697773.8412	3520437.3157	5377614.0523	1.5743e+04
174	19902.4442	-11765.7954	697865.4442	3520397.2046	5377614.0523	1.5087e+04
175	19994.0471	-11805.9065	697957.0471	3520357.0935	5377614.0523	1.4459e+04
176	20085.6501	-11846.0176	698048.6501	3520316.9824	5377614.0523	1.3857e+04
177	20177.2530	-11886.1287	698140.2530	3520276.8713	5377614.0523	1.3280e+04
178	20268.8560	-11926.2399	698231.8560	3520236.7601	5377614.0523	1.2728e+04
179	20360.4589	-11966.3510	698323.4589	3520196.6490	5377614.0523	1.2198e+04
180	20452.0618	-12006.4621	698415.0618	3520156.5379	5377614.0523	1.1691e+04
181	20543.6648	-12046.5732	698506.6648	3520116.4268	5377614.0523	1.1205e+04
182	20635.2677	-12086.6843	698598.2677	3520076.3157	5377614.0523	1.0740e+04
183	20726.8707	-12126.7954	698689.8707	3520036.2046	5377614.0523	1.0294e+04
184	20818.4736	-12166.9065	698781.4736	3519996.0935	5377614.0523	9.8662e+03
185	20910.0765	-12207.0176	698873.0765	3519955.9824	5377614.0523	9.4566e+03
186	21001.6795	-12247.1287	698964.6795	3519915.8713	5377614.0523	9.0641e+03
187	21093.2824	-12287.2398	699056.2824	3519875.7602	5377614.0523	8.6880e+03
188	21184.8854	-12327.3509	699147.8854	3519835.6491	5377614.0523	8.3277e+03
189	21276.4883	-12367.4620	699239.4883	3519795.5380	5377614.0523	7.9823e+03
190	21368.0913	-12407.5732	699331.0913	3519755.4268	5377614.0523	7.6514e+03
191	21459.6942	-12447.6843	699422.6942	3519715.3157	5377614.0523	7.3344e+03
192	21551.2971	-12487.7954	699514.2971	3519675.2046	5377614.0523	7.0305e+03
193	21642.9001	-12527.9065	699605.9001	3519635.0935	5377614.0523	6.7393e+03
194	21734.5030	-12568.0176	699697.5030	3519594.9824	5377614.0523	6.4603e+03
195	21826.1060	-12608.1287	699789.1060	3519554.8713	5377614.0523	6.1928e+03
196	21917.7089	-12648.2398	699880.7089	3519514.7602	5377614.0523	5.9366e+03
197	22009.3119	-12688.3509	699972.3119	3519474.6491	5377614.0523	5.6910e+03
198	22100.9148	-12728.4620	700063.9148	3519434.5380	5377614.0523	5.4556e+03
199	22192.5177	-12768.5731	700155.5177	3519394.4269	5377614.0523	5.2300e+03
200	22284.1207	-12808.6842	700247.1207	3519354.3158	5377614.0523	5.0138e+03
201	22375.7236	-12848.7954	700338.7236	3519314.2046	5377614.0523	4.8067e+03
202	22467.3266	-12888.9065	700430.3266	3519274.0935	5377614.0523	4.6081e+03
203	22558.9295	-12929.0176	700521.9295	3519233.9824	5377614.0523	4.4178e+03
204	22650.5324	-12969.1287	700613.5324	3519193.8713	5377614.0523	4.2354e+03
205	22742.1354	-13009.2398	700705.1354	3519153.7602	5377614.0523	4.0605e+03
206	22833.7383	-13049.3509	700796.7383	3519113.6491	5377614.0523	3.8930e+03
207	22925.3413	-13089.4620	700888.3413	3519073.5380	5377614.0523	3.7324e+03
208	23016.9442	-13129.5731	700979.9442	3519033.4269	5377614.0523	3.5784e+03
209	23108.5472	-13169.6842	701071.5472	3518993.3158	5377614.0523	3.4309e+03
210	23200.1501	-13209.7953	701163.1501	3518953.2047	5377614.0523	3.2894e+03
211	23291.7530	-13249.9064	701254.7530	3518913.0936	5377614.0523	3.1539e+03
212	23383.3560	-13290.0175	701346.3560	3518872.9825	5377614.0523	3.0239e+03
213	23474.9589	-13330.1287	701437.9589	3518832.8713	5377614.0523	2.8994e+03
214	23566.5619	-13370.2398	701529.5619	3518792.7602	5377614.0523	2.7800e+03
215	23658.1648	-13410.3509	701621.1648	3518752.6491	5377614.0523	2.6656e+03
216	23749.7677	-13450.4620	701712.7677	3518712.5380	5377614.0523	2.5559e+03
217	23841.3707	-13490.5731	701804.3707	3518672.4269	5377614.0523	2.4507e+03
218	23932.9736	-13530.6842	701895.9736	3518632.3158	5377614.0523	2.3499e+03
219	24024.5766	-13570.7953	701987.5766	3518592.2047	5377614.0523	2.2533e+03
220	24116.1795	-13610.9064	702079.1795	3518552.0936	5377614.0523	2.1606e+03
221	24207.7825	-13651.0175	702170.7825	3518511.9825	5377614.0523	2.0718e+03
222	24299.3854	-13691.1286	702262.3854	3518471.8714	5377614.0523	1.9867e+03
223	24390.9883	-13731.2397	702353.9883	3518431.7603	5377614.0523	1.9051e+03
224	24482.5913	-13771.3508	702445.5913	3518391.6492	5377614.0523	1.8268e+03
225	24574.1942	-13811.4620	702537.1942	3518351.5380	5377614.0523	1.7518e+03
226	24665.7972	-13851.5731	702628.7972	3518311.4269	5377614.0523	1.6799e+03
227	24757.4001	-13891.6842	702720.4001	3518271.3158	5377614.0523	1.6110e+03
228	24849.0030	-13931.7953	702812.0030	3518231.2047	5377614.0523	1.5449e+03
229	24940.6060	-13971.9064	702903.6060	3518191.0936	5377614.0523	1.4815e+03
230	25032.2089	-14012.0175	702995.2089	3518150.9825	5377614.0523	1.4207e+03
231	25123.8119	-14052.1286	703086.8119	3518110.8714	5377614.0523	1.3625e+03
232	25215.4148	-14092.2397	703178.4148	3518070.7603	5377614.0523	1.3067e+03
233	25307.0178	-14132.3508	703270.0178	3518030.6492	5377614.0523	1.2531e+03
234	25398.6207	-14172.4619	703361.6207	3517990.5381	5377614.0523	1.2018e+03
235	25490.2236	-14212.5730	703453.2236	3517950.4270	5377614.0523	1.1526e+03
236	25581.8266	-14252.6842	703544.8266	3517910.3158	5377614.0523	1.1054e+03
237	25673.4295	-14292.7953	703636.4295	3517870.2047	5377614.0523	1.0601e+03
238	25765.0325	-14332.9064	703728.0325	3517830.0936	5377614.0523	1.0167e+03
239	25856.6354	-14373.0175	703819.6354	3517789.9825	5377614.0523	9.7512e+02
240	25948.2384	-14413.1286	703911.2384	3517749.8714	5377614.0523	9.3523e+02
241	26039.8413	-14453.2397	704002.8413	3517709.7603	5377614.0523	8.9698e+02
242	26131.4442	-14493.3508	704094.4442	3517669.6492	5377614.0523	8.6031e+02
243	26223.0472	-14533.4619	704186.0472	3517629.5381	5377614.0523	8.2514e+02
244	26314.6501	-14573.5730	704277.6501	3517589.4270	5377614.0523	7.9142e+02
245	26406.2531	-14613.6841	704369.2531	3517549.3159	5377614.0523	7.5908e+02
246	26497.8560	-14653.7952	704460.8560	3517509.2048	5377614.0523	7.2807e+02
247	26589.4589	-14693.9063	704552.4589	3517469.0937	5377614.0523	6.9834e+02
248	26681.0619	-14734.0175	704644.0619	3517428.9825	5377614.0523	6.6983e+02
249	26772.6648	-14774.1286	704735.6648	3517388.8714	5377614.0523	6.4248e+02
250	26864.2678	-14814.2397	704827.2678	3517348.7603	5377614.0523	6.1626e+02
251	26955.8707	-14854.3508	704918.8707	3517308.6492	5377614.0523	5.9112e+02
252	27047.4737	-14894.4619	705010.4737	3517268.5381	5377614.0523	5.6700e+02
253	27139.0766	-14934.5730	705102.0766	3517228.4270	5377614.0523	5.4388e+02
254	27230.6795	-14974.6841	705193.6795	3517188.3159	5377614.0523	5.2170e+02
255	27322.2825	-15014.7952	705285.2825	3517148.2048	5377614.0523	5.0044e+02
256	27413.8854	-15054.9063	705376.8854	3517108.0937	5377614.0523	4.8004e+02
257	27505.4884	-15095.0174	705468.4884	3517067.9826	5377614.0523	4.6048e+02
258	27597.0913	-15135.1285	705560.0913	3517027.8715	5377614.0523	4.4172e+02
259	27688.6942	-15175.2397	705651.6942	3516987.7603	5377614.0523	4.2373e+02
260	27780.2972	-15215.3508	705743.2972	3516947.6492	5377614.0523	4.0648e+02
261	27871.9001	-15255.4619	705834.9001	3516907.5381	5377614.0523	3.8993e+02
262	27963.5031	-15295.5730	705926.5031	3516867.4270	5377614.0523	3.7406e+02
263	28055.1060	-15335.6841	706018.1060	3516827.3159	5377614.0523	3.5884e+02
264	28146.7090	-15375.7952	706109.7090	3516787.2048	5377614.0523	3.4424e+02
265	28238.3119	-15415.9063	706201.3119	3516747.0937	5377614.0523	3.3024e+02
266	28329.9148	-15456.0174	706292.9148	3516706.9826	5377614.0523	3.1681e+02
267	28421.5178	-15496.1285	706384.5178	3516666.8715	5377614.0523	3.0393e+02
268	28513.1207	-15536.2396	706476.1207	3516626.7604	5377614.0523	2.9157e+02
269	28604.7237	-15576.3507	706567.7237	3516586.6493	5377614.0523	2.7973e+02
270	28696.3266	-15616.4618	706659.3266	3516546.5382	5377614.0523	2.6836e+02
271	28787.9296	-15656.5730	706750.9296	3516506.4270	5377614.0523	2.5746e+02
272	28879.5325	-15696.6841	706842.5325	3516466.3159	5377614.0523	2.4700e+02
273	28971.1354	-15736.7952	706934.1354	3516426.2048	5377614.0523	2.3697e+02
274	29062.7384	-15776.9063	707025.7384	3516386.0937	5377614.0523	2.2735e+02
275	29154.3413	-15817.0174	707117.3413	3516345.9826	5377614.0523	2.1812e+02
276	29245.9443	-15857.1285	707208.9443	3516305.8715	5377614.0523	2.0927e+02
277	29337.5472	-15897.2396	707300.5472	3516265.7604	5377614.0523	2.0078e+02
278	29429.1501	-15937.3507	707392.1501	3516225.6493	5377614.0523	1.9264e+02
279	29520.7531	-15977.4618	707483.7531	3516185.5382	5377614.0523	1.8483e+02
280	29612.3560	-16017.5729	707575.3560	3516145.4271	5377614.0523	1.7733e+02
281	29703.9590	-16057.6840	707666.9590	3516105.3160	5377614.0523	1.7014e+02
282	29795.5619	-16097.7951	707758.5619	3516065.2049	5377614.0523	1.6325e+02
283	29887.1649	-16137.9063	707850.1649	3516025.0937	5377614.0523	1.5663e+02
284	29978.7678	-16178.0174	707941.7678	3515984.9826	5377614.0523	1.5029e+02
285	30070.3707	-16218.1285	708033.3707	3515944.8715	5377614.0523	1.4420e+02
286	30161.9737	-16258.2396	708124.9737	3515904.7604	5377614.0523	1.3836e+02
287	30253.5766	-16298.3507	708216.5766	3515864.6493	5377614.0523	1.3276e+02
288	30345.1796	-16338.4618	708308.1796	3515824.5382	5377614.0523	1.2738e+02
289	30436.7825	-16378.5729	708399.7825	3515784.4271	5377614.0523	1.2223e+02
290	30528.3854	-16418.6840	708491.3854	3515744.3160	5377614.0523	1.1728e+02
291	30619.9884	-16458.7951	708582.9884	3515704.2049	5377614.0523	1.1254e+02
292	30711.5913	-16498.9062	708674.5913	3515664.0938	5377614.0523	1.0798e+02
293	30803.1943	-16539.0173	708766.1943	3515623.9827	5377614.0523	1.0362e+02
294	30894.7972	-16579.1285	708857.7972	3515583.8715	5377614.0523	9.9428e+01
295	30986.4002	-16619.2396	708949.4002	3515543.7604	5377614.0523	9.5408e+01
296	31078.0031	-16659.3507	709041.0031	3515503.6493	5377614.0523	9.1552e+01
297	31169.6060	-16699.4618	709132.6060	3515463.5382	5377614.0523	8.7852e+01
298	31261.2090	-16739.5729	709224.2090	3515423.4271	5377614.0523	8.4303e+01
299	31352.8119	-16779.6840	709315.8119	3515383.3160	5377614.0523	8.0897e+01
300	31444.4149	-16819.7951	709407.4149	3515343.2049	5377614.0523	7.7630e+01
301	31536.0178	-16859.9062	709499.0178	3515303.0938	5377614.0523	7.4495e+01
302	31627.6208	-16900.0173	709590.6208	3515262.9827	5377614.0523	7.1488e+01
303	31719.2237	-16940.1284	709682.2237	3515222.8716	5377614.0523	6.8602e+01
304	31810.8266	-16980.2395	709773.8266	3515182.7605	5377614.0523	6.5833e+01
305	31902.4296	-17020.3506	709865.4296	3515142.6494	5377614.0523	6.3177e+01
306	31994.0325	-17060.4618	709957.0325	3515102.5382	5377614.0523	6.0628e+01
307	32085.6355	-17100.5729	710048.6355	3515062.4271	5377614.0523	5.8183e+01
308	32177.2384	-17140.6840	710140.2384	3515022.3160	5377614.0523	5.5836e+01
309	32268.8413	-17180.7951	710231.8413	3514982.2049	5377614.0523	5.3585e+01
310	32360.4443	-17220.9062	710323.4443	3514942.0938	5377614.0523	5.1425e+01
311	32452.0472	-17261.0173	710415.0472	3514901.9827	5377614.0523	4.9352e+01
312	32543.6502	-17301.1284	710506.6502	3514861.8716	5377614.0523	4.7363e+01
313	32635.2531	-17341.2395	710598.2531	3514821.7605	5377614.0523	4.5455e+01
314	32726.8561	-17381.3506	710689.8561	3514781.6494	5377614.0523	4.3624e+01
315	32818.4590	-17421.4617	710781.4590	3514741.5383	5377614.0523	4.1867e+01
316	32910.0619	-17461.5728	710873.0619	3514701.4272	5377614.0523	4.0181e+01
317	33001.6649	-17501.6839	710964.6649	3514661.3161	5377614.0523	3.8563e+01
318	33093.2678	-17541.7951	711056.2678	3514621.2049	5377614.0523	3.7010e+01
319	33184.8708	-17581.9062	711147.8708	3514581.0938	5377614.0523	3.5521e+01
320	33276.4737	-17622.0173	711239.4737	3514540.9827	5377614.0523	3.4091e+01
321	33368.0766	-17662.1284	711331.0766	3514500.8716	5377614.0523	3.2719e+01
322	33459.6796	-17702.2395	711422.6796	3514460.7605	5377614.0523	3.1403e+01
323	33551.2825	-17742.3506	711514.2825	3514420.6494	5377614.0523	3.0140e+01
324	33642.8855	-17782.4617	711605.8855	3514380.5383	5377614.0523	2.8928e+01
325	33734.4884	-17822.5728	711697.4884	3514340.4272	5377614.0523	2.7765e+01
326	33826.0914	-17862.6839	711789.0914	3514300.3161	5377614.0523	2.6649e+01
327	33917.6943	-17902.7950	711880.6943	3514260.2050	5377614.0523	2.5578e+01
328	34009.2972	-17942.9061	711972.2972	3514220.0939	5377614.0523	2.4550e+01
329	34100.9002	-17983.0173	712063.9002	3514179.9827	5377614.0523	2.3563e+01
330	34192.5031	-18023.1284	712155.5031	3514139.8716	5377614.0523	2.2616e+01
331	34284.1061	-18063.2395	712247.1061	3514099.7605	5377614.0523	2.1708e+01
332	34375.7090	-18103.3506	712338.7090	3514059.6494	5377614.0523	2.0836e+01
333	34467.3119	-18143.4617	712430.3119	3514019.5383	5377614.0523	2.0000e+01
334	34558.9149	-18183.5728	712521.9149	3513979.4272	5377614.0523	1.9197e+01
335	34650.5178	-18223.6839	712613.5178	3513939.3161	5377614.0523	1.8426e+01
336	34742.1208	-18263.7950	712705.1208	3513899.2050	5377614.0523	1.7686e+01
337	34833.7237	-18303.9061	712796.7237	3513859.0939	5377614.0523	1.6977e+01
338	34925.3267	-18344.0172	712888.3267	3513818.9828	5377614.0523	1.6296e+01
339	35016.9296	-18384.1283	712979.9296	3513778.8717	5377614.0523	1.5642e+01
340	35108.5325	-18424.2394	713071.5325	3513738.7606	5377614.0523	1.5014e+01
341	35200.1355	-18464.3506	713163.1355	3513698.6494	5377614.0523	1.4412e+01
342	35291.7384	-18504.4617	713254.7384	3513658.5383	5377614.0523	1.3834e+01
343	35383.3414	-18544.5728	713346.3414	3513618.4272	5377614.0523	1.3280e+01
344	35474.9443	-18584.6839	713437.9443	3513578.3161	5377614.0523	1.2747e+01
345	35566.5473	-18624.7950	713529.5473	3513538.2050	5377614.0523	1.2237e+01
346	35658.1502	-18664.9061	713621.1502	3513498.0939	5377614.0523	1.1746e+01
347	35749.7531	-18705.0172	713712.7531	3513457.9828	5377614.0523	1.1276e+01
348	35841.3561	-18745.1283	713804.3561	3513417.8717	5377614.0523	1.0824e+01
349	35932.9590	-18785.2394	713895.9590	3513377.7606	5377614.0523	1.0390e+01
350	36024.5620	-18825.3505	713987.5620	3513337.6495	5377614.0523	9.9742e+00
351	36116.1649	-18865.4616	714079.1649	3513297.5384	5377614.0523	9.5748e+00
352	36207.7678	-18905.5728	714170.7678	3513257.4272	5377614.0523	9.1915e+00
353	36299.3708	-18945.6839	714262.3708	3513217.3161	5377614.0523	8.8236e+00
354	36390.9737	-18985.7950	714353.9737	3513177.2050	5377614.0523	8.4704e+00
355	36482.5767	-19025.9061	714445.5767	3513137.0939	5377614.0523	8.1315e+00
356	36574.1796	-19066.0172	714537.1796	3513096.9828	5377614.0523	7.8061e+00
357	36665.7826	-19106.1283	714628.7826	3513056.8717	5377614.0523	7.4938e+00
358	36757.3855	-19146.2394	714720.3855	3513016.7606	5377614.0523	7.1941e+00
359	36848.9884	-19186.3505	714811.9884	3512976.6495	5377614.0523	6.9063e+00
360	36940.5914	-19226.4616	714903.5914	3512936.5384	5377614.0523	6.6302e+00
361	37032.1943	-19266.5727	714995.1943	3512896.4273	5377614.0523	6.3651e+00
362	37123.7973	-19306.6838	715086.7973	3512856.3162	5377614.0523	6.1106e+00
363	37215.4002	-19346.7949	715178.4002	3512816.2051	5377614.0523	5.8664e+00
364	37307.0031	-19386.9061	715270.0031	3512776.0939	5377614.0523	5.6319e+00
365	37398.6061	-19427.0172	715361.6061	3512735.9828	5377614.0523	5.4069e+00
366	37490.2090	-19467.1283	715453.2090	3512695.8717	5377614.0523	5.1909e+00
367	37581.8120	-19507.2394	715544.8120	3512655.7606	5377614.0523	4.9835e+00
368	37673.4149	-19547.3505	715636.4149	3512615.6495	5377614.0523	4.7844e+00
369	37765.0179	-19587.4616	715728.0179	3512575.5384	5377614.0523	4.5934e+00
370	37856.6208	-19627.5727	715819.6208	3512535.4273	5377614.0523	4.4100e+00
371	37948.2237	-19667.6838	715911.2237	3512495.3162	5377614.0523	4.2339e+00
372	38039.8267	-19707.7949	716002.8267	3512455.2051	5377614.0523	4.0649e+00
373	38131.4296	-19747.9060	716094.4296	3512415.0940	5377614.0523	3.9026e+00
374	38223.0326	-19788.0171	716186.0326	3512374.9829	5377614.0523	3.7469e+00
375	38314.6355	-19828.1282	716277.6355	3512334.8718	5377614.0523	3.5974e+00
376	38406.2385	-19868.2394	716369.2385	3512294.7606	5377614.0523	3.4538e+00
377	38497.8414	-19908.3505	716460.8414	3512254.6495	5377614.0523	3.3161e+00
378	38589.4443	-19948.4616	716552.4443	3512214.5384	5377614.0523	3.1838e+00
379	38681.0473	-19988.5727	716644.0473	3512174.4273	5377614.0523	3.0568e+00
380	38772.6502	-20028.6838	716735.6502	3512134.3162	5377614.0523	2.9349e+00
381	38864.2532	-20068.7949	716827.2532	3512094.2051	5377614.0523	2.8179e+00
382	38955.8561	-20108.9060	716918.8561	3512054.0940	5377614.0523	2.7056e+00
383	39047.4590	-20149.0171	717010.4590	3512013.9829	5377614.0523	2.5977e+00
384	39139.0620	-20189.1282	717102.0620	3511973.8718	5377614.0523	2.4942e+00
385	39230.6649	-20229.2393	717193.6649	3511933.7607	5377614.0523	2.3948e+00
386	39322.2679	-20269.3504	717285.2679	3511893.6496	5377614.0523	2.2994e+00
387	39413.8708	-20309.4616	717376.8708	3511853.5384	5377614.0523	2.2078e+00
388	39505.4738	-20349.5727	717468.4738	3511813.4273	5377614.0523	2.1198e+00
389	39597.0767	-20389.6838	717560.0767	3511773.3162	5377614.0523	2.0354e+00
390	39688.6796	-20429.7949	717651.6796	3511733.2051	5377614.0523	1.9543e+00
391	39780.2826	-20469.9060	717743.2826	3511693.0940	5377614.0523	1.8765e+00
392	39871.8855	-20510.0171	717834.8855	3511652.9829	5377614.0523	1.8018e+00
393	39963.4885	-20550.1282	717926.4885	3511612.8718	5377614.0523	1.7301e+00
394	40055.0914	-20590.2393	718018.0914	3511572.7607	5377614.0523	1.6612e+00
395	40146.6943	-20630.3504	718109.6943	3511532.6496	5377614.0523	1.5951e+00
396	40238.2973	-20670.4615	718201.2973	3511492.5385	5377614.0523	1.5316e+00
397	40329.9002	-20710.5726	718292.9002	3511452.4274	5377614.0523	1.4707e+00
398	40421.5032	-20750.6837	718384.5032	3511412.3163	5377614.0523	1.4122e+00
399	40513.1061	-20790.7949	718476.1061	3511372.2051	5377614.0523	1.3560e+00
400	40604.7091	-20830.9060	718567.7091	3511332.0940	5377614.0523	1.3021e+00
401	40696.3120	-20871.0171	718659.3120	3511291.9829	5377614.0523	1.2503e+00
402	40787.9149	-20911.1282	718750.9149	3511251.8718	5377614.0523	1.2006e+00
403	40879.5179	-20951.2393	718842.5179	3511211.7607	5377614.0523	1.1528e+00
404	40971.1208	-20991.3504	718934.1208	3511171.6496	5377614.0523	1.1070e+00
405	41062.7238	-21031.4615	719025.7238	3511131.5385	5377614.0523	1.0630e+00
406	41154.3267	-21071.5726	719117.3267	3511091.4274	5377614.0523	1.0208e+00
407	41245.9297	-21111.6837	719208.9297	3511051.3163	5377614.0523	9.8020e-01
408	41337.5326	-21151.7948	719300.5326	3511011.2052	5377614.0523	9.4125e-01
409	41429.1355	-21191.9059	719392.1355	3510971.0941	5377614.0523	9.0385e-01
410	41520.7385	-21232.0171	719483.7385	3510930.9829	5377614.0523	8.6795e-01
411	41612.3414	-21272.1282	719575.3414	3510890.8718	5377614.0523	8.3347e-01
412	41703.9444	-21312.2393	719666.9444	3510850.7607	5377614.0523	8.0037e-01
413	41795.5473	-21352.3504	719758.5473	3510810.6496	5377614.0523	7.6859e-01
414	41887.1502	-21392.4615	719850.1502	3510770.5385	5377614.0523	7.3807e-01
415	41978.7532	-21432.5726	719941.7532	3510730.4274	5377614.0523	7.0877e-01
416	42070.3561	-21472.6837	720033.3561	3510690.3163	5377614.0523	6.8063e-01
417	42161.9591	-21512.7948	720124.9591	3510650.2052	5377614.0523	6.5361e-01
418	42253.5620	-21552.9059	720216.5620	3510610.0941	5377614.0523	6.2767e-01
419	42345.1650	-21593.0170	720308.1650	3510569.9830	5377614.0523	6.0277e-01
420	42436.7679	-21633.1281	720399.7679	3510529.8719	5377614.0523	5.7885e-01
421	42528.3708	-21673.2392	720491.3708	3510489.7608	5377614.0523	5.5588e-01
422	42619.9738	-21713.3504	720582.9738	3510449.6496	5377614.0523	5.3383e-01
423	42711.5767	-21753.4615	720674.5767	3510409.5385	5377614.0523	5.1266e-01
424	42803.1797	-21793.5726	720766.1797	3510369.4274	5377614.0523	4.9232e-01
425	42894.7826	-21833.6837	720857.7826	3510329.3163	5377614.0523	4.7280e-01
426	42986.3855	-21873.7948	720949.3855	3510289.2052	5377614.0523	4.5405e-01
427	43077.9885	-21913.9059	721040.9885	3510249.0941	5377614.0523	4.3605e-01
428	43169.5914	-21954.0170	721132.5914	3510208.9830	5377614.0523	4.1876e-01
429	43261.1944	-21994.1281	721224.1944	3510168.8719	5377614.0523	4.0217e-01
430	43352.7973	-22034.2392	721315.7973	3510128.7608	5377614.0523	3.8623e-01
431	43444.4003	-22074.3503	721407.4003	3510088.6497	5377614.0523	3.7092e-01
432	43536.0032	-22114.4614	721499.0032	3510048.5386	5377614.0523	3.5622e-01
433	43627.6061	-22154.5725	721590.6061	3510008.4275	5377614.0523	3.4211e-01
434	43719.2091	-22194.6837	721682.2091	3509968.3163	5377614.0523	3.2855e-01
435	43810.8120	-22234.7948	721773.8120	3509928.2052	5377614.0523	3.1554e-01
436	43902.4150	-22274.9059	721865.4150	3509888.0941	5377614.0523	3.0304e-01
437	43994.0179	-22315.0170	721957.0179	3509847.9830	5377614.0523	2.9104e-01
438	44085.6208	-22355.1281	722048.6208	3509807.8719	5377614.0523	2.7951e-01
439	44177.2238	-22395.2392	722140.2238	3509767.7608	5377614.0523	2.6845e-01
440	44268.8267	-22435.3503	722231.8267	3509727.6497	5377614.0523	2.5782e-01
441	44360.4297	-22475.4614	722323.4297	3509687.5386	5377614.0523	2.4761e-01
442	44452.0326	-22515.5725	722415.0326	3509647.4275	5377614.0523	2.3781e-01
443	44543.6356	-22555.6836	722506.6356	3509607.3164	5377614.0523	2.2840e-01
444	44635.2385	-22595.7947	722598.2385	3509567.2053	5377614.0523	2.1936e-01
445	44726.8414	-22635.9059	722689.8414	3509527.0941	5377614.0523	2.1068e-01
446	44818.4444	-22676.0170	722781.4444	3509486.9830	5377614.0523	2.0234e-01
447	44910.0473	-22716.1281	722873.0473	3509446.8719	5377614.0523	1.9434e-01
448	45001.6503	-22756.2392	722964.6503	3509406.7608	5377614.0523	1.8665e-01
449	45093.2532	-22796.3503	723056.2532	3509366.6497	5377614.0523	1.7927e-01
450	45184.8562	-22836.4614	723147.8562	3509326.5386	5377614.0523	1.7218e-01
451	45276.4591	-22876.5725	723239.4591	3509286.4275	5377614.0523	1.6537e-01
452	45368.0620	-22916.6836	723331.0620	3509246.3164	5377614.0523	1.5883e-01
453	45459.6650	-22956.7947	723422.6650	3509206.2053	5377614.0523	1.5255e-01
454	45551.2679	-22996.9058	723514.2679	3509166.0942	5377614.0523	1.4652e-01
455	45642.8709	-23037.0169	723605.8709	3509125.9831	5377614.0523	1.4073e-01
456	45734.4738	-23077.1280	723697.4738	3509085.8720	5377614.0523	1.3516e-01
457	45826.0767	-23117.2392	723789.0767	3509045.7608	5377614.0523	1.2982e-01
458	45917.6797	-23157.3503	723880.6797	3509005.6497	5377614.0523	1.2469e-01
459	46009.2826	-23197.4614	723972.2826	3508965.5386	5377614.0523	1.1976e-01
460	46100.8856	-23237.5725	724063.8856	3508925.4275	5377614.0523	1.1503e-01
461	46192.4885	-23277.6836	724155.4885	3508885.3164	5377614.0523	1.1049e-01
462	46284.0915	-23317.7947	724247.0915	3508845.2053	5377614.0523	1.0612e-01
463	46375.6944	-23357.9058	724338.6944	3508805.0942	5377614.0523	1.0193e-01
464	46467.2973	-23398.0169	724430.2973	3508764.9831	5377614.0523	9.7905e-02
465	46558.9003	-23438.1280	724521.9003	3508724.8720	5377614.0523	9.4039e-02
466	46650.5032	-23478.2391	724613.5032	3508684.7609	5377614.0523	9.0325e-02
467	46742.1062	-23518.3502	724705.1062	3508644.6498	5377614.0523	8.6759e-02
468	46833.7091	-23558.4613	724796.7091	3508604.5387	5377614.0523	8.3334e-02
469	46925.3120	-23598.5725	724888.3120	3508564.4275	5377614.0523	8.0044e-02
470	47016.9150	-23638.6836	724979.9150	3508524.3164	5377614.0523	7.6884e-02
471	47108.5179	-23678.7947	725071.5179	3508484.2053	5377614.0523	7.3850e-02
472	47200.1209	-23718.9058	725163.1209	3508444.0942	5377614.0523	7.0935e-02
473	47291.7238	-23759.0169	725254.7238	3508403.9831	5377614.0523	6.8136e-02
474	47383.3268	-23799.1280	725346.3268	3508363.8720	5377614.0523	6.5447e-02
475	47474.9297	-23839.2391	725437.9297	3508323.7609	5377614.0523	6.2865e-02
476	47566.5326	-23879.3502	725529.5326	3508283.6498	5377614.0523	6.0385e-02
477	47658.1356	-23919.4613	725621.1356	3508243.5387	5377614.0523	5.8003e-02
478	47749.7385	-23959.5724	725712.7385	3508203.4276	5377614.0523	5.5715e-02
479	47841.3415	-23999.6835	725804.3415	3508163.3165	5377614.0523	5.3518e-02
480	47932.9444	-24039.7947	725895.9444	3508123.2053	5377614.0523	5.1407e-02
481	48024.5474	-24079.9058	725987.5474	3508083.0942	5377614.0523	4.9380e-02
482	48116.1503	-24120.0169	726079.1503	3508042.9831	5377614.0523	4.7433e-02
483	48207.7532	-24160.1280	726170.7532	3508002.8720	5377614.0523	4.5563e-02
484	48299.3562	-24200.2391	726262.3562	3507962.7609	5377614.0523	4.3767e-02
485	48390.9591	-24240.3502	726353.9591	3507922.6498	5377614.0523	4.2041e-02
486	48482.5621	-24280.4613	726445.5621	3507882.5387	5377614.0523	4.0384e-02
487	48574.1650	-24320.5724	726537.1650	3507842.4276	5377614.0523	3.8793e-02
488	48665.7679	-24360.6835	726628.7679	3507802.3165	5377614.0523	3.7264e-02
489	48757.3709	-24400.7946	726720.3709	3507762.2054	5377614.0523	3.5796e-02
490	48848.9738	-24440.9057	726811.9738	3507722.0943	5377614.0523	3.4385e-02
491	48940.5768	-24481.0168	726903.5768	3507681.9832	5377614.0523	3.3030e-02
492	49032.1797	-24521.1280	726995.1797	3507641.8720	5377614.0523	3.1729e-02
493	49123.7827	-24561.2391	727086.7827	3507601.7609	5377614.0523	3.0479e-02
494	49215.3856	-24601.3502	727178.3856	3507561.6498	5377614.0523	2.9279e-02
495	49306.9885	-24641.4613	727269.9885	3507521.5387	5377614.0523	2.8126e-02
496	49398.5915	-24681.5724	727361.5915	3507481.4276	5377614.0523	2.7018e-02
497	49490.1944	-24721.6835	727453.1944	3507441.3165	5377614.0523	2.5954e-02
498	49581.7974	-24761.7946	727544.7974	3507401.2054	5377614.0523	2.4932e-02
499	49673.4003	-24801.9057	727636.4003	3507361.0943	5377614.0523	2.3951e-02
500	49765.0032	-24842.0168	727728.0032	3507320.9832	5377614.0523	2.3008e-02
501	49856.6062	-24882.1279	727819.6062	3507280.8721	5377614.0523	2.2102e-02
502	49948.2091	-24922.2390	727911.2091	3507240.7610	5377614.0523	2.1232e-02
503	50039.8121	-24962.3502	728002.8121	3507200.6498	5377614.0523	2.0396e-02
504	50131.4150	-25002.4613	728094.4150	3507160.5387	5377614.0523	1.9594e-02
505	50223.0180	-25042.5724	728186.0180	3507120.4276	5377614.0523	1.8823e-02
506	50314.6209	-25082.6835	728277.6209	3507080.3165	5377614.0523	1.8082e-02
507	50406.2238	-25122.7946	728369.2238	3507040.2054	5377614.0523	1.7371e-02
508	50497.8268	-25162.9057	728460.8268	3507000.0943	5377614.0523	1.6687e-02
509	50589.4297	-25203.0168	728552.4297	3506959.9832	5377614.0523	1.6031e-02
510	50681.0327	-25243.1279	728644.0327	3506919.8721	5377614.0523	1.5400e-02
511	50772.6356	-25283.2390	728735.6356	3506879.7610	5377614.0523	1.4794e-02
512	50864.2386	-25323.3501	728827.2386	3506839.6499	5377614.0523	1.4213e-02
513	50955.8415	-25363.4612	728918.8415	3506799.5388	5377614.0523	1.3654e-02
514	51047.4444	-25403.5723	729010.4444	3506759.4277	5377614.0523	1.3117e-02
515	51139.0474	-25443.6835	729102.0474	3506719.3165	5377614.0523	1.2601e-02
516	51230.6503	-25483.7946	729193.6503	3506679.2054	5377614.0523	1.2106e-02
517	51322.2533	-25523.9057	729285.2533	3506639.0943	5377614.0523	1.1630e-02
518	51413.8562	-25564.0168	729376.8562	3506598.9832	5377614.0523	1.1173e-02
519	51505.4591	-25604.1279	729468.4591	3506558.8721	5377614.0523	1.0733e-02
520	51597.0621	-25644.2390	729560.0621	3506518.7610	5377614.0523	1.0312e-02
521	51688.6650	-25684.3501	729651.6650	3506478.6499	5377614.0523	9.9063e-03
522	51780.2680	-25724.4612	729743.2680	3506438.5388	5377614.0523	9.5170e-03
523	51871.8709	-25764.5723	729834.8709	3506398.4277	5377614.0523	9.1430e-03
524	51963.4739	-25804.6834	729926.4739	3506358.3166	5377614.0523	8.7838e-03
525	52055.0768	-25844.7945	730018.0768	3506318.2055	5377614.0523	8.4387e-03
526	52146.6797	-25884.9056	730109.6797	3506278.0944	5377614.0523	8.1072e-03
527	52238.2827	-25925.0168	730201.2827	3506237.9832	5377614.0523	7.7887e-03
528	52329.8856	-25965.1279	730292.8856	3506197.8721	5377614.0523	7.4827e-03
529	52421.4886	-26005.2390	730384.4886	3506157.7610	5377614.0523	7.1888e-03
530	52513.0915	-26045.3501	730476.0915	3506117.6499	5377614.0523	6.9065e-03
531	52604.6944	-26085.4612	730567.6944	3506077.5388	5377614.0523	6.6353e-03
532	52696.2974	-26125.5723	730659.2974	3506037.4277	5377614.0523	6.3747e-03
533	52787.9003	-26165.6834	730750.9003	3505997.3166	5377614.0523	6.1244e-03
534	52879.5033	-26205.7945	730842.5033	3505957.2055	5377614.0523	5.8840e-03
535	52971.1062	-26245.9056	730934.1062	3505917.0944	5377614.0523	5.6530e-03
536	53062.7092	-26286.0167	731025.7092	3505876.9833	5377614.0523	5.4311e-03
537	53154.3121	-26326.1278	731117.3121	3505836.8722	5377614.0523	5.2179e-03
538	53245.9150	-26366.2390	731208.9150	3505796.7610	5377614.0523	5.0131e-03
539	53337.5180	-26406.3501	731300.5180	3505756.6499	5377614.0523	4.8163e-03
540	53429.1209	-26446.4612	731392.1209	3505716.5388	5377614.0523	4.6273e-03
541	53520.7239	-26486.5723	731483.7239	3505676.4277	5377614.0523	4.4457e-03
542	53612.3268	-26526.6834	731575.3268	3505636.3166	5377614.0523	4.2713e-03
543	53703.9297	-26566.7945	731666.9297	3505596.2055	5377614.0523	4.1037e-03
544	53795.5327	-26606.9056	731758.5327	3505556.0944	5377614.0523	3.9427e-03
545	53887.1356	-26647.0167	731850.1356	3505515.9833	5377614.0523	3.7880e-03
546	53978.7386	-26687.1278	731941.7386	3505475.8722	5377614.0523	3.6394e-03
547	54070.3415	-26727.2389	732033.3415	3505435.7611	5377614.0523	3.4967e-03
548	54161.9445	-26767.3500	732124.9445	3505395.6500	5377614.0523	3.3595e-03
549	54253.5474	-26807.4611	732216.5474	3505355.5389	5377614.0523	3.2278e-03
550	54345.1503	-26847.5723	732308.1503	3505315.4277	5377614.0523	3.1012e-03
551	54436.7533	-26887.6834	732399.7533	3505275.3166	5377614.0523	2.9796e-03
552	54528.3562	-26927.7945	732491.3562	3505235.2055	5377614.0523	2.8627e-03
553	54619.9592	-26967.9056	732582.9592	3505195.0944	5377614.0523	2.7505e-03
554	54711.5621	-27008.0167	732674.5621	3505154.9833	5377614.0523	2.6427e-03
555	54803.1651	-27048.1278	732766.1651	3505114.8722	5377614.0523	2.5391e-03
556	54894.7680	-27088.2389	732857.7680	3505074.7611	5377614.0523	2.4395e-03
557	54986.3709	-27128.3500	732949.3709	3505034.6500	5377614.0523	2.3439e-03
558	55077.9739	-27168.4611	733040.9739	3504994.5389	5377614.0523	2.2520e-03
559	55169.5768	-27208.5722	733132.5768	3504954.4278	5377614.0523	2.1638e-03
560	55261.1798	-27248.6833	733224.1798	3504914.3167	5377614.0523	2.0790e-03
561	55352.7827	-27288.7945	733315.7827	3504874.2055	5377614.0523	1.9975e-03
562	55444.3856	-27328.9056	733407.3856	3504834.0944	5377614.0523	1.9193e-03
563	55535.9886	-27369.0167	733498.9886	3504793.9833	5377614.0523	1.8441e-03
564	55627.5915	-27409.1278	733590.5915	3504753.8722	5377614.0523	1.7718e-03
565	55719.1945	-27449.2389	733682.1945	3504713.7611	5377614.0523	1.7024e-03
566	55810.7974	-27489.3500	733773.7974	3504673.6500	5377614.0523	1.6357e-03
567	55902.4004	-27529.4611	733865.4004	3504633.5389	5377614.0523	1.5716e-03
568	55994.0033	-27569.5722	733957.0033	3504593.4278	5377614.0523	1.5101e-03
569	56085.6062	-27609.6833	734048.6062	3504553.3167	5377614.0523	1.4509e-03
570	56177.2092	-27649.7944	734140.2092	3504513.2056	5377614.0523	1.3941e-03
571	56268.8121	-27689.9055	734231.8121	3504473.0945	5377614.0523	1.3395e-03
572	56360.4151	-27730.0166	734323.4151	3504432.9834	5377614.0523	1.2871e-03
573	56452.0180	-27770.1278	734415.0180	3504392.8722	5377614.0523	1.2367e-03
574	56543.6209	-27810.2389	734506.6209	3504352.7611	5377614.0523	1.1882e-03
575	56635.2239	-27850.3500	734598.2239	3504312.6500	5377614.0523	1.1417e-03
576	56726.8268	-27890.4611	734689.8268	3504272.5389	5377614.0523	1.0970e-03
577	56818.4298	-27930.5722	734781.4298	3504232.4278	5377614.0523	1.0541e-03
578	56910.0327	-27970.6833	734873.0327	3504192.3167	5377614.0523	1.0128e-03
579	57001.6357	-28010.7944	734964.6357	3504152.2056	5377614.0523	9.7319e-04
580	57093.2386	-28050.9055	735056.2386	3504112.0945	5377614.0523	9.3510e-04
581	57184.8415	-28091.0166	735147.8415	3504071.9834	5377614.0523	8.9850e-04
582	57276.4445	-28131.1277	735239.4445	3504031.8723	5377614.0523	8.6334e-04
583	57368.0474	-28171.2388	735331.0474	3503991.7612	5377614.0523	8.2956e-04
584	57459.6504	-28211.3499	735422.6504	3503951.6501	5377614.0523	7.9710e-04
585	57551.2533	-28251.4611	735514.2533	3503911.5389	5377614.0523	7.6592e-04
586	57642.8563	-28291.5722	735605.8563	3503871.4278	5377614.0523	7.3595e-04
587	57734.4592	-28331.6833	735697.4592	3503831.3167	5377614.0523	7.0716e-04
588	57826.0621	-28371.7944	735789.0621	3503791.2056	5377614.0523	6.7950e-04
589	57917.6651	-28411.9055	735880.6651	3503751.0945	5377614.0523	6.5292e-04
590	58009.2680	-28452.0166	735972.2680	3503710.9834	5377614.0523	6.2738e-04
591	58100.8710	-28492.1277	736063.8710	3503670.8723	5377614.0523	6.0284e-04
592	58192.4739	-28532.2388	736155.4739	3503630.7612	5377614.0523	5.7927e-04
593	58284.0768	-28572.3499	736247.0768	3503590.6501	5377614.0523	5.5662e-04
594	58375.6798	-28612.4610	736338.6798	3503550.5390	5377614.0523	5.3485e-04
595	58467.2827	-28652.5721	736430.2827	3503510.4279	5377614.0523	5.1394e-04
596	58558.8857	-28692.6833	736521.8857	3503470.3167	5377614.0523	4.9384e-04
597	58650.4886	-28732.7944	736613.4886	3503430.2056	5377614.0523	4.7453e-04
598	58742.0916	-28772.9055	736705.0916	3503390.0945	5377614.0523	4.5598e-04
599	58833.6945	-28813.0166	736796.6945	3503349.9834	5377614.0523	4.3816e-04
600	58925.2974	-28853.1277	736888.2974	3503309.8723	5377614.0523	4.2103e-04
601	59016.9004	-28893.2388	736979.9004	3503269.7612	5377614.0523	4.0457e-04
602	59108.5033	-28933.3499	737071.5033	3503229.6501	5377614.0523	3.8876e-04
603	59200.1063	-28973.4610	737163.1063	3503189.5390	5377614.0523	3.7357e-04
604	59291.7092	-29013.5721	737254.7092	3503149.4279	5377614.0523	3.5897e-04
605	59383.3121	-29053.6832	737346.3121	3503109.3168	5377614.0523	3.4494e-04
606	59474.9151	-29093.7943	737437.9151	3503069.2057	5377614.0523	3.3146e-04
607	59566.5180	-29133.9054	737529.5180	3503029.0946	5377614.0523	3.1851e-04
608	59658.1210	-29174.0166	737621.1210	3502988.9834	5377614.0523	3.0607e-04
609	59749.7239	-29214.1277	737712.7239	3502948.8723	5377614.0523	2.9411e-04
610	59841.3269	-29254.2388	737804.3269	3502908.7612	5377614.0523	2.8262e-04
611	59932.9298	-29294.3499	737895.9298	3502868.6501	5377614.0523	2.7158e-04
612	60024.5327	-29334.4610	737987.5327	3502828.5390	5377614.0523	2.6097e-04
613	60116.1357	-29374.5721	738079.1357	3502788.4279	5377614.0523	2.5078e-04
614	60207.7386	-29414.6832	738170.7386	3502748.3168	5377614.0523	2.4098e-04
615	60299.3416	-29454.7943	738262.3416	3502708.2057	5377614.0523	2.3157e-04
616	60390.9445	-29494.9054	738353.9445	3502668.0946	5377614.0523	2.2253e-04
617	60482.5475	-29535.0165	738445.5475	3502627.9835	5377614.0523	2.1384e-04
618	60574.1504	-29575.1276	738537.1504	3502587.8724	5377614.0523	2.0549e-04
619	60665.7533	-29615.2388	738628.7533	3502547.7612	5377614.0523	1.9746e-04
620	60757.3563	-29655.3499	738720.3563	3502507.6501	5377614.0523	1.8975e-04
621	60848.9592	-29695.4610	738811.9592	3502467.5390	5377614.0523	1.8235e-04
622	60940.5622	-29735.5721	738903.5622	3502427.4279	5377614.0523	1.7523e-04
623	61032.1651	-29775.6832	738995.1651	3502387.3168	5377614.0523	1.6839e-04
624	61123.7680	-29815.7943	739086.7680	3502347.2057	5377614.0523	1.6181e-04
625	61215.3710	-29855.9054	739178.3710	3502307.0946	5377614.0523	1.5550e-04
626	61306.9739	-29896.0165	739269.9739	3502266.9835	5377614.0523	1.4943e-04
627	61398.5769	-29936.1276	739361.5769	3502226.8724	5377614.0523	1.4360e-04
628	61490.1798	-29976.2387	739453.1798	3502186.7613	5377614.0523	1.3799e-04
629	61581.7828	-30016.3498	739544.7828	3502146.6502	5377614.0523	1.3261e-04
630	61673.3857	-30056.4609	739636.3857	3502106.5391	5377614.0523	1.2743e-04
631	61764.9886	-30096.5721	739727.9886	3502066.4279	5377614.0523	1.2246e-04
632	61856.5916	-30136.6832	739819.5916	3502026.3168	5377614.0523	1.1768e-04
633	61948.1945	-30176.7943	739911.1945	3501986.2057	5377614.0523	1.1309e-04
634	62039.7975	-30216.9054	740002.7975	3501946.0946	5377614.0523	1.0868e-04
635	62131.4004	-30257.0165	740094.4004	3501905.9835	5377614.0523	1.0444e-04
636	62223.0033	-30297.1276	740186.0033	3501865.8724	5377614.0523	1.0036e-04
637	62314.6063	-30337.2387	740277.6063	3501825.7613	5377614.0523	9.6449e-05
638	62406.2092	-30377.3498	740369.2092	3501785.6502	5377614.0523	9.2687e-05
639	62497.8122	-30417.4609	740460.8122	3501745.5391	5377614.0523	8.9072e-05
640	62589.4151	-30457.5720	740552.4151	3501705.4280	5377614.0523	8.5598e-05
641	62681.0181	-30497.6831	740644.0181	3501665.3169	5377614.0523	8.2260e-05
642	62772.6210	-30537.7942	740735.6210	3501625.2058	5377614.0523	7.9052e-05
643	62864.2239	-30577.9054	740827.2239	3501585.0946	5377614.0523	7.5969e-05
644	62955.8269	-30618.0165	740918.8269	3501544.9835	5377614.0523	7.3007e-05
645	63047.4298	-30658.1276	741010.4298	3501504.8724	5377614.0523	7.0160e-05
646	63139.0328	-30698.2387	741102.0328	3501464.7613	5377614.0523	6.7424e-05
647	63230.6357	-30738.3498	741193.6357	3501424.6502	5377614.0523	6.4796e-05
648	63322.2387	-30778.4609	741285.2387	3501384.5391	5377614.0523	6.2270e-05
649	63413.8416	-30818.5720	741376.8416	3501344.4280	5377614.0523	5.9842e-05
650	63505.4445	-30858.6831	741468.4445	3501304.3169	5377614.0523	5.7509e-05
651	63597.0475	-30898.7942	741560.0475	3501264.2058	5377614.0523	5.5268e-05
652	63688.6504	-30938.9053	741651.6504	3501224.0947	5377614.0523	5.3113e-05
653	63780.2534	-30979.0164	741743.2534	3501183.9836	5377614.0523	5.1043e-05
654	63871.8563	-31019.1276	741834.8563	3501143.8724	5377614.0523	4.9054e-05
655	63963.4592	-31059.2387	741926.4592	3501103.7613	5377614.0523	4.7142e-05
656	64055.0622	-31099.3498	742018.0622	3501063.6502	5377614.0523	4.5305e-05
657	64146.6651	-31139.4609	742109.6651	3501023.5391	5377614.0523	4.3540e-05
658	64238.2681	-31179.5720	742201.2681	3500983.4280	5377614.0523	4.1843e-05
659	64329.8710	-31219.6831	742292.8710	3500943.3169	5377614.0523	4.0213e-05
660	64421.4740	-31259.7942	742384.4740	3500903.2058	5377614.0523	3.8646e-05
661	64513.0769	-31299.9053	742476.0769	3500863.0947	5377614.0523	3.7140e-05
662	64604.6798	-31340.0164	742567.6798	3500822.9836	5377614.0523	3.5693e-05
663	64696.2828	-31380.1275	742659.2828	3500782.8725	5377614.0523	3.4303e-05
664	64787.8857	-31420.2386	742750.8857	3500742.7614	5377614.0523	3.2967e-05
665	64879.4887	-31460.3497	742842.4887	3500702.6503	5377614.0523	3.1683e-05
666	64971.0916	-31500.4609	742934.0916	3500662.5391	5377614.0523	3.0448e-05
667	65062.6945	-31540.5720	743025.6945	3500622.4280	5377614.0523	2.9263e-05
668	65154.2975	-31580.6831	743117.2975	3500582.3169	5377614.0523	2.8123e-05
669	65245.9004	-31620.7942	743208.9004	3500542.2058	5377614.0523	2.7028e-05
670	65337.5034	-31660.9053	743300.5034	3500502.0947	5377614.0523	2.5975e-05
671	65429.1063	-31701.0164	743392.1063	3500461.9836	5377614.0523	2.4964e-05
672	65520.7093	-31741.1275	743483.7093	3500421.8725	5377614.0523	2.3991e-05
673	65612.3122	-31781.2386	743575.3122	3500381.7614	5377614.0523	2.3057e-05
674	65703.9151	-31821.3497	743666.9151	3500341.6503	5377614.0523	2.2160e-05
675	65795.5181	-31861.4608	743758.5181	3500301.5392	5377614.0523	2.1297e-05
676	65887.1210	-31901.5719	743850.1210	3500261.4281	5377614.0523	2.0468e-05
677	65978.7240	-31941.6830	743941.7240	3500221.3170	5377614.0523	1.9671e-05
678	66070.3269	-31981.7942	744033.3269	3500181.2058	5377614.0523	1.8905e-05
679	66161.9298	-32021.9053	744124.9298	3500141.0947	5377614.0523	1.8169e-05
680	66253.5328	-32062.0164	744216.5328	3500100.9836	5377614.0523	1.7462e-05
681	66345.1357	-32102.1275	744308.1357	3500060.8725	5377614.0523	1.6782e-05
682	66436.7387	-32142.2386	744399.7387	3500020.7614	5377614.0523	1.6129e-05
683	66528.3416	-32182.3497	744491.3416	3499980.6503	5377614.0523	1.5501e-05
684	66619.9446	-32222.4608	744582.9446	3499940.5392	5377614.0523	1.4898e-05
685	66711.5475	-32262.5719	744674.5475	3499900.4281	5377614.0523	1.4318e-05
686	66803.1504	-32302.6830	744766.1504	3499860.3170	5377614.0523	1.3761e-05
687	66894.7534	-32342.7941	744857.7534	3499820.2059	5377614.0523	1.3226e-05
688	66986.3563	-32382.9052	744949.3563	3499780.0948	5377614.0523	1.2711e-05
689	67077.9593	-32423.0164	745040.9593	3499739.9836	5377614.0523	1.2216e-05
690	67169.5622	-32463.1275	745132.5622	3499699.8725	5377614.0523	1.1741e-05
691	67261.1652	-32503.2386	745224.1652	3499659.7614	5377614.0523	1.1284e-05
692	67352.7681	-32543.3497	745315.7681	3499619.6503	5377614.0523	1.0845e-05
693	67444.3710	-32583.4608	745407.3710	3499579.5392	5377614.0523	1.0423e-05
694	67535.9740	-32623.5719	745498.9740	3499539.4281	5377614.0523	1.0018e-05
695	67627.5769	-32663.6830	745590.5769	3499499.3170	5377614.0523	9.6283e-06
696	67719.1799	-32703.7941	745682.1799	3499459.2059	5377614.0523	9.2538e-06
697	67810.7828	-32743.9052	745773.7828	3499419.0948	5377614.0523	8.8939e-06
698	67902.3857	-32784.0163	745865.3857	3499378.9837	5377614.0523	8.5480e-06
699	67993.9887	-32824.1274	745956.9887	3499338.8726	5377614.0523	8.2155e-06
700	68085.5916	-32864.2385	746048.5916	3499298.7615	5377614.0523	7.8960e-06
701	68177.1946	-32904.3497	746140.1946	3499258.6503	5377614.0523	7.5890e-06
702	68268.7975	-32944.4608	746231.7975	3499218.5392	5377614.0523	7.2939e-06
703	68360.4005	-32984.5719	746323.4005	3499178.4281	5377614.0523	7.0102e-06
704	68452.0034	-33024.6830	746415.0034	3499138.3170	5377614.0523	6.7377e-06
705	68543.6063	-33064.7941	746506.6063	3499098.2059	5377614.0523	6.4757e-06
706	68635.2093	-33104.9052	746598.2093	3499058.0948	5377614.0523	6.2239e-06
707	68726.8122	-33145.0163	746689.8122	3499017.9837	5377614.0523	5.9820e-06
708	68818.4152	-33185.1274	746781.4152	3498977.8726	5377614.0523	5.7494e-06
709	68910.0181	-33225.2385	746873.0181	3498937.7615	5377614.0523	5.5259e-06
710	69001.6210	-33265.3496	746964.6210	3498897.6504	5377614.0523	5.3111e-06
711	69093.2240	-33305.4607	747056.2240	3498857.5393	5377614.0523	5.1046e-06
712	69184.8269	-33345.5719	747147.8269	3498817.4281	5377614.0523	4.9062e-06
713	69276.4299	-33385.6830	747239.4299	3498777.3170	5377614.0523	4.7155e-06
714	69368.0328	-33425.7941	747331.0328	3498737.2059	5377614.0523	4.5323e-06
715	69459.6358	-33465.9052	747422.6358	3498697.0948	5377614.0523	4.3561e-06
716	69551.2387	-33506.0163	747514.2387	3498656.9837	5377614.0523	4.1868e-06
717	69642.8416	-33546.1274	747605.8416	3498616.8726	5377614.0523	4.0241e-06
718	69734.4446	-33586.2385	747697.4446	3498576.7615	5377614.0523	3.8677e-06
719	69826.0475	-33626.3496	747789.0475	3498536.6504	5377614.0523	3.7174e-06
720	69917.6505	-33666.4607	747880.6505	3498496.5393	5377614.0523	3.5730e-06
721	70009.2534	-33706.5718	747972.2534	3498456.4282	5377614.0523	3.4342e-06
722	70100.8564	-33746.6829	748063.8564	3498416.3171	5377614.0523	3.3007e-06
723	70192.4593	-33786.7940	748155.4593	3498376.2060	5377614.0523	3.1725e-06
724	70284.0622	-33826.9052	748247.0622	3498336.0948	5377614.0523	3.0492e-06
725	70375.6652	-33867.0163	748338.6652	3498295.9837	5377614.0523	2.9308e-06
726	70467.2681	-33907.1274	748430.2681	3498255.8726	5377614.0523	2.8169e-06
727	70558.8711	-33947.2385	748521.8711	3498215.7615	5377614.0523	2.7075e-06
728	70650.4740	-33987.3496	748613.4740	3498175.6504	5377614.0523	2.6023e-06
729	70742.0769	-34027.4607	748705.0769	3498135.5393	5377614.0523	2.5013e-06
730	70833.6799	-34067.5718	748796.6799	3498095.4282	5377614.0523	2.4041e-06
731	70925.2828	-34107.6829	748888.2828	3498055.3171	5377614.0523	2.3107e-06
732	71016.8858	-34147.7940	748979.8858	3498015.2060	5377614.0523	2.2210e-06
733	71108.4887	-34187.9051	749071.4887	3497975.0949	5377614.0523	2.1347e-06
734	71200.0917	-34228.0162	749163.0917	3497934.9838	5377614.0523	2.0518e-06
735	71291.6946	-34268.1273	749254.6946	3497894.8727	5377614.0523	1.9722e-06
736	71383.2975	-34308.2385	749346.2975	3497854.7615	5377614.0523	1.8956e-06
737	71474.9005	-34348.3496	749437.9005	3497814.6504	5377614.0523	1.8220e-06
738	71566.5034	-34388.4607	749529.5034	3497774.5393	5377614.0523	1.7512e-06
739	71658.1064	-34428.5718	749621.1064	3497734.4282	5377614.0523	1.6832e-06
740	71749.7093	-34468.6829	749712.7093	3497694.3171	5377614.0523	1.6179e-06
741	71841.3122	-34508.7940	749804.3122	3497654.2060	5377614.0523	1.5551e-06
742	71932.9152	-34548.9051	749895.9152	3497614.0949	5377614.0523	1.4947e-06
743	72024.5181	-34589.0162	749987.5181	3497573.9838	5377614.0523	1.4367e-06
744	72116.1211	-34629.1273	750079.1211	3497533.8727	5377614.0523	1.3809e-06
745	72207.7240	-34669.2384	750170.7240	3497493.7616	5377614.0523	1.3273e-06
746	72299.3270	-34709.3495	750262.3270	3497453.6505	5377614.0523	1.2758e-06
747	72390.9299	-34749.4607	750353.9299	3497413.5393	5377614.0523	1.2263e-06
748	72482.5328	-34789.5718	750445.5328	3497373.4282	5377614.0523	1.1787e-06
749	72574.1358	-34829.6829	750537.1358	3497333.3171	5377614.0523	1.1329e-06
750	72665.7387	-34869.7940	750628.7387	3497293.2060	5377614.0523	1.0890e-06
751	72757.3417	-34909.9051	750720.3417	3497253.0949	5377614.0523	1.0467e-06
752	72848.9446	-34950.0162	750811.9446	3497212.9838	5377614.0523	1.0061e-06
753	72940.5476	-34990.1273	750903.5476	3497172.8727	5377614.0523	9.6703e-07
754	73032.1505	-35030.2384	750995.1505	3497132.7616	5377614.0523	9.2950e-07
755	73123.7534	-35070.3495	751086.7534	3497092.6505	5377614.0523	8.9344e-07
756	73215.3564	-35110.4606	751178.3564	3497052.5394	5377614.0523	8.5877e-07
757	73306.9593	-35150.5717	751269.9593	3497012.4283	5377614.0523	8.2545e-07
758	73398.5623	-35190.6828	751361.5623	3496972.3172	5377614.0523	7.9342e-07
759	73490.1652	-35230.7940	751453.1652	3496932.2060	5377614.0523	7.6264e-07
760	73581.7681	-35270.9051	751544.7681	3496892.0949	5377614.0523	7.3305e-07
761	73673.3711	-35311.0162	751636.3711	3496851.9838	5377614.0523	7.0462e-07
762	73764.9740	-35351.1273	751727.9740	3496811.8727	5377614.0523	6.7728e-07
763	73856.5770	-35391.2384	751819.5770	3496771.7616	5377614.0523	6.5101e-07
764	73948.1799	-35431.3495	751911.1799	3496731.6505	5377614.0523	6.2576e-07
765	74039.7829	-35471.4606	752002.7829	3496691.5394	5377614.0523	6.0148e-07
766	74131.3858	-35511.5717	752094.3858	3496651.4283	5377614.0523	5.7815e-07
767	74222.9887	-35551.6828	752185.9887	3496611.3172	5377614.0523	5.5573e-07
768	74314.5917	-35591.7939	752277.5917	3496571.2061	5377614.0523	5.3418e-07
769	74406.1946	-35631.9050	752369.1946	3496531.0950	5377614.0523	5.1346e-07
770	74497.7976	-35672.0162	752460.7976	3496490.9838	5377614.0523	4.9355e-07
771	74589.4005	-35712.1273	752552.4005	3496450.8727	5377614.0523	4.7441e-07
772	74681.0034	-35752.2384	752644.0034	3496410.7616	5377614.0523	4.5601e-07
773	74772.6064	-35792.3495	752735.6064	3496370.6505	5377614.0523	4.3833e-07
774	74864.2093	-35832.4606	752827.2093	3496330.5394	5377614.0523	4.2133e-07
775	74955.8123	-35872.5717	752918.8123	3496290.4283	5377614.0523	4.0499e-07
776	75047.4152	-35912.6828	753010.4152	3496250.3172	5377614.0523	3.8929e-07
777	75139.0182	-35952.7939	753102.0182	3496210.2061	5377614.0523	3.7420e-07
778	75230.6211	-35992.9050	753193.6211	3496170.0950	5377614.0523	3.5969e-07
779	75322.2240	-36033.0161	753285.2240	3496129.9839	5377614.0523	3.4574e-07
780	75413.8270	-36073.1272	753376.8270	3496089.8728	5377614.0523	3.3234e-07
781	75505.4299	-36113.2383	753468.4299	3496049.7617	5377614.0523	3.1946e-07
782	75597.0329	-36153.3495	753560.0329	3496009.6505	5377614.0523	3.0707e-07
783	75688.6358	-36193.4606	753651.6358	3495969.5394	5377614.0523	2.9517e-07
784	75780.2387	-36233.5717	753743.2387	3495929.4283	5377614.0523	2.8373e-07
785	75871.8417	-36273.6828	753834.8417	3495889.3172	5377614.0523	2.7273e-07
786	75963.4446	-36313.7939	753926.4446	3495849.2061	5377614.0523	2.6216e-07
787	76055.0476	-36353.9050	754018.0476	3495809.0950	5377614.0523	2.5200e-07
788	76146.6505	-36394.0161	754109.6505	3495768.9839	5377614.0523	2.4223e-07
789	76238.2535	-36434.1272	754201.2535	3495728.8728	5377614.0523	2.3284e-07
790	76329.8564	-36474.2383	754292.8564	3495688.7617	5377614.0523	2.2382e-07
791	76421.4593	-36514.3494	754384.4593	3495648.6506	5377614.0523	2.1515e-07
792	76513.0623	-36554.4605	754476.0623	3495608.5395	5377614.0523	2.0681e-07
793	76604.6652	-36594.5716	754567.6652	3495568.4284	5377614.0523	1.9880e-07
794	76696.2682	-36634.6828	754659.2682	3495528.3172	5377614.0523	1.9109e-07
795	76787.8711	-36674.7939	754750.8711	3495488.2061	5377614.0523	1.8369e-07
796	76879.4741	-36714.9050	754842.4741	3495448.0950	5377614.0523	1.7657e-07
797	76971.0770	-36755.0161	754934.0770	3495407.9839	5377614.0523	1.6973e-07
798	77062.6799	-36795.1272	755025.6799	3495367.8728	5377614.0523	1.6315e-07
799	77154.2829	-36835.2383	755117.2829	3495327.7617	5377614.0523	1.5683e-07
800	77245.8858	-36875.3494	755208.8858	3495287.6506	5377614.0523	1.5076e-07
801	77337.4888	-36915.4605	755300.4888	3495247.5395	5377614.0523	1.4492e-07
802	77429.0917	-36955.5716	755392.0917	3495207.4284	5377614.0523	1.3930e-07
803	77520.6946	-36995.6827	755483.6946	3495167.3173	5377614.0523	1.3391e-07
804	77612.2976	-37035.7938	755575.2976	3495127.2062	5377614.0523	1.2872e-07
805	77703.9005	-37075.9050	755666.9005	3495087.0950	5377614.0523	1.2373e-07
806	77795.5035	-37116.0161	755758.5035	3495046.9839	5377614.0523	1.1894e-07
807	77887.1064	-37156.1272	755850.1064	3495006.8728	5377614.0523	1.1433e-07
808	77978.7094	-37196.2383	755941.7094	3494966.7617	5377614.0523	1.0991e-07
809	78070.3123	-37236.3494	756033.3123	3494926.6506	5377614.0523	1.0565e-07
810	78161.9152	-37276.4605	756124.9152	3494886.5395	5377614.0523	1.0156e-07
811	78253.5182	-37316.5716	756216.5182	3494846.4284	5377614.0523	9.7625e-08
812	78345.1211	-37356.6827	756308.1211	3494806.3173	5377614.0523	9.3844e-08
813	78436.7241	-37396.7938	756399.7241	3494766.2062	5377614.0523	9.0210e-08
814	78528.3270	-37436.9049	756491.3270	3494726.0951	5377614.0523	8.6717e-08
815	78619.9299	-37477.0160	756582.9299	3494685.9840	5377614.0523	8.3359e-08
816	78711.5329	-37517.1271	756674.5329	3494645.8729	5377614.0523	8.0131e-08
817	78803.1358	-37557.2383	756766.1358	3494605.7617	5377614.0523	7.7028e-08
818	78894.7388	-37597.3494	756857.7388	3494565.6506	5377614.0523	7.4046e-08
819	78986.3417	-37637.4605	756949.3417	3494525.5395	5377614.0523	7.1179e-08
820	79077.9447	-37677.5716	757040.9447	3494485.4284	5377614.0523	6.8423e-08
821	79169.5476	-37717.6827	757132.5476	3494445.3173	5377614.0523	6.5774e-08
822	79261.1505	-37757.7938	757224.1505	3494405.2062	5377614.0523	6.3228e-08
823	79352.7535	-37797.9049	757315.7535	3494365.0951	5377614.0523	6.0780e-08
824	79444.3564	-37838.0160	757407.3564	3494324.9840	5377614.0523	5.8427e-08
825	79535.9594	-37878.1271	757498.9594	3494284.8729	5377614.0523	5.6166e-08
826	79627.5623	-37918.2382	757590.5623	3494244.7618	5377614.0523	5.3992e-08
827	79719.1653	-37958.3493	757682.1653	3494204.6507	5377614.0523	5.1902e-08
828	79810.7682	-37998.4604	757773.7682	3494164.5396	5377614.0523	4.9893e-08
829	79902.3711	-38038.5716	757865.3711	3494124.4284	5377614.0523	4.7962e-08
830	79993.9741	-38078.6827	757956.9741	3494084.3173	5377614.0523	4.6105e-08
831	80085.5770	-38118.7938	758048.5770	3494044.2062	5377614.0523	4.4321e-08
832	80177.1800	-38158.9049	758140.1800	3494004.0951	5377614.0523	4.2606e-08
833	80268.7829	-38199.0160	758231.7829	3493963.9840	5377614.0523	4.0957e-08
834	80360.3858	-38239.1271	758323.3858	3493923.8729	5377614.0523	3.9372e-08
835	80451.9888	-38279.2382	758414.9888	3493883.7618	5377614.0523	3.7848e-08
836	80543.5917	-38319.3493	758506.5917	3493843.6507	5377614.0523	3.6384e-08
837	80635.1947	-38359.4604	758598.1947	3493803.5396	5377614.0523	3.4976e-08
838	80726.7976	-38399.5715	758689.7976	3493763.4285	5377614.0523	3.3622e-08
839	80818.4006	-38439.6826	758781.4006	3493723.3174	5377614.0523	3.2321e-08
840	80910.0035	-38479.7938	758873.0035	3493683.2062	5377614.0523	3.1071e-08
841	81001.6064	-38519.9049	758964.6064	3493643.0951	5377614.0523	2.9869e-08
842	81093.2094	-38560.0160	759056.2094	3493602.9840	5377614.0523	2.8713e-08
843	81184.8123	-38600.1271	759147.8123	3493562.8729	5377614.0523	2.7602e-08
844	81276.4153	-38640.2382	759239.4153	3493522.7618	5377614.0523	2.6534e-08
845	81368.0182	-38680.3493	759331.0182	3493482.6507	5377614.0523	2.5508e-08
846	81459.6211	-38720.4604	759422.6211	3493442.5396	5377614.0523	2.4521e-08
847	81551.2241	-38760.5715	759514.2241	3493402.4285	5377614.0523	2.3572e-08
848	81642.8270	-38800.6826	759605.8270	3493362.3174	5377614.0523	2.2661e-08
849	81734.4300	-38840.7937	759697.4300	3493322.2063	5377614.0523	2.1784e-08
850	81826.0329	-38880.9048	759789.0329	3493282.0952	5377614.0523	2.0941e-08
851	81917.6359	-38921.0159	759880.6359	3493241.9841	5377614.0523	2.0131e-08
852	82009.2388	-38961.1271	759972.2388	3493201.8729	5377614.0523	1.9353e-08
853	82100.8417	-39001.2382	760063.8417	3493161.7618	5377614.0523	1.8604e-08
854	82192.4447	-39041.3493	760155.4447	3493121.6507	5377614.0523	1.7885e-08
855	82284.0476	-39081.4604	760247.0476	3493081.5396	5377614.0523	1.7193e-08
856	82375.6506	-39121.5715	760338.6506	3493041.4285	5377614.0523	1.6528e-08
857	82467.2535	-39161.6826	760430.2535	3493001.3174	5377614.0523	1.5889e-08
858	82558.8565	-39201.7937	760521.8565	3492961.2063	5377614.0523	1.5274e-08
859	82650.4594	-39241.9048	760613.4594	3492921.0952	5377614.0523	1.4684e-08
860	82742.0623	-39282.0159	760705.0623	3492880.9841	5377614.0523	1.4116e-08
861	82833.6653	-39322.1270	760796.6653	3492840.8730	5377614.0523	1.3570e-08
862	82925.2682	-39362.2381	760888.2682	3492800.7619	5377614.0523	1.3045e-08
863	83016.8712	-39402.3493	760979.8712	3492760.6507	5377614.0523	1.2541e-08
864	83108.4741	-39442.4604	761071.4741	3492720.5396	5377614.0523	1.2056e-08
865	83200.0770	-39482.5715	761163.0770	3492680.4285	5377614.0523	1.1590e-08
866	83291.6800	-39522.6826	761254.6800	3492640.3174	5377614.0523	1.1142e-08
867	83383.2829	-39562.7937	761346.2829	3492600.2063	5377614.0523	1.0711e-08
868	83474.8859	-39602.9048	761437.8859	3492560.0952	5377614.0523	1.0297e-08
869	83566.4888	-39643.0159	761529.4888	3492519.9841	5377614.0523	9.8988e-09
870	83658.0918	-39683.1270	761621.0918	3492479.8730	5377614.0523	9.5162e-09
871	83749.6947	-39723.2381	761712.6947	3492439.7619	5377614.0523	9.1483e-09
872	83841.2976	-39763.3492	761804.2976	3492399.6508	5377614.0523	8.7947e-09
873	83932.9006	-39803.4603	761895.9006	3492359.5397	5377614.0523	8.4547e-09
874	84024.5035	-39843.5714	761987.5035	3492319.4286	5377614.0523	8.1279e-09
875	84116.1065	-39883.6826	762079.1065	3492279.3174	5377614.0523	7.8137e-09
876	84207.7094	-39923.7937	762170.7094	3492239.2063	5377614.0523	7.5117e-09
877	84299.3123	-39963.9048	762262.3123	3492199.0952	5377614.0523	7.2214e-09
878	84390.9153	-40004.0159	762353.9153	3492158.9841	5377614.0523	6.9422e-09
879	84482.5182	-40044.1270	762445.5182	3492118.8730	5377614.0523	6.6739e-09
880	84574.1212	-40084.2381	762537.1212	3492078.7619	5377614.0523	6.4160e-09
881	84665.7241	-40124.3492	762628.7241	3492038.6508	5377614.0523	6.1680e-09
882	84757.3271	-40164.4603	762720.3271	3491998.5397	5377614.0523	5.9297e-09
883	84848.9300	-40204.5714	762811.9300	3491958.4286	5377614.0523	5.7005e-09
884	84940.5329	-40244.6825	762903.5329	3491918.3175	5377614.0523	5.4802e-09
885	85032.1359	-40284.7936	762995.1359	3491878.2064	5377614.0523	5.2685e-09
886	85123.7388	-40324.9047	763086.7388	3491838.0953	5377614.0523	5.0649e-09
887	85215.3418	-40365.0159	763178.3418	3491797.9841	5377614.0523	4.8692e-09
888	85306.9447	-40405.1270	763269.9447	3491757.8730	5377614.0523	4.6810e-09
889	85398.5476	-40445.2381	763361.5476	3491717.7619	5377614.0523	4.5002e-09
890	85490.1506	-40485.3492	763453.1506	3491677.6508	5377614.0523	4.3263e-09
891	85581.7535	-40525.4603	763544.7535	3491637.5397	5377614.0523	4.1591e-09
892	85673.3565	-40565.5714	763636.3565	3491597.4286	5377614.0523	3.9984e-09
893	85764.9594	-40605.6825	763727.9594	3491557.3175	5377614.0523	3.8440e-09
894	85856.5624	-40645.7936	763819.5624	3491517.2064	5377614.0523	3.6954e-09
895	85948.1653	-40685.9047	763911.1653	3491477.0953	5377614.0523	3.5527e-09
896	86039.7682	-40726.0158	764002.7682	3491436.9842	5377614.0523	3.4154e-09
897	86131.3712	-40766.1269	764094.3712	3491396.8731	5377614.0523	3.2835e-09
898	86222.9741	-40806.2381	764185.9741	3491356.7619	5377614.0523	3.1567e-09
899	86314.5771	-40846.3492	764277.5771	3491316.6508	5377614.0523	3.0347e-09
900	86406.1800	-40886.4603	764369.1800	3491276.5397	5377614.0523	2.9175e-09
901	86497.7830	-40926.5714	764460.7830	3491236.4286	5377614.0523	2.8048e-09
902	86589.3859	-40966.6825	764552.3859	3491196.3175	5377614.0523	2.6965e-09
903	86680.9888	-41006.7936	764643.9888	3491156.2064	5377614.0523	2.5923e-09
904	86772.5918	-41046.9047	764735.5918	3491116.0953	5377614.0523	2.4922e-09
905	86864.1947	-41087.0158	764827.1947	3491075.9842	5377614.0523	2.3959e-09
906	86955.7977	-41127.1269	764918.7977	3491035.8731	5377614.0523	2.3034e-09
907	87047.4006	-41167.2380	765010.4006	3490995.7620	5377614.0523	2.2144e-09
908	87139.0035	-41207.3491	765102.0035	3490955.6509	5377614.0523	2.1289e-09
909	87230.6065	-41247.4602	765193.6065	3490915.5398	5377614.0523	2.0467e-09
910	87322.2094	-41287.5714	765285.2094	3490875.4286	5377614.0523	1.9677e-09
911	87413.8124	-41327.6825	765376.8124	3490835.3175	5377614.0523	1.8917e-09
912	87505.4153	-41367.7936	765468.4153	3490795.2064	5377614.0523	1.8186e-09
913	87597.0183	-41407.9047	765560.0183	3490755.0953	5377614.0523	1.7484e-09
914	87688.6212	-41448.0158	765651.6212	3490714.9842	5377614.0523	1.6809e-09
915	87780.2241	-41488.1269	765743.2241	3490674.8731	5377614.0523	1.6160e-09
916	87871.8271	-41528.2380	765834.8271	3490634.7620	5377614.0523	1.5536e-09
917	87963.4300	-41568.3491	765926.4300	3490594.6509	5377614.0523	1.4936e-09
918	88055.0330	-41608.4602	766018.0330	3490554.5398	5377614.0523	1.4359e-09
919	88146.6359	-41648.5713	766109.6359	3490514.4287	5377614.0523	1.3805e-09
920	88238.2388	-41688.6824	766201.2388	3490474.3176	5377614.0523	1.3272e-09
921	88329.8418	-41728.7936	766292.8418	3490434.2064	5377614.0523	1.2760e-09
922	88421.4447	-41768.9047	766384.4447	3490394.0953	5377614.0523	1.2267e-09
923	88513.0477	-41809.0158	766476.0477	3490353.9842	5377614.0523	1.1793e-09
924	88604.6506	-41849.1269	766567.6506	3490313.8731	5377614.0523	1.1338e-09
925	88696.2536	-41889.2380	766659.2536	3490273.7620	5377614.0523	1.0900e-09
926	88787.8565	-41929.3491	766750.8565	3490233.6509	5377614.0523	1.0480e-09
927	88879.4594	-41969.4602	766842.4594	3490193.5398	5377614.0523	1.0075e-09
928	88971.0624	-42009.5713	766934.0624	3490153.4287	5377614.0523	9.6862e-10
929	89062.6653	-42049.6824	767025.6653	3490113.3176	5377614.0523	9.3124e-10
930	89154.2683	-42089.7935	767117.2683	3490073.2065	5377614.0523	8.9529e-10
931	89245.8712	-42129.9046	767208.8712	3490033.0954	5377614.0523	8.6074e-10
932	89337.4742	-42170.0157	767300.4742	3489992.9843	5377614.0523	8.2751e-10
933	89429.0771	-42210.1269	767392.0771	3489952.8731	5377614.0523	7.9557e-10
934	89520.6800	-42250.2380	767483.6800	3489912.7620	5377614.0523	7.6487e-10
935	89612.2830	-42290.3491	767575.2830	3489872.6509	5377614.0523	7.3535e-10
936	89703.8859	-42330.4602	767666.8859	3489832.5398	5377614.0523	7.0697e-10
937	89795.4889	-42370.5713	767758.4889	3489792.4287	5377614.0523	6.7969e-10
938	89887.0918	-42410.6824	767850.0918	3489752.3176	5377614.0523	6.5346e-10
939	89978.6947	-42450.7935	767941.6947	3489712.2065	5377614.0523	6.2824e-10
940	90070.2977	-42490.9046	768033.2977	3489672.0954	5377614.0523	6.0400e-10
941	90161.9006	-42531.0157	768124.9006	3489631.9843	5377614.0523	5.8069e-10
942	90253.5036	-42571.1268	768216.5036	3489591.8732	5377614.0523	5.5828e-10
943	90345.1065	-42611.2379	768308.1065	3489551.7621	5377614.0523	5.3674e-10
944	90436.7095	-42651.3490	768399.7095	3489511.6510	5377614.0523	5.1603e-10
945	90528.3124	-42691.4602	768491.3124	3489471.5398	5377614.0523	4.9612e-10
946	90619.9153	-42731.5713	768582.9153	3489431.4287	5377614.0523	4.7698e-10
947	90711.5183	-42771.6824	768674.5183	3489391.3176	5377614.0523	4.5857e-10
948	90803.1212	-42811.7935	768766.1212	3489351.2065	5377614.0523	4.4088e-10
949	90894.7242	-42851.9046	768857.7242	3489311.0954	5377614.0523	4.2387e-10
950	90986.3271	-42892.0157	768949.3271	3489270.9843	5377614.0523	4.0752e-10
951	91077.9300	-42932.1268	769040.9300	3489230.8732	5377614.0523	3.9179e-10
952	91169.5330	-42972.2379	769132.5330	3489190.7621	5377614.0523	3.7668e-10
953	91261.1359	-43012.3490	769224.1359	3489150.6510	5377614.0523	3.6215e-10
954	91352.7389	-43052.4601	769315.7389	3489110.5399	5377614.0523	3.4818e-10
955	91444.3418	-43092.5712	769407.3418	3489070.4288	5377614.0523	3.3475e-10
956	91535.9448	-43132.6824	769498.9448	3489030.3176	5377614.0523	3.2183e-10
957	91627.5477	-43172.7935	769590.5477	3488990.2065	5377614.0523	3.0942e-10
958	91719.1506	-43212.9046	769682.1506	3488950.0954	5377614.0523	2.9748e-10
959	91810.7536	-43253.0157	769773.7536	3488909.9843	5377614.0523	2.8601e-10
960	91902.3565	-43293.1268	769865.3565	3488869.8732	5377614.0523	2.7498e-10
961	91993.9595	-43333.2379	769956.9595	3488829.7621	5377614.0523	2.6437e-10
962	92085.5624	-43373.3490	770048.5624	3488789.6510	5377614.0523	2.5417e-10
963	92177.1654	-43413.4601	770140.1654	3488749.5399	5377614.0523	2.4437e-10
964	92268.7683	-43453.5712	770231.7683	3488709.4288	5377614.0523	2.3495e-10
965	92360.3712	-43493.6823	770323.3712	3488669.3177	5377614.0523	2.2588e-10
966	92451.9742	-43533.7934	770414.9742	3488629.2066	5377614.0523	2.1717e-10
967	92543.5771	-43573.9045	770506.5771	3488589.0955	5377614.0523	2.0880e-10
968	92635.1801	-43614.0157	770598.1801	3488548.9843	5377614.0523	2.0075e-10
969	92726.7830	-43654.1268	770689.7830	3488508.8732	5377614.0523	1.9300e-10
970	92818.3859	-43694.2379	770781.3859	3488468.7621	5377614.0523	1.8556e-10
971	92909.9889	-43734.3490	770872.9889	3488428.6510	5377614.0523	1.7841e-10
972	93001.5918	-43774.4601	770964.5918	3488388.5399	5377614.0523	1.7153e-10
973	93093.1948	-43814.5712	771056.1948	3488348.4288	5377614.0523	1.6491e-10
974	93184.7977	-43854.6823	771147.7977	3488308.3177	5377614.0523	1.5855e-10
975	93276.4007	-43894.7934	771239.4007	3488268.2066	5377614.0523	1.5244e-10
976	93368.0036	-43934.9045	771331.0036	3488228.0955	5377614.0523	1.4656e-10
977	93459.6065	-43975.0156	771422.6065	3488187.9844	5377614.0523	1.4091e-10
978	93551.2095	-44015.1267	771514.2095	3488147.8733	5377614.0523	1.3548e-10
979	93642.8124	-44055.2379	771605.8124	3488107.7621	5377614.0523	1.3025e-10
980	93734.4154	-44095.3490	771697.4154	3488067.6510	5377614.0523	1.2523e-10
981	93826.0183	-44135.4601	771789.0183	3488027.5399	5377614.0523	1.2040e-10
982	93917.6212	-44175.5712	771880.6212	3487987.4288	5377614.0523	1.1576e-10
983	94009.2242	-44215.6823	771972.2242	3487947.3177	5377614.0523	1.1130e-10
984	94100.8271	-44255.7934	772063.8271	3487907.2066	5377614.0523	1.0701e-10
985	94192.4301	-44295.9045	772155.4301	3487867.0955	5377614.0523	1.0288e-10
986	94284.0330	-44336.0156	772247.0330	3487826.9844	5377614.0523	9.8917e-11
987	94375.6360	-44376.1267	772338.6360	3487786.8733	5377614.0523	9.5104e-11
988	94467.2389	-44416.2378	772430.2389	3487746.7622	5377614.0523	9.1438e-11
989	94558.8418	-44456.3489	772521.8418	3487706.6511	5377614.0523	8.7913e-11
990	94650.4448	-44496.4600	772613.4448	3487666.5400	5377614.0523	8.4524e-11
991	94742.0477	-44536.5712	772705.0477	3487626.4288	5377614.0523	8.1266e-11
992	94833.6507	-44576.6823	772796.6507	3487586.3177	5377614.0523	7.8134e-11
993	94925.2536	-44616.7934	772888.2536	3487546.2066	5377614.0523	7.5122e-11
994	95016.8565	-44656.9045	772979.8565	3487506.0955	5377614.0523	7.2227e-11
995	95108.4595	-44697.0156	773071.4595	3487465.9844	5377614.0523	6.9443e-11
996	95200.0624	-44737.1267	773163.0624	3487425.8733	5377614.0523	6.6766e-11
997	95291.6654	-44777.2378	773254.6654	3487385.7622	5377614.0523	6.4193e-11
998	95383.2683	-44817.3489	773346.2683	3487345.6511	5377614.0523	6.1719e-11
999	95474.8713	-44857.4600	773437.8713	3487305.5400	5377614.0523	5.9341e-11
