s	phi-1.0	phi-1.1	phi-1.2	phi-1.3	phi-1.4	phi-1.5	phi-1.6	phi-1.7	phi-1.8	phi-1.9
0	3165042.5666	3185608.9070	3198226.9115	3202798.7062	3199286.9760	3187715.4649	3168168.7100	3140791.0122	3105784.6627	3063407.4536
1	3044455.0498	3060043.1401	3067810.0571	3067688.2272	3059670.5721	3043810.6937	3020222.2851	2989077.7774	2950606.2436	2905090.5969
2	2928461.8944	2939426.7446	2942711.3232	2938277.4013	2926147.0070	2906402.2936	2879184.6289	2844692.9211	2803181.2087	2754955.5532
3	2816888.0560	2823564.6333	2822713.8481	2814325.7878	2798450.3904	2775196.9957	2744733.1172	2707282.4524	2663122.1654	2612579.4867
4	2709565.1595	2712269.4087	2707609.6135	2695603.0893	2676326.4349	2649914.7698	2616560.1917	2576509.4793	2530061.0770	2477561.4134
5	2606331.2449	2605361.0598	2597199.0834	2581888.7232	2559531.9506	2530288.2275	2494372.6565	2452053.3833	2403648.2954	2349521.0723
6	2507030.5227	2502666.6710	2491290.8586	2472971.4124	2447834.3600	2416062.0512	2377891.0071	2333609.0330	2283551.6425	2228097.8543
7	2411513.1390	2404020.1424	2389701.3448	2368648.7925	2341011.2356	2306992.4493	2266848.7914	2220886.0362	2169455.5373	2112949.7867
8	2319634.9494	2309261.9213	2292254.4341	2268727.0358	2238849.8563	2202846.6356	2160992.0000	2113608.0278	2061060.1663	2003752.5696
9	2231257.3012	2218238.7441	2198781.2000	2173020.4914	2141146.7842	2103402.3330	2060078.4850	2011511.9921	1958080.6964	1900198.6633
10	2146246.8245	2130803.3879	2109119.6045	2081351.3400	2047707.4596	2008447.2986	1963877.4065	1914347.6186	1860246.5256	1801996.4215
11	2064475.2308	2046814.4334	2023114.2172	1993549.2637	1958345.8131	1917778.8709	1872168.7041	1821876.6873	1767300.5727	1708869.2703
12	1985819.1191	1966136.0351	1940615.9456	1909451.1293	1872883.8954	1831203.5373	1784742.5940	1733872.4856	1678998.6012	1620554.9290
13	1910159.7903	1888637.7023	1861481.7772	1828900.6857	1791151.5230	1748536.5210	1701399.0886	1650119.2519	1595108.5776	1536804.6717
14	1837383.0674	1814194.0878	1785574.5309	1751748.2729	1712985.9391	1669601.3868	1621947.5393	1570411.6468	1515410.0620	1457382.6266
15	1767379.1238	1742684.7849	1712762.6198	1677850.5447	1638231.4896	1594229.6642	1546206.2004	1494554.2498	1439693.6285	1382065.1117
16	1700042.3170	1673994.1333	1642919.8227	1607070.2018	1566739.3130	1522260.4882	1474001.8135	1422361.0796	1367760.3152	1310640.0050
17	1635271.0297	1608011.0313	1575925.0656	1539275.7368	1498367.0443	1453540.2559	1405169.2106	1353655.1391	1299421.1010	1242906.1469
18	1572967.5161	1544628.7568	1511662.2114	1474341.1901	1432978.5311	1387922.2983	1339550.9371	1288267.9805	1234496.4091	1178672.7737
19	1513037.7544	1483744.7939	1450019.8589	1412145.9157	1370443.5629	1325266.5679	1276996.8908	1226039.2929	1172815.6353	1117758.9803
20	1455391.3052	1425260.6678	1390891.1498	1352574.3570	1310637.6113	1265439.3391	1217363.9792	1166816.5091	1114216.6995	1059993.2110
21	1399941.1746	1369081.7851	1334173.5830	1295515.8323	1253441.5824	1208312.9234	1160515.7918	1110454.4314	1058545.6196	1005212.7759
22	1346603.6835	1315117.2812	1279768.8373	1240864.3288	1198741.5797	1153765.3966	1106322.2882	1056814.8759	1005656.1074	953263.3929
23	1295298.3406	1263279.8727	1227582.6007	1188518.3061	1146428.6769	1101680.3384	1054659.5006	1005766.3334	955409.1837	903998.7534
24	1245947.7214	1213485.7170	1177524.4073	1138380.5071	1096398.7013	1051946.5843	1005409.2501	957183.6472	907672.8134	857280.1097
25	1198477.3514	1165654.2759	1129507.4800	1090357.7777	1048552.0264	1004457.9880	958458.8766	910947.7064	862321.5584	812975.8850
26	1152815.5934	1119708.1860	1083448.5803	1044360.8934	1002793.3732	959113.1953	913700.9811	866945.1533	819236.2480	770961.3020
27	1108893.5397	1075573.1332	1039267.8641	1000304.3936	959031.6207	915815.4272	871033.1796	825068.1060	778303.6659	731118.0321
28	1066644.9078	1033177.7328	996888.7429	958106.4229	917179.6246	874472.2738	830357.8695	785213.8939	739416.2524	693333.8619
29	1026005.9407	992453.4134	956237.7518	917688.5792	877154.0433	834995.4968	791582.0057	747284.8055	702471.8220	657502.3771
30	986915.3105	953334.3069	917244.4211	878975.7674	838875.1724	797300.8413	754616.8885	711187.8494	667373.2950	623522.6629
31	949314.0258	915757.1413	879841.1550	841896.0606	802266.7856	761307.8562	719377.9600	676834.5261	634028.4421	591299.0199
32	913145.3429	879661.1386	843963.1142	806380.5660	767255.9834	726939.7220	685784.6109	644140.6108	602349.6420	560740.6944
33	878354.6799	844987.9164	809548.1031	772363.2972	733773.0473	694123.0872	653759.9965	613025.9472	572253.6517	531761.6227
34	844889.5345	811681.3935	776536.4626	739781.0513	701751.3015	662787.9115	623230.8602	583414.2509	543661.3871	504280.1891
35	812699.4047	779687.6995	744870.9662	708573.2916	671126.9800	632867.3167	594127.3667	555232.9224	516497.7155	478218.9956
36	781735.7127	748955.0870	714496.7210	678682.0354	641839.0992	604297.4435	566382.9415	528412.8690	490691.2583	453504.6442
37	751951.7315	719433.8487	685361.0726	650051.7457	613829.3371	577017.3157	539934.1191	502888.3354	466174.2032	430067.5302
38	723302.5143	691076.2361	657413.5136	622629.2284	587041.9169	550968.7095	514720.3979	478596.7427	442882.1260	407841.6459
39	695744.8268	663836.3834	630605.5964	596363.5336	561423.4956	526096.0297	490684.1014	455478.5346	420753.8217	386764.3951
40	669237.0818	637670.2321	604890.8486	571205.8606	536923.0585	502346.1907	467770.2463	433477.0319	399731.1431	366776.4163
41	643739.2770	612535.4606	580224.6933	547109.4672	513491.8167	479668.5037	445926.4173	412538.2931	379758.8483	347821.4159
42	619212.9336	588391.4156	556564.3711	524029.5834	491083.1108	458014.5678	425102.6465	392610.9822	360784.4556	329846.0097
43	595621.0392	565199.0459	533868.8662	501923.3274	469652.3175	437338.1673	405251.2994	373646.2431	342758.1056	312799.5723
44	572927.9914	542920.8399	512098.8354	480749.6267	449156.7608	417595.1728	386326.9660	355597.5796	325632.4299	296634.0946
45	551099.5445	521520.7642	491216.5400	460469.1413	429555.6271	398743.4470	368286.3568	338420.7413	309362.4269	281304.0485
46	530102.7572	500964.2060	471185.7799	441044.1909	410809.8839	380742.7549	351088.2039	322073.6157	293905.3436	266766.2590
47	509905.9435	481217.9168	451971.8314	422438.6844	392882.2022	363554.6779	334693.1665	306516.1240	279220.5629	252979.7822
48	490478.6245	462249.9586	433541.3866	404618.0537	375736.8818	347142.5315	319063.7408	291710.1237	265269.4973	239905.7904
49	471791.4826	444029.6521	415862.4960	387549.1886	359339.7806	331471.2876	304164.1745	277619.3146	252015.4872	227507.4624
50	453816.3173	426527.5276	398904.5126	371200.3758	343658.2464	316507.4991	289960.3848	264209.1500	239423.7048	215749.8797
51	436526.0024	409715.2767	382638.0396	355541.2398	328661.0521	302219.2291	276419.8804	251446.7521	227461.0621	204599.9288
52	419894.4452	393565.7070	367034.8786	340542.6865	314318.3331	288575.9822	263511.6874	239300.8309	216096.1248	194026.2072
53	403896.5471	378052.6980	352067.9811	326176.8490	300601.5281	275548.6399	251206.2783	227741.6080	205299.0288	183998.9353
54	388508.1658	363151.1584	337711.4017	312417.0363	287483.3225	263109.3979	239475.5044	216740.7436	195041.4024	174489.8728
55	373706.0790	348836.9865	323940.2529	299237.6831	274937.5934	251231.7074	228292.5316	206271.2666	185296.2914	165472.2385
56	359467.9488	335087.0300	310730.6621	286614.3026	262939.3581	239890.2179	217631.7786	196307.5088	176038.0882	156920.6354
57	345772.2887	321879.0496	298059.7302	274523.4411	251464.7239	229060.7235	207468.8591	186825.0417	167242.4648	148810.9790
58	332598.4306	309191.6825	285905.4918	262942.6341	240490.8411	218720.1108	197780.5253	177800.6172	158886.3087	141120.4296
59	319926.4939	297004.4078	274246.8772	251850.3650	229995.8568	208846.3100	188544.6152	169212.1098	150947.6623	133827.3277
60	307737.3557	285297.5137	263063.6760	241226.0246	219958.8721	199418.2475	179740.0014	161038.4630	143405.6650	126911.1331
61	296012.6212	274052.0651	252336.5018	231049.8735	210359.8999	190415.8012	171346.5435	153259.6372	136240.4985	120352.3675
62	284734.5970	263249.8735	242046.7589	221303.0046	201179.8254	181819.7572	163345.0415	145856.5609	129433.3346	114132.5587
63	273886.2632	252873.4672	232176.6096	211967.3086	192400.3680	173611.7691	155717.1917	138811.0840	122966.2860	108234.1896
64	263451.2490	242906.0633	222708.9440	203025.4402	184004.0448	165774.3187	148445.5456	132105.9328	116822.3591	102640.6481
65	253413.8067	233331.5402	213627.3495	194460.7857	175974.1359	158290.6786	141513.4691	125724.6682	110985.4094	97336.1807
66	243758.7891	224134.4119	204916.0830	186257.4322	168294.6510	151144.8765	134905.1052	119651.6452	105440.0989	92305.8482
67	234471.6259	215299.8028	196560.0433	178400.1383	160950.2976	144321.6612	128605.3371	113871.9744	100171.8560	87535.4832
68	225538.3018	206813.4237	188544.7451	170874.3053	153926.4508	137806.4700	122599.7542	108371.4857	95166.8373	83011.6506
69	216945.3356	198661.5485	180856.2936	163665.9505	147209.1235	131585.3977	116874.6187	103136.6933	90411.8910	78721.6096
70	208679.7598	190830.9923	173481.3606	156761.6812	140784.9395	125645.1666	111416.8342	98154.7632	85894.5223	74653.2778
71	200729.1008	183309.0897	166407.1617	150148.6693	134641.1058	119973.0985	106213.9161	93413.4810	81602.8609	70795.1974
72	193081.3604	176083.6747	159621.4335	143814.6282	128765.3881	114557.0878	101253.9627	88901.2223	77525.6295	67136.5026
73	185724.9975	169143.0607	153112.4128	137747.7895	123146.0859	109385.5749	96525.6281	84606.9245	73652.1141	63666.8890
74	178648.9106	162476.0219	146868.8160	131936.8811	117772.0092	104447.5225	92018.0962	80520.0591	69972.1363	60376.5850
75	171842.4213	156071.7749	140879.8198	126371.1066	112632.4564	99732.3912	87721.0559	76630.6062	66476.0261	57256.3239
76	165295.2579	149919.9613	135135.0420	121040.1251	107717.1928	95230.1177	83624.6779	72929.0300	63154.5966	54297.3178
77	158997.5401	144010.6311	129624.5239	115934.0317	103016.4307	90931.0927	79719.5917	69406.2554	59999.1201	51491.2332
78	152939.7642	138334.2264	124338.7130	111043.3396	98520.8091	86826.1410	75996.8642	66053.6453	57001.3049	48830.1669
79	147112.7885	132881.5661	119268.4462	106358.9619	94221.3758	82906.5013	72447.9799	62862.9802	54153.2734	46306.6245
80	141507.8193	127643.8310	114404.9340	101872.1953	90109.5691	79163.8081	69064.8205	59826.4375	51447.5420	43913.4988
81	136116.3985	122612.5494	109739.7454	97574.7035	86177.2010	75590.0733	65839.6472	56936.5724	48877.0005	41644.0498
82	130930.3897	117779.5836	105264.7933	93458.5020	82416.4409	72177.6695	62765.0822	54186.2998	46434.8944	39491.8858
83	125941.9669	113137.1167	100972.3201	89515.9429	78819.7997	68919.3138	59834.0927	51568.8767	44114.8065	37450.9457
84	121143.6020	108677.6400	96854.8848	85739.7013	75380.1155	65808.0518	57039.9737	49077.8860	41910.6402	35515.4813
85	116528.0539	104393.9405	92905.3497	82122.7608	72090.5385	62837.2431	54376.3340	46707.2205	39816.6035	33680.0417
86	112088.3574	100279.0898	89116.8682	78658.4015	68944.5183	60000.5473	51837.0802	44451.0680	37827.1940	31939.4576
87	107817.8124	96326.4323	85482.8729	75340.1866	65935.7898	57291.9100	49416.4040	42303.8971	35937.1840	30288.8268
88	103709.9743	92529.5750	81997.0642	72161.9511	63058.3618	54705.5502	47108.7680	40260.4433	34141.6070	28723.5007
89	99758.6441	88882.3768	78653.3992	69117.7898	60306.5044	52235.9478	44908.8934	38315.6969	32435.7448	27239.0705
90	95957.8589	85378.9387	75446.0818	66202.0469	57674.7376	49877.8320	42811.7481	36464.8898	30815.1149	25831.3557
91	92301.8828	82013.5940	72369.5519	63409.3049	55157.8207	47626.1700	40812.5347	34703.4844	29275.4586	24496.3916
92	88785.1987	78780.8997	69418.4763	60734.3752	52750.7416	45476.1559	38906.6802	33027.1621	27812.7302	23230.4184
93	85402.4996	75675.6271	66587.7393	58172.2877	50448.7072	43423.2011	37089.8249	31431.8132	26423.0861	22029.8707
94	82148.6807	72692.7536	63872.4337	55718.2822	48247.1332	41462.9239	35357.8127	29913.5262	25102.8745	20891.3673
95	79018.8317	69827.4548	61267.8524	53367.7992	46141.6355	39591.1406	33706.6815	28468.5788	23848.6265	19811.7017
96	76008.2293	67075.0963	58769.4804	51116.4717	44128.0215	37803.8562	32132.6545	27093.4283	22657.0461	18787.8332
97	73112.3303	64431.2263	56372.9867	48960.1167	42202.2812	36097.2562	30632.1311	25784.7034	21525.0022	17816.8782
98	70326.7645	61891.5685	54074.2168	46894.7278	40360.5800	34467.6982	29201.6788	24539.1952	20449.5201	16896.1022
99	67647.3282	59452.0154	51869.1859	44916.4676	38599.2503	32911.7041	27838.0254	23353.8503	19427.7737	16022.9119
100	65069.9779	57108.6210	49754.0714	43021.6606	36914.7848	31425.9532	26538.0516	22225.7625	18457.0782	15194.8480
101	62590.8242	54857.5952	47725.2068	41206.7863	35303.8292	30007.2743	25298.7837	21152.1659	17534.8828	14409.5784
102	60206.1258	52695.2971	45779.0749	39468.4727	33763.1754	28652.6396	24117.3868	20130.4286	16658.7643	13664.8916
103	57912.2839	50618.2294	43912.3021	37803.4900	32289.7554	27359.1579	22991.1585	19158.0454	15826.4205	12958.6902
104	55705.8369	48623.0326	42121.6524	36208.7449	30880.6354	26124.0686	21917.5226	18232.6323	15035.6642	12288.9853
105	53583.4552	46706.4796	40404.0214	34681.2743	29533.0091	24944.7356	20894.0231	17351.9205	14284.4174	11653.8907
106	51541.9358	44865.4705	38756.4319	33218.2402	28244.1930	23818.6418	19918.3188	16513.7508	13570.7062	11051.6178
107	49578.1979	43097.0277	37176.0274	31816.9245	27011.6206	22743.3839	18988.1776	15716.0681	12892.6551	10480.4703
108	47689.2780	41398.2908	35660.0685	30474.7234	25832.8375	21716.6670	18101.4720	14956.9168	12248.4824	9938.8397
109	45872.3256	39766.5123	34205.9272	29189.1432	24705.4964	20736.2997	17256.1736	14234.4357	11636.4953	9425.2006
110	44124.5988	38199.0529	32811.0826	27957.7954	23627.3522	19800.1897	16450.3487	13546.8534	11055.0857	8938.1064
111	42443.4600	36693.3774	31473.1168	26778.3922	22596.2581	18906.3389	15682.1540	12892.4842	10502.7259	8476.1852
112	40826.3723	35247.0504	30189.7104	25648.7422	21610.1608	18052.8398	14949.8324	12269.7237	9977.9643	8038.1360
113	39270.8953	33857.7327	28958.6386	24566.7467	20667.0966	17237.8707	14251.7085	11677.0452	9479.4221	7622.7253
114	37774.6817	32523.1771	27777.7673	23530.3953	19765.1876	16459.6921	13586.1854	11112.9954	9005.7892	7228.7829
115	36335.4736	31241.2251	26645.0493	22537.7625	18902.6378	15716.6433	12951.7408	10576.1917	8555.8211	6855.1995
116	34951.0990	30009.8033	25558.5212	21587.0041	18077.7295	15007.1383	12346.9233	10065.3177	8128.3353	6500.9229
117	33619.4688	28826.9198	24516.2993	20676.3535	17288.8201	14329.6629	11770.3495	9579.1211	7722.2086	6164.9553
118	32338.5735	27690.6616	23516.5771	19804.1189	16534.3386	13682.7711	11220.7004	9116.4098	7336.3737	5846.3505
119	31106.4800	26599.1908	22557.6213	18968.6796	15812.7825	13065.0824	10696.7187	8676.0494	6969.8167	5544.2112
120	29921.3290	25550.7420	21637.7698	18168.4833	15122.7151	12475.2783	10197.2057	8256.9603	6621.5746	5257.6864
121	28781.3321	24543.6195	20755.4278	17402.0435	14462.7621	11912.1000	9721.0189	7858.1148	6290.7321	4985.9692
122	27684.7689	23576.1942	19909.0658	16667.9361	13831.6093	11374.3456	9267.0690	7478.5353	5976.4200	4728.2944
123	26629.9845	22646.9016	19097.2167	15964.7970	13227.9999	10860.8673	8834.3175	7117.2910	5677.8122	4483.9362
124	25615.3872	21754.2385	18318.4730	15291.3200	12650.7320	10370.5693	8421.7745	6773.4963	5394.1242	4252.2065
125	24639.4458	20896.7611	17571.4849	14646.2537	12098.6560	9902.4051	8028.4964	6446.3084	5124.6104	4032.4525
126	23700.6876	20073.0825	16854.9573	14028.3996	11570.6724	9455.3754	7653.5835	6134.9249	4868.5627	3824.0554
127	22797.6960	19281.8705	16167.6482	13436.6097	11065.7300	9028.5262	7296.1782	5838.5826	4625.3083	3626.4283
128	21929.1081	18521.8454	15508.3661	12869.7846	10582.8232	8620.9466	6955.4629	5556.5548	4394.2079	3439.0145
129	21093.6133	17791.7778	14875.9681	12326.8710	10120.9904	8231.7665	6630.6583	5288.1502	4174.6543	3261.2863
130	20289.9506	17090.4870	14269.3579	11806.8604	9679.3119	7860.1554	6321.0213	5032.7106	3966.0706	3092.7430
131	19516.9074	16416.8387	13687.4840	11308.7864	9256.9082	7505.3201	6025.8437	4789.6098	3767.9085	2932.9101
132	18773.3170	15769.7433	13129.3377	10831.7238	8852.9381	7166.5034	5744.4502	4558.2518	3579.6475	2781.3374
133	18058.0572	15148.1541	12593.9514	10374.7861	8466.5972	6842.9820	5476.1972	4338.0693	3400.7929	2637.5979
134	17370.0486	14551.0659	12080.3970	9937.1244	8097.1162	6534.0656	5220.4710	4128.5226	3230.8746	2501.2869
135	16708.2531	13977.5128	11587.7842	9517.9256	7743.7592	6239.0947	4976.6866	3929.0978	3069.4461	2372.0204
136	16071.6719	13426.5672	11115.2591	9116.4106	7405.8227	5957.4399	4744.2864	3739.3061	2916.0833	2249.4344
137	15459.3442	12897.3381	10662.0026	8731.8337	7082.6337	5688.4999	4522.7388	3558.6821	2770.3832	2133.1837
138	14870.3462	12388.9693	10227.2290	8363.4801	6773.5487	5431.7009	4311.5370	3386.7830	2631.9629	2022.9408
139	14303.7888	11900.6386	9810.1844	8010.6656	6477.9520	5186.4947	4110.1978	3223.1873	2500.4587	1918.3952
140	13758.8172	11431.5563	9410.1461	7672.7347	6195.2552	4952.3579	3918.2607	3067.4940	2375.5250	1819.2526
141	13234.6089	10980.9636	9026.4205	7349.0594	5924.8952	4728.7909	3735.2866	2919.3213	2256.8335	1725.2336
142	12730.3728	10548.1317	8658.3423	7039.0383	5666.3336	4515.3165	3560.8571	2778.3060	2144.0723	1636.0736
143	12245.3481	10132.3606	8305.2737	6742.0956	5419.0557	4311.4792	3394.5730	2644.1023	2036.9452	1551.5213
144	11778.8026	9732.9777	7966.6024	6457.6794	5182.5689	4116.8437	3236.0540	2516.3812	1935.1706	1471.3387
145	11330.0325	9349.3371	7641.7413	6185.2614	4956.4024	3930.9948	3084.9375	2394.8295	1838.4811	1395.2999
146	10898.3604	8980.8184	7330.1275	5924.3353	4740.1057	3753.5358	2940.8778	2279.1493	1746.6227	1323.1909
147	10483.1350	8626.8253	7031.2206	5674.4165	4533.2482	3584.0879	2803.5453	2169.0569	1659.3539	1254.8084
148	10083.7296	8286.7855	6744.5024	5435.0405	4335.4179	3422.2894	2672.6260	2064.2825	1576.4454	1189.9599
149	9699.5414	7960.1489	6469.4760	5205.7626	4146.2209	3267.7952	2547.8203	1964.5691	1497.6794	1128.4628
150	9329.9907	7646.3871	6205.6646	4986.1568	3965.2805	3120.2753	2428.8428	1869.6723	1422.8488	1070.1438
151	8974.5198	7344.9928	5952.6109	4775.8151	3792.2362	2979.4150	2315.4212	1779.3593	1351.7571	1014.8388
152	8632.5924	7055.4784	5709.8762	4574.3468	3626.7436	2844.9137	2207.2962	1693.4089	1284.2175	962.3920
153	8303.6922	6777.3757	5477.0396	4381.3773	3468.4731	2716.4842	2104.2204	1611.6102	1220.0525	912.6556
154	7987.3232	6510.2348	5253.6976	4196.5484	3317.1094	2593.8525	2005.9580	1533.7628	1159.0934	865.4895
155	7683.0077	6253.6237	5039.4631	4019.5164	3172.3513	2476.7568	1912.2842	1459.6757	1101.1801	820.7610
156	7390.2865	6007.1273	4833.9646	3849.9526	3033.9103	2364.9472	1822.9848	1389.1673	1046.1603	778.3441
157	7108.7180	5770.3470	4636.8458	3687.5419	2901.5109	2258.1851	1737.8555	1322.0647	993.8897	738.1193
158	6837.8772	5542.8997	4447.7652	3531.9824	2774.8894	2156.2426	1656.7015	1258.2035	944.2306	699.9733
159	6577.3554	5324.4176	4266.3948	3382.9853	2653.7937	2058.9022	1579.3372	1197.4271	897.0528	663.7987
160	6326.7594	5114.5473	4092.4204	3240.2736	2537.9825	1965.9561	1505.5857	1139.5864	852.2322	629.4936
161	6085.7111	4912.9494	3925.5402	3103.5823	2427.2253	1877.2058	1435.2782	1084.5396	809.6510	596.9614
162	5853.8467	4719.2978	3765.4651	2972.6572	2321.3016	1792.4621	1368.2539	1032.1519	769.1973	566.1104
163	5630.8162	4533.2793	3611.9175	2847.2553	2220.0003	1711.5440	1304.3595	982.2946	730.7649	536.8538
164	5416.2832	4354.5930	3464.6312	2727.1435	2123.1199	1634.2789	1243.4488	934.8457	694.2527	509.1092
165	5209.9239	4182.9499	3323.3509	2612.0986	2030.4672	1560.5017	1185.3825	889.6888	659.5648	482.7985
166	5011.4268	4018.0724	3187.8318	2501.9069	1941.8579	1490.0551	1130.0278	846.7131	626.6101	457.8475
167	4820.4924	3859.6938	3057.8388	2396.3636	1857.1156	1422.7888	1077.2580	805.8134	595.3020	434.1859
168	4636.8325	3707.5579	2933.1467	2295.2727	1776.0713	1358.5590	1026.9524	766.8893	565.5581	411.7472
169	4460.1701	3561.4187	2813.5393	2198.4463	1698.5638	1297.2289	978.9961	729.8453	537.3004	390.4681
170	4290.2385	3421.0398	2698.8091	2105.7046	1624.4388	1238.6674	933.2791	694.5908	510.4546	370.2887
171	4126.7812	3286.1941	2588.7575	2016.8751	1553.5485	1182.7495	889.6971	661.0392	484.9500	351.1522
172	3969.5516	3156.6637	2483.1935	1931.7930	1485.7519	1129.3560	848.1502	629.1082	460.7198	333.0047
173	3818.3125	3032.2388	2381.9342	1850.3001	1420.9139	1078.3729	808.5435	598.7197	437.7003	315.7950
174	3672.8355	2912.7184	2284.8040	1772.2449	1358.9054	1029.6913	770.7863	569.7990	415.8309	299.4747
175	3532.9012	2797.9090	2191.6346	1697.4825	1299.6030	983.2074	734.7923	542.2754	395.0542	283.9979
176	3398.2983	2687.6250	2102.2644	1625.8740	1242.8885	938.8219	700.4791	516.0812	375.3156	269.3208
177	3268.8238	2581.6881	2016.5385	1557.2863	1188.6490	896.4402	667.7683	491.1524	356.5632	255.4023
178	3144.2822	2479.9268	1934.3084	1491.5920	1136.7766	855.9717	636.5850	467.4277	338.7477	242.2032
179	3024.4857	2382.1766	1855.4314	1428.6690	1087.1678	817.3301	606.8579	444.8490	321.8224	229.6861
180	2909.2533	2288.2794	1779.7709	1368.4004	1039.7240	780.4329	578.5190	423.3609	305.7428	217.8159
181	2798.4114	2198.0833	1707.1957	1310.6742	994.3506	745.2014	551.5034	402.9108	290.4666	206.5592
182	2691.7924	2111.4424	1637.5799	1255.3833	950.9573	711.5604	525.7495	383.4486	275.9536	195.8842
183	2589.2356	2028.2166	1570.8029	1202.4248	909.4576	679.4380	501.1981	364.9264	262.1658	185.7609
184	2490.5863	1948.2712	1506.7489	1151.7003	869.7690	648.7658	477.7933	347.2990	249.0668	176.1608
185	2395.6954	1871.4771	1445.3069	1103.1157	831.8124	619.4782	455.4814	330.5230	236.6224	167.0568
186	2304.4199	1797.7099	1386.3704	1056.5806	795.5123	591.5128	434.2114	314.5573	224.7997	158.4233
187	2216.6219	1726.8503	1329.8372	1012.0086	760.7962	564.8098	413.9347	299.3629	213.5677	150.2360
188	2132.1690	1658.7838	1275.6092	969.3169	727.5952	539.3123	394.6049	284.9024	202.8970	142.4718
189	2050.9338	1593.4002	1223.5926	928.4262	695.8431	514.9658	376.1777	271.1405	192.7594	135.1089
190	1972.7936	1530.5939	1173.6971	889.2604	665.4766	491.7184	358.6111	258.0433	183.1283	128.1265
191	1897.6306	1470.2631	1125.8363	851.7468	636.4353	469.5205	341.8647	245.5787	173.9784	121.5049
192	1825.3312	1412.3104	1079.9271	815.8158	608.6613	448.3247	325.9004	233.7162	165.2857	115.2255
193	1755.7864	1356.6420	1035.8900	781.4005	582.0994	428.0857	310.6816	222.4268	157.0273	109.2707
194	1688.8913	1303.1678	993.6486	748.4370	556.6967	408.7604	296.1735	211.6826	149.1815	103.6235
195	1624.5449	1251.8014	953.1297	716.8641	532.4026	390.3075	282.3428	201.4575	141.7278	98.2683
196	1562.6500	1202.4597	914.2631	686.6231	509.1686	372.6877	269.1580	191.7263	134.6464	93.1898
197	1503.1133	1155.0628	876.9814	657.6578	486.9485	355.8632	256.5889	182.4651	127.9189	88.3737
198	1445.8450	1109.5342	841.2200	629.9144	465.6982	339.7983	244.6068	173.6513	121.5275	83.8066
199	1390.7586	1065.8002	806.9168	603.3414	445.3752	324.4586	233.1842	165.2632	115.4555	79.4755
200	1337.7710	1023.7900	774.0125	577.8894	425.9391	309.8114	222.2950	157.2803	109.6868	75.3682
201	1286.8021	983.4357	742.4499	553.5110	407.3512	295.8254	211.9144	149.6830	104.2064	71.4731
202	1237.7752	944.6721	712.1744	530.1611	389.5744	282.4708	202.0184	142.4527	98.9998	67.7794
203	1190.6162	907.4363	683.1335	507.7962	372.5734	269.7191	192.5846	135.5716	94.0534	64.2766
204	1145.2540	871.6683	655.2767	486.3747	356.3144	257.5430	183.5913	129.0230	89.3540	60.9548
205	1101.6200	837.3101	628.5560	465.8569	340.7649	245.9166	175.0180	122.7906	84.8895	57.8046
206	1059.6485	804.3062	602.9248	446.2047	325.8940	234.8150	166.8451	116.8593	80.6481	54.8173
207	1019.2761	772.6033	578.3388	427.3815	311.6720	224.2147	159.0538	111.2145	76.6186	51.9843
208	980.4419	742.1499	554.7554	409.3524	298.0707	214.0928	151.6263	105.8424	72.7904	49.2978
209	943.0872	712.8969	532.1336	392.0838	285.0629	204.4279	144.5457	100.7298	69.1534	46.7501
210	907.1558	684.7969	510.4344	375.5437	272.6228	195.1993	137.7958	95.8641	65.6982	44.3340
211	872.5933	657.8046	489.6200	359.7013	260.7256	186.3873	131.3610	91.2335	62.4157	42.0428
212	839.3477	631.8762	469.6543	344.5273	249.3476	177.9731	125.2267	86.8265	59.2971	39.8701
213	807.3687	606.9698	450.5028	329.9933	238.4661	169.9388	119.3789	82.6324	56.3344	37.8096
214	776.6081	583.0451	432.1323	316.0725	228.0595	162.2672	113.8042	78.6410	53.5197	35.8556
215	747.0195	560.0635	414.5108	302.7390	218.1070	154.9418	108.4898	74.8423	50.8456	34.0026
216	718.5582	537.9877	397.6080	289.9679	208.5888	147.9472	103.4236	71.2271	48.3051	32.2453
217	691.1813	516.7821	381.3944	277.7356	199.4860	141.2684	98.5939	67.7865	45.8916	30.5789
218	664.8474	496.4123	365.8419	266.0192	190.7805	134.8910	93.9898	64.5121	43.5987	28.9986
219	639.5168	476.8454	350.9237	254.7972	182.4549	128.8015	89.6007	61.3959	41.4203	27.4999
220	615.1514	458.0498	336.6137	244.0485	174.4926	122.9870	85.4165	58.4303	39.3507	26.0787
221	591.7142	439.9951	322.8874	233.7533	166.8777	117.4349	81.4278	55.6078	37.3846	24.7310
222	569.1700	422.6520	309.7207	223.8924	159.5952	112.1335	77.6253	52.9217	35.5167	23.4529
223	547.4847	405.9925	297.0910	214.4475	152.6305	107.0714	74.0003	50.3654	33.7421	22.2408
224	526.6257	389.9897	284.9762	205.4010	145.9697	102.2378	70.5447	47.9325	32.0562	21.0914
225	506.5613	374.6176	273.3555	196.7361	139.5996	97.6224	67.2504	45.6172	30.4546	20.0014
226	487.2614	359.8515	262.2086	188.4368	133.5075	93.2154	64.1100	43.4137	28.9329	18.9677
227	468.6969	345.6674	251.5163	180.4875	127.6813	89.0073	61.1162	41.3166	27.4873	17.9875
228	450.8396	332.0423	241.2600	172.8737	122.1093	84.9892	58.2622	39.3209	26.1139	17.0579
229	433.6627	318.9544	231.4220	165.5810	116.7805	81.1525	55.5415	37.4215	24.8092	16.1763
230	417.1402	306.3823	221.9851	158.5959	111.6842	77.4890	52.9478	35.6139	23.5696	15.3404
231	401.2473	294.3057	212.9330	151.9055	106.8103	73.9909	50.4753	33.8936	22.3920	14.5476
232	385.9598	282.7052	204.2500	145.4974	102.1491	70.6507	48.1182	32.2564	21.2732	13.7957
233	371.2548	271.5620	195.9212	139.3595	97.6913	67.4612	45.8712	30.6983	20.2103	13.0828
234	357.1101	260.8579	187.9319	133.4806	93.4281	64.4158	43.7291	29.2154	19.2005	12.4067
235	343.5043	250.5758	180.2685	127.8497	89.3509	61.5078	41.6870	27.8042	18.2411	11.7655
236	330.4168	240.6990	172.9175	122.4564	85.4517	58.7312	39.7403	26.4611	17.3297	11.1574
237	317.8280	231.2114	165.8663	117.2905	81.7226	56.0798	37.8846	25.1830	16.4639	10.5808
238	305.7188	222.0979	159.1026	112.3426	78.1562	53.5482	36.1154	23.9665	15.6412	10.0340
239	294.0710	213.3435	152.6148	107.6034	74.7455	51.1308	34.4289	22.8088	14.8597	9.5155
240	282.8669	204.9343	146.3915	103.0642	71.4836	48.8226	32.8212	21.7071	14.1173	9.0237
241	272.0898	196.8565	140.4219	98.7164	68.3641	46.6186	31.2885	20.6585	13.4119	8.5574
242	261.7232	189.0971	134.6958	94.5520	65.3807	44.5141	29.8274	19.6606	12.7418	8.1151
243	251.7516	181.6435	129.2032	90.5633	62.5275	42.5045	28.4345	18.7110	12.1052	7.6957
244	242.1599	174.4837	123.9346	86.7429	59.7988	40.5857	27.1067	17.8071	11.5003	7.2980
245	232.9337	167.6062	118.8808	83.0837	57.1892	38.7535	25.8409	16.9470	10.9257	6.9208
246	224.0589	160.9997	114.0331	79.5788	54.6934	37.0041	24.6342	16.1284	10.3798	6.5632
247	215.5223	154.6537	109.3831	76.2217	52.3066	35.3336	23.4838	15.3493	9.8612	6.2240
248	207.3110	148.5578	104.9227	73.0063	50.0240	33.7385	22.3872	14.6079	9.3685	5.9023
249	199.4125	142.7021	100.6441	69.9265	47.8409	32.2154	21.3417	13.9022	8.9004	5.5973
250	191.8149	137.0773	96.5401	66.9767	45.7532	30.7611	20.3451	13.2307	8.4557	5.3080
251	184.5068	131.6742	92.6034	64.1512	43.7565	29.3724	19.3950	12.5916	8.0332	5.0337
252	177.4771	126.4840	88.8272	61.4450	41.8470	28.0465	18.4893	11.9834	7.6319	4.7736
253	170.7153	121.4985	85.2050	58.8529	40.0208	26.7803	17.6259	11.4045	7.2505	4.5269
254	164.2110	116.7094	81.7306	56.3702	38.2743	25.5714	16.8028	10.8537	6.8883	4.2929
255	157.9546	112.1091	78.3978	53.9922	36.6040	24.4170	16.0182	10.3294	6.5441	4.0711
256	151.9366	107.6902	75.2009	51.7146	35.0066	23.3147	15.2702	9.8304	6.2171	3.8607
257	146.1478	103.4454	72.1343	49.5330	33.4789	22.2622	14.5571	9.3556	5.9065	3.6612
258	140.5796	99.3679	69.1928	47.4434	32.0179	21.2572	13.8773	8.9037	5.6114	3.4719
259	135.2236	95.4512	66.3713	45.4420	30.6206	20.2976	13.2293	8.4736	5.3310	3.2925
260	130.0716	91.6888	63.6648	43.5250	29.2844	19.3813	12.6115	8.0643	5.0647	3.1224
261	125.1159	88.0748	61.0687	41.6889	28.0064	18.5064	12.0226	7.6747	4.8116	2.9610
262	120.3490	84.6032	58.5785	39.9303	26.7842	17.6709	11.4611	7.3040	4.5712	2.8080
263	115.7637	81.2684	56.1898	38.2458	25.6153	16.8732	10.9259	6.9512	4.3428	2.6629
264	111.3531	78.0651	53.8985	36.6324	24.4975	16.1115	10.4157	6.6154	4.1258	2.5252
265	107.1106	74.9880	51.7006	35.0871	23.4284	15.3841	9.9293	6.2959	3.9197	2.3947
266	103.0297	72.0322	49.5924	33.6069	22.4060	14.6896	9.4656	5.9918	3.7238	2.2710
267	99.1043	69.1930	47.5701	32.1892	21.4282	14.0265	9.0236	5.7023	3.5378	2.1536
268	95.3284	66.4656	45.6303	30.8313	20.4931	13.3933	8.6022	5.4269	3.3610	2.0423
269	91.6965	63.8458	43.7696	29.5307	19.5988	12.7887	8.2005	5.1647	3.1931	1.9368
270	88.2028	61.3292	41.9847	28.2849	18.7435	12.2113	7.8176	4.9153	3.0335	1.8367
271	84.8423	58.9118	40.2727	27.0917	17.9255	11.6601	7.4525	4.6778	2.8820	1.7418
272	81.6098	56.5897	38.6305	25.9488	17.1433	11.1337	7.1045	4.4519	2.7380	1.6517
273	78.5005	54.3591	37.0552	24.8542	16.3951	10.6311	6.7727	4.2368	2.6012	1.5664
274	75.5097	52.2165	35.5442	23.8057	15.6797	10.1512	6.4565	4.0322	2.4712	1.4854
275	72.6328	50.1583	34.0947	22.8015	14.9954	9.6929	6.1550	3.8374	2.3477	1.4087
276	69.8655	48.1812	32.7044	21.8396	14.3410	9.2553	5.8675	3.6520	2.2304	1.3359
277	67.2036	46.2821	31.3708	20.9183	13.7152	8.8375	5.5935	3.4756	2.1190	1.2668
278	64.6432	44.4578	30.0916	20.0358	13.1166	8.4386	5.3323	3.3077	2.0131	1.2014
279	62.1803	42.7054	28.8645	19.1906	12.5442	8.0576	5.0833	3.1480	1.9125	1.1393
280	59.8112	41.0221	27.6875	18.3811	11.9968	7.6939	4.8459	2.9959	1.8170	1.0804
281	57.5324	39.4052	26.5584	17.6057	11.4733	7.3465	4.6196	2.8512	1.7262	1.0246
282	55.3404	37.8520	25.4754	16.8630	10.9726	7.0149	4.4039	2.7135	1.6399	0.9716
283	53.2320	36.3600	24.4366	16.1516	10.4937	6.6982	4.1983	2.5824	1.5580	0.9214
284	51.2039	34.9268	23.4401	15.4702	10.0358	6.3958	4.0022	2.4577	1.4802	0.8738
285	49.2530	33.5501	22.4843	14.8176	9.5978	6.1071	3.8153	2.3389	1.4062	0.8286
286	47.3765	32.2277	21.5674	14.1925	9.1790	5.8314	3.6372	2.2260	1.3359	0.7858
287	45.5714	30.9574	20.6880	13.5938	8.7784	5.5682	3.4673	2.1184	1.2692	0.7452
288	43.8352	29.7371	19.8444	13.0204	8.3953	5.3168	3.3054	2.0161	1.2058	0.7067
289	42.1651	28.5650	19.0351	12.4711	8.0289	5.0768	3.1510	1.9187	1.1455	0.6702
290	40.5586	27.4391	18.2589	11.9450	7.6786	4.8476	3.0039	1.8260	1.0883	0.6355
291	39.0133	26.3575	17.5144	11.4411	7.3435	4.6287	2.8636	1.7378	1.0339	0.6027
292	37.5269	25.3186	16.8002	10.9585	7.0230	4.4198	2.7299	1.6539	0.9823	0.5715
293	36.0971	24.3206	16.1151	10.4962	6.7165	4.2203	2.6024	1.5740	0.9332	0.5420
294	34.7218	23.3620	15.4580	10.0534	6.4234	4.0297	2.4809	1.4980	0.8866	0.5140
295	33.3989	22.4411	14.8276	9.6293	6.1431	3.8478	2.3650	1.4256	0.8423	0.4874
296	32.1265	21.5566	14.2230	9.2231	5.8750	3.6741	2.2546	1.3567	0.8002	0.4622
297	30.9024	20.7069	13.6430	8.8340	5.6186	3.5083	2.1493	1.2912	0.7602	0.4383
298	29.7251	19.8907	13.0867	8.4613	5.3734	3.3499	2.0489	1.2288	0.7222	0.4157
299	28.5925	19.1067	12.5530	8.1044	5.1389	3.1987	1.9533	1.1695	0.6861	0.3942
300	27.5032	18.3536	12.0411	7.7625	4.9147	3.0543	1.8620	1.1130	0.6518	0.3738
301	26.4553	17.6301	11.5501	7.4350	4.7002	2.9164	1.7751	1.0592	0.6193	0.3545
302	25.4474	16.9352	11.0791	7.1214	4.4951	2.7847	1.6922	1.0081	0.5883	0.3362
303	24.4778	16.2677	10.6273	6.8210	4.2989	2.6590	1.6132	0.9594	0.5589	0.3188
304	23.5452	15.6265	10.1940	6.5332	4.1113	2.5390	1.5378	0.9130	0.5310	0.3023
305	22.6482	15.0105	9.7783	6.2576	3.9319	2.4244	1.4660	0.8689	0.5045	0.2867
306	21.7853	14.4189	9.3796	5.9937	3.7603	2.3149	1.3976	0.8270	0.4793	0.2719
307	20.9553	13.8505	8.9971	5.7408	3.5962	2.2104	1.3323	0.7870	0.4553	0.2578
308	20.1569	13.3046	8.6302	5.4986	3.4393	2.1106	1.2701	0.7490	0.4326	0.2445
309	19.3889	12.7801	8.2783	5.2667	3.2892	2.0153	1.2108	0.7128	0.4110	0.2319
310	18.6502	12.2764	7.9407	5.0445	3.1456	1.9244	1.1542	0.6784	0.3904	0.2199
311	17.9396	11.7925	7.6169	4.8317	3.0084	1.8375	1.1003	0.6456	0.3709	0.2085
312	17.2561	11.3277	7.3063	4.6279	2.8771	1.7545	1.0490	0.6144	0.3524	0.1978
313	16.5987	10.8812	7.0084	4.4326	2.7515	1.6753	1.0000	0.5847	0.3348	0.1875
314	15.9663	10.4523	6.7226	4.2457	2.6315	1.5997	0.9533	0.5565	0.3181	0.1778
315	15.3579	10.0403	6.4484	4.0665	2.5166	1.5275	0.9088	0.5296	0.3022	0.1687
316	14.7728	9.6445	6.1855	3.8950	2.4068	1.4585	0.8663	0.5040	0.2871	0.1599
317	14.2100	9.2644	5.9333	3.7307	2.3018	1.3927	0.8259	0.4797	0.2727	0.1517
318	13.6686	8.8992	5.6913	3.5733	2.2013	1.3298	0.7873	0.4565	0.2591	0.1438
319	13.1478	8.5484	5.4592	3.4226	2.1052	1.2698	0.7505	0.4345	0.2462	0.1364
320	12.6469	8.2115	5.2366	3.2782	2.0134	1.2125	0.7155	0.4135	0.2339	0.1294
321	12.1650	7.8878	5.0231	3.1399	1.9255	1.1577	0.6821	0.3935	0.2222	0.1227
322	11.7015	7.5769	4.8183	3.0074	1.8415	1.1055	0.6502	0.3745	0.2111	0.1163
323	11.2557	7.2783	4.6218	2.8806	1.7611	1.0556	0.6199	0.3564	0.2005	0.1103
324	10.8269	6.9914	4.4333	2.7591	1.6843	1.0079	0.5909	0.3392	0.1905	0.1046
325	10.4144	6.7158	4.2525	2.6427	1.6108	0.9624	0.5633	0.3228	0.1810	0.0992
326	10.0176	6.4511	4.0791	2.5312	1.5405	0.9190	0.5370	0.3072	0.1719	0.0941
327	9.6359	6.1968	3.9128	2.4244	1.4732	0.8775	0.5119	0.2924	0.1634	0.0892
328	9.2688	5.9525	3.7532	2.3221	1.4090	0.8379	0.4880	0.2783	0.1552	0.0846
329	8.9157	5.7179	3.6002	2.2242	1.3475	0.8000	0.4652	0.2648	0.1474	0.0802
330	8.5760	5.4925	3.4534	2.1303	1.2887	0.7639	0.4435	0.2520	0.1401	0.0761
331	8.2492	5.2760	3.3125	2.0405	1.2324	0.7294	0.4228	0.2398	0.1331	0.0722
332	7.9349	5.0681	3.1775	1.9544	1.1786	0.6965	0.4031	0.2283	0.1264	0.0684
333	7.6326	4.8683	3.0479	1.8719	1.1272	0.6651	0.3842	0.2172	0.1201	0.0649
334	7.3418	4.6764	2.9236	1.7930	1.0780	0.6350	0.3663	0.2067	0.1141	0.0615
335	7.0621	4.4921	2.8044	1.7173	1.0310	0.6064	0.3492	0.1968	0.1084	0.0584
336	6.7930	4.3150	2.6900	1.6449	0.9860	0.5790	0.3329	0.1873	0.1030	0.0553
337	6.5342	4.1449	2.5803	1.5755	0.9430	0.5529	0.3173	0.1782	0.0978	0.0525
338	6.2853	3.9816	2.4751	1.5090	0.9018	0.5279	0.3025	0.1696	0.0930	0.0498
339	6.0458	3.8246	2.3742	1.4454	0.8624	0.5041	0.2884	0.1614	0.0883	0.0472
340	5.8154	3.6739	2.2774	1.3844	0.8248	0.4813	0.2749	0.1536	0.0839	0.0448
341	5.5939	3.5291	2.1845	1.3260	0.7888	0.4596	0.2621	0.1462	0.0797	0.0424
342	5.3808	3.3900	2.0954	1.2701	0.7544	0.4388	0.2498	0.1391	0.0757	0.0403
343	5.1758	3.2563	2.0100	1.2165	0.7215	0.4190	0.2382	0.1324	0.0719	0.0382
344	4.9786	3.1280	1.9280	1.1652	0.6900	0.4001	0.2271	0.1260	0.0683	0.0362
345	4.7889	3.0047	1.8494	1.1160	0.6599	0.3821	0.2165	0.1199	0.0649	0.0343
346	4.6064	2.8863	1.7740	1.0689	0.6311	0.3648	0.2063	0.1141	0.0617	0.0326
347	4.4309	2.7725	1.7016	1.0238	0.6035	0.3483	0.1967	0.1086	0.0586	0.0309
348	4.2621	2.6632	1.6323	0.9807	0.5772	0.3326	0.1875	0.1034	0.0557	0.0293
349	4.0997	2.5582	1.5657	0.9393	0.5520	0.3176	0.1788	0.0984	0.0529	0.0278
350	3.9435	2.4574	1.5019	0.8997	0.5279	0.3033	0.1704	0.0936	0.0503	0.0263
351	3.7933	2.3605	1.4406	0.8617	0.5049	0.2896	0.1625	0.0891	0.0477	0.0250
352	3.6487	2.2675	1.3819	0.8254	0.4828	0.2765	0.1549	0.0848	0.0454	0.0237
353	3.5097	2.1781	1.3255	0.7905	0.4618	0.2640	0.1476	0.0807	0.0431	0.0225
354	3.3760	2.0923	1.2715	0.7572	0.4416	0.2521	0.1407	0.0768	0.0409	0.0213
355	3.2474	2.0098	1.2196	0.7253	0.4224	0.2407	0.1342	0.0731	0.0389	0.0202
356	3.1237	1.9306	1.1699	0.6947	0.4039	0.2298	0.1279	0.0696	0.0369	0.0191
357	3.0046	1.8545	1.1222	0.6654	0.3863	0.2195	0.1219	0.0662	0.0351	0.0182
358	2.8902	1.7814	1.0764	0.6373	0.3694	0.2096	0.1162	0.0630	0.0333	0.0172
359	2.7801	1.7112	1.0325	0.6104	0.3533	0.2001	0.1108	0.0600	0.0317	0.0163
360	2.6741	1.6437	0.9904	0.5847	0.3379	0.1911	0.1056	0.0571	0.0301	0.0155
361	2.5723	1.5789	0.9500	0.5600	0.3232	0.1824	0.1007	0.0543	0.0286	0.0147
362	2.4742	1.5167	0.9113	0.5364	0.3090	0.1742	0.0960	0.0517	0.0272	0.0139
363	2.3800	1.4569	0.8741	0.5137	0.2956	0.1663	0.0915	0.0492	0.0258	0.0132
364	2.2893	1.3995	0.8385	0.4921	0.2827	0.1588	0.0872	0.0468	0.0245	0.0125
365	2.2021	1.3443	0.8043	0.4713	0.2703	0.1517	0.0832	0.0446	0.0233	0.0119
366	2.1182	1.2913	0.7715	0.4514	0.2585	0.1448	0.0793	0.0424	0.0221	0.0113
367	2.0375	1.2404	0.7400	0.4324	0.2472	0.1383	0.0756	0.0404	0.0210	0.0107
368	1.9599	1.1915	0.7099	0.4141	0.2365	0.1320	0.0721	0.0384	0.0200	0.0101
369	1.8852	1.1446	0.6809	0.3967	0.2261	0.1261	0.0687	0.0365	0.0190	0.0096
370	1.8134	1.0995	0.6531	0.3799	0.2163	0.1204	0.0655	0.0348	0.0180	0.0091
371	1.7443	1.0561	0.6265	0.3639	0.2068	0.1150	0.0624	0.0331	0.0171	0.0086
372	1.6778	1.0145	0.6010	0.3486	0.1978	0.1098	0.0595	0.0315	0.0163	0.0082
373	1.6139	0.9745	0.5765	0.3339	0.1892	0.1048	0.0567	0.0300	0.0155	0.0078
374	1.5524	0.9361	0.5530	0.3198	0.1809	0.1001	0.0541	0.0285	0.0147	0.0074
375	1.4933	0.8992	0.5304	0.3063	0.1730	0.0956	0.0516	0.0272	0.0140	0.0070
376	1.4364	0.8637	0.5088	0.2934	0.1655	0.0912	0.0491	0.0258	0.0133	0.0066
377	1.3816	0.8297	0.4880	0.2810	0.1583	0.0871	0.0469	0.0246	0.0126	0.0063
378	1.3290	0.7970	0.4681	0.2691	0.1513	0.0832	0.0447	0.0234	0.0120	0.0060
379	1.2784	0.7656	0.4490	0.2578	0.1447	0.0794	0.0426	0.0223	0.0114	0.0057
380	1.2297	0.7354	0.4307	0.2469	0.1384	0.0758	0.0406	0.0212	0.0108	0.0054
381	1.1828	0.7064	0.4132	0.2365	0.1324	0.0724	0.0387	0.0202	0.0103	0.0051
382	1.1377	0.6786	0.3963	0.2265	0.1266	0.0692	0.0369	0.0192	0.0097	0.0048
383	1.0944	0.6518	0.3802	0.2170	0.1211	0.0660	0.0352	0.0183	0.0093	0.0046
384	1.0527	0.6261	0.3647	0.2078	0.1158	0.0631	0.0335	0.0174	0.0088	0.0043
385	1.0126	0.6015	0.3498	0.1990	0.1107	0.0602	0.0320	0.0166	0.0084	0.0041
386	0.9740	0.5777	0.3355	0.1906	0.1059	0.0575	0.0305	0.0158	0.0079	0.0039
387	0.9369	0.5550	0.3218	0.1826	0.1013	0.0549	0.0290	0.0150	0.0075	0.0037
388	0.9012	0.5331	0.3087	0.1749	0.0969	0.0524	0.0277	0.0143	0.0072	0.0035
389	0.8669	0.5121	0.2961	0.1675	0.0926	0.0500	0.0264	0.0136	0.0068	0.0033
390	0.8338	0.4919	0.2840	0.1605	0.0886	0.0478	0.0252	0.0129	0.0065	0.0032
391	0.8021	0.4725	0.2725	0.1537	0.0847	0.0456	0.0240	0.0123	0.0061	0.0030
392	0.7715	0.4539	0.2614	0.1472	0.0810	0.0436	0.0229	0.0117	0.0058	0.0028
393	0.7421	0.4360	0.2507	0.1410	0.0775	0.0416	0.0218	0.0111	0.0055	0.0027
394	0.7138	0.4188	0.2405	0.1350	0.0741	0.0397	0.0208	0.0106	0.0053	0.0025
395	0.6866	0.4023	0.2307	0.1293	0.0709	0.0379	0.0198	0.0101	0.0050	0.0024
396	0.6605	0.3864	0.2213	0.1239	0.0678	0.0362	0.0189	0.0096	0.0048	0.0023
397	0.6353	0.3712	0.2122	0.1187	0.0648	0.0346	0.0180	0.0091	0.0045	0.0022
398	0.6111	0.3566	0.2036	0.1137	0.0620	0.0330	0.0172	0.0087	0.0043	0.0021
399	0.5878	0.3425	0.1953	0.1089	0.0593	0.0315	0.0164	0.0083	0.0041	0.0020
400	0.5654	0.3290	0.1873	0.1043	0.0567	0.0301	0.0156	0.0079	0.0039	0.0019
401	0.5439	0.3161	0.1797	0.0999	0.0542	0.0288	0.0149	0.0075	0.0037	0.0018
402	0.5232	0.3036	0.1724	0.0957	0.0519	0.0275	0.0142	0.0071	0.0035	0.0017
403	0.5032	0.2916	0.1653	0.0916	0.0496	0.0262	0.0135	0.0068	0.0033	0.0016
404	0.4841	0.2801	0.1586	0.0878	0.0474	0.0250	0.0129	0.0065	0.0032	0.0015
405	0.4656	0.2691	0.1521	0.0841	0.0454	0.0239	0.0123	0.0061	0.0030	0.0014
406	0.4479	0.2585	0.1459	0.0805	0.0434	0.0228	0.0117	0.0059	0.0028	0.0013
407	0.4308	0.2483	0.1400	0.0771	0.0415	0.0218	0.0112	0.0056	0.0027	0.0013
408	0.4144	0.2385	0.1343	0.0739	0.0397	0.0208	0.0106	0.0053	0.0026	0.0012
409	0.3986	0.2291	0.1288	0.0707	0.0380	0.0199	0.0101	0.0050	0.0024	0.0012
410	0.3834	0.2201	0.1235	0.0678	0.0363	0.0190	0.0097	0.0048	0.0023	0.0011
411	0.3688	0.2114	0.1185	0.0649	0.0347	0.0181	0.0092	0.0046	0.0022	0.0010
412	0.3548	0.2031	0.1137	0.0622	0.0332	0.0173	0.0088	0.0043	0.0021	0.0010
413	0.3413	0.1951	0.1090	0.0595	0.0317	0.0165	0.0084	0.0041	0.0020	0.0009
414	0.3282	0.1874	0.1046	0.0570	0.0304	0.0158	0.0080	0.0039	0.0019	0.0009
415	0.3157	0.1800	0.1003	0.0546	0.0290	0.0151	0.0076	0.0037	0.0018	0.0008
416	0.3037	0.1729	0.0962	0.0523	0.0278	0.0144	0.0073	0.0036	0.0017	0.0008
417	0.2921	0.1661	0.0923	0.0501	0.0266	0.0137	0.0069	0.0034	0.0016	0.0008
418	0.2810	0.1595	0.0885	0.0480	0.0254	0.0131	0.0066	0.0032	0.0015	0.0007
419	0.2703	0.1532	0.0849	0.0460	0.0243	0.0125	0.0063	0.0031	0.0015	0.0007
420	0.2600	0.1472	0.0815	0.0440	0.0232	0.0120	0.0060	0.0029	0.0014	0.0006
421	0.2501	0.1414	0.0781	0.0422	0.0222	0.0114	0.0057	0.0028	0.0013	0.0006
422	0.2406	0.1358	0.0750	0.0404	0.0212	0.0109	0.0054	0.0027	0.0013	0.0006
423	0.2314	0.1305	0.0719	0.0387	0.0203	0.0104	0.0052	0.0025	0.0012	0.0005
424	0.2226	0.1253	0.0690	0.0371	0.0194	0.0099	0.0049	0.0024	0.0011	0.0005
425	0.2141	0.1204	0.0662	0.0355	0.0186	0.0095	0.0047	0.0023	0.0011	0.0005
426	0.2060	0.1156	0.0635	0.0340	0.0178	0.0091	0.0045	0.0022	0.0010	0.0005
427	0.1981	0.1111	0.0609	0.0326	0.0170	0.0087	0.0043	0.0021	0.0010	0.0004
428	0.1906	0.1067	0.0584	0.0312	0.0163	0.0083	0.0041	0.0020	0.0009	0.0004
429	0.1833	0.1025	0.0560	0.0299	0.0155	0.0079	0.0039	0.0019	0.0009	0.0004
430	0.1763	0.0985	0.0537	0.0286	0.0149	0.0075	0.0037	0.0018	0.0008	0.0004
431	0.1696	0.0946	0.0515	0.0274	0.0142	0.0072	0.0035	0.0017	0.0008	0.0004
432	0.1631	0.0909	0.0494	0.0263	0.0136	0.0069	0.0034	0.0016	0.0008	0.0003
433	0.1569	0.0873	0.0474	0.0251	0.0130	0.0066	0.0032	0.0015	0.0007	0.0003
434	0.1509	0.0838	0.0455	0.0241	0.0124	0.0063	0.0031	0.0015	0.0007	0.0003
435	0.1452	0.0805	0.0436	0.0231	0.0119	0.0060	0.0029	0.0014	0.0006	0.0003
436	0.1397	0.0774	0.0418	0.0221	0.0114	0.0057	0.0028	0.0013	0.0006	0.0003
437	0.1343	0.0743	0.0401	0.0212	0.0109	0.0055	0.0027	0.0013	0.0006	0.0003
438	0.1292	0.0714	0.0385	0.0203	0.0104	0.0052	0.0025	0.0012	0.0006	0.0002
439	0.1243	0.0686	0.0369	0.0194	0.0100	0.0050	0.0024	0.0011	0.0005	0.0002
440	0.1196	0.0659	0.0354	0.0186	0.0095	0.0047	0.0023	0.0011	0.0005	0.0002
441	0.1150	0.0633	0.0340	0.0178	0.0091	0.0045	0.0022	0.0010	0.0005	0.0002
442	0.1106	0.0608	0.0326	0.0171	0.0087	0.0043	0.0021	0.0010	0.0005	0.0002
443	0.1064	0.0584	0.0313	0.0163	0.0083	0.0041	0.0020	0.0009	0.0004	0.0002
444	0.1024	0.0561	0.0300	0.0157	0.0080	0.0039	0.0019	0.0009	0.0004	0.0002
445	0.0985	0.0539	0.0288	0.0150	0.0076	0.0038	0.0018	0.0008	0.0004	0.0002
446	0.0947	0.0517	0.0276	0.0144	0.0073	0.0036	0.0017	0.0008	0.0004	0.0002
447	0.0911	0.0497	0.0265	0.0138	0.0070	0.0034	0.0016	0.0008	0.0003	0.0002
448	0.0876	0.0477	0.0254	0.0132	0.0067	0.0033	0.0016	0.0007	0.0003	0.0001
449	0.0843	0.0459	0.0244	0.0126	0.0064	0.0031	0.0015	0.0007	0.0003	0.0001
450	0.0811	0.0441	0.0234	0.0121	0.0061	0.0030	0.0014	0.0007	0.0003	0.0001
451	0.0780	0.0423	0.0224	0.0116	0.0058	0.0029	0.0014	0.0006	0.0003	0.0001
452	0.0750	0.0406	0.0215	0.0111	0.0056	0.0027	0.0013	0.0006	0.0003	0.0001
453	0.0722	0.0390	0.0206	0.0106	0.0053	0.0026	0.0012	0.0006	0.0003	0.0001
454	0.0694	0.0375	0.0198	0.0102	0.0051	0.0025	0.0012	0.0005	0.0002	0.0001
455	0.0668	0.0360	0.0190	0.0097	0.0049	0.0024	0.0011	0.0005	0.0002	0.0001
456	0.0642	0.0346	0.0182	0.0093	0.0047	0.0023	0.0011	0.0005	0.0002	0.0001
457	0.0618	0.0332	0.0175	0.0089	0.0045	0.0022	0.0010	0.0005	0.0002	0.0001
458	0.0594	0.0319	0.0167	0.0086	0.0043	0.0021	0.0010	0.0004	0.0002	0.0001
459	0.0572	0.0307	0.0161	0.0082	0.0041	0.0020	0.0009	0.0004	0.0002	0.0001
460	0.0550	0.0295	0.0154	0.0079	0.0039	0.0019	0.0009	0.0004	0.0002	0.0001
461	0.0529	0.0283	0.0148	0.0075	0.0037	0.0018	0.0008	0.0004	0.0002	0.0001
462	0.0509	0.0272	0.0142	0.0072	0.0036	0.0017	0.0008	0.0004	0.0002	0.0001
463	0.0489	0.0261	0.0136	0.0069	0.0034	0.0016	0.0008	0.0003	0.0002	0.0001
464	0.0471	0.0251	0.0130	0.0066	0.0033	0.0016	0.0007	0.0003	0.0001	0.0001
465	0.0453	0.0241	0.0125	0.0063	0.0031	0.0015	0.0007	0.0003	0.0001	0.0001
466	0.0435	0.0231	0.0120	0.0061	0.0030	0.0014	0.0007	0.0003	0.0001	0.0001
467	0.0419	0.0222	0.0115	0.0058	0.0029	0.0014	0.0006	0.0003	0.0001	0.0001
468	0.0403	0.0214	0.0110	0.0056	0.0027	0.0013	0.0006	0.0003	0.0001	0.0001
469	0.0388	0.0205	0.0106	0.0053	0.0026	0.0012	0.0006	0.0003	0.0001	0.0000
470	0.0373	0.0197	0.0102	0.0051	0.0025	0.0012	0.0005	0.0002	0.0001	0.0000
471	0.0359	0.0189	0.0097	0.0049	0.0024	0.0011	0.0005	0.0002	0.0001	0.0000
472	0.0345	0.0182	0.0093	0.0047	0.0023	0.0011	0.0005	0.0002	0.0001	0.0000
473	0.0332	0.0175	0.0090	0.0045	0.0022	0.0010	0.0005	0.0002	0.0001	0.0000
474	0.0319	0.0168	0.0086	0.0043	0.0021	0.0010	0.0005	0.0002	0.0001	0.0000
475	0.0307	0.0161	0.0083	0.0041	0.0020	0.0009	0.0004	0.0002	0.0001	0.0000
476	0.0295	0.0155	0.0079	0.0039	0.0019	0.0009	0.0004	0.0002	0.0001	0.0000
477	0.0284	0.0149	0.0076	0.0038	0.0018	0.0009	0.0004	0.0002	0.0001	0.0000
478	0.0273	0.0143	0.0073	0.0036	0.0017	0.0008	0.0004	0.0002	0.0001	0.0000
479	0.0263	0.0137	0.0070	0.0035	0.0017	0.0008	0.0004	0.0002	0.0001	0.0000
480	0.0253	0.0132	0.0067	0.0033	0.0016	0.0007	0.0003	0.0002	0.0001	0.0000
481	0.0243	0.0127	0.0064	0.0032	0.0015	0.0007	0.0003	0.0001	0.0001	0.0000
482	0.0234	0.0122	0.0062	0.0030	0.0015	0.0007	0.0003	0.0001	0.0001	0.0000
483	0.0225	0.0117	0.0059	0.0029	0.0014	0.0007	0.0003	0.0001	0.0001	0.0000
484	0.0216	0.0112	0.0057	0.0028	0.0013	0.0006	0.0003	0.0001	0.0001	0.0000
485	0.0208	0.0108	0.0054	0.0027	0.0013	0.0006	0.0003	0.0001	0.0000	0.0000
486	0.0200	0.0104	0.0052	0.0026	0.0012	0.0006	0.0003	0.0001	0.0000	0.0000
487	0.0193	0.0099	0.0050	0.0025	0.0012	0.0005	0.0002	0.0001	0.0000	0.0000
488	0.0185	0.0096	0.0048	0.0023	0.0011	0.0005	0.0002	0.0001	0.0000	0.0000
489	0.0178	0.0092	0.0046	0.0023	0.0011	0.0005	0.0002	0.0001	0.0000	0.0000
490	0.0171	0.0088	0.0044	0.0022	0.0010	0.0005	0.0002	0.0001	0.0000	0.0000
491	0.0165	0.0085	0.0042	0.0021	0.0010	0.0004	0.0002	0.0001	0.0000	0.0000
492	0.0159	0.0081	0.0041	0.0020	0.0009	0.0004	0.0002	0.0001	0.0000	0.0000
493	0.0153	0.0078	0.0039	0.0019	0.0009	0.0004	0.0002	0.0001	0.0000	0.0000
494	0.0147	0.0075	0.0037	0.0018	0.0009	0.0004	0.0002	0.0001	0.0000	0.0000
495	0.0141	0.0072	0.0036	0.0017	0.0008	0.0004	0.0002	0.0001	0.0000	0.0000
496	0.0136	0.0069	0.0034	0.0017	0.0008	0.0004	0.0002	0.0001	0.0000	0.0000
497	0.0131	0.0067	0.0033	0.0016	0.0007	0.0003	0.0002	0.0001	0.0000	0.0000
498	0.0126	0.0064	0.0032	0.0015	0.0007	0.0003	0.0001	0.0001	0.0000	0.0000
499	0.0121	0.0061	0.0030	0.0015	0.0007	0.0003	0.0001	0.0001	0.0000	0.0000
500	0.0116	0.0059	0.0029	0.0014	0.0007	0.0003	0.0001	0.0001	0.0000	0.0000
501	0.0112	0.0057	0.0028	0.0013	0.0006	0.0003	0.0001	0.0001	0.0000	0.0000
502	0.0108	0.0054	0.0027	0.0013	0.0006	0.0003	0.0001	0.0001	0.0000	0.0000
503	0.0103	0.0052	0.0026	0.0012	0.0006	0.0003	0.0001	0.0000	0.0000	0.0000
504	0.0100	0.0050	0.0025	0.0012	0.0005	0.0002	0.0001	0.0000	0.0000	0.0000
505	0.0096	0.0048	0.0024	0.0011	0.0005	0.0002	0.0001	0.0000	0.0000	0.0000
506	0.0092	0.0046	0.0023	0.0011	0.0005	0.0002	0.0001	0.0000	0.0000	0.0000
507	0.0089	0.0045	0.0022	0.0010	0.0005	0.0002	0.0001	0.0000	0.0000	0.0000
508	0.0085	0.0043	0.0021	0.0010	0.0005	0.0002	0.0001	0.0000	0.0000	0.0000
509	0.0082	0.0041	0.0020	0.0010	0.0004	0.0002	0.0001	0.0000	0.0000	0.0000
510	0.0079	0.0039	0.0019	0.0009	0.0004	0.0002	0.0001	0.0000	0.0000	0.0000
511	0.0076	0.0038	0.0018	0.0009	0.0004	0.0002	0.0001	0.0000	0.0000	0.0000
512	0.0073	0.0036	0.0018	0.0008	0.0004	0.0002	0.0001	0.0000	0.0000	0.0000
513	0.0070	0.0035	0.0017	0.0008	0.0004	0.0002	0.0001	0.0000	0.0000	0.0000
514	0.0067	0.0034	0.0016	0.0008	0.0004	0.0002	0.0001	0.0000	0.0000	0.0000
515	0.0065	0.0032	0.0016	0.0007	0.0003	0.0001	0.0001	0.0000	0.0000	0.0000
516	0.0062	0.0031	0.0015	0.0007	0.0003	0.0001	0.0001	0.0000	0.0000	0.0000
517	0.0060	0.0030	0.0014	0.0007	0.0003	0.0001	0.0001	0.0000	0.0000	0.0000
518	0.0058	0.0029	0.0014	0.0006	0.0003	0.0001	0.0001	0.0000	0.0000	0.0000
519	0.0056	0.0027	0.0013	0.0006	0.0003	0.0001	0.0001	0.0000	0.0000	0.0000
520	0.0053	0.0026	0.0013	0.0006	0.0003	0.0001	0.0001	0.0000	0.0000	0.0000
521	0.0051	0.0025	0.0012	0.0006	0.0003	0.0001	0.0000	0.0000	0.0000	0.0000
522	0.0049	0.0024	0.0012	0.0005	0.0002	0.0001	0.0000	0.0000	0.0000	0.0000
523	0.0048	0.0023	0.0011	0.0005	0.0002	0.0001	0.0000	0.0000	0.0000	0.0000
524	0.0046	0.0022	0.0011	0.0005	0.0002	0.0001	0.0000	0.0000	0.0000	0.0000
525	0.0044	0.0022	0.0010	0.0005	0.0002	0.0001	0.0000	0.0000	0.0000	0.0000
526	0.0042	0.0021	0.0010	0.0005	0.0002	0.0001	0.0000	0.0000	0.0000	0.0000
527	0.0041	0.0020	0.0009	0.0004	0.0002	0.0001	0.0000	0.0000	0.0000	0.0000
528	0.0039	0.0019	0.0009	0.0004	0.0002	0.0001	0.0000	0.0000	0.0000	0.0000
529	0.0038	0.0018	0.0009	0.0004	0.0002	0.0001	0.0000	0.0000	0.0000	0.0000
530	0.0036	0.0018	0.0008	0.0004	0.0002	0.0001	0.0000	0.0000	0.0000	0.0000
531	0.0035	0.0017	0.0008	0.0004	0.0002	0.0001	0.0000	0.0000	0.0000	0.0000
532	0.0034	0.0016	0.0008	0.0004	0.0002	0.0001	0.0000	0.0000	0.0000	0.0000
533	0.0032	0.0016	0.0007	0.0003	0.0002	0.0001	0.0000	0.0000	0.0000	0.0000
534	0.0031	0.0015	0.0007	0.0003	0.0001	0.0001	0.0000	0.0000	0.0000	0.0000
535	0.0030	0.0014	0.0007	0.0003	0.0001	0.0001	0.0000	0.0000	0.0000	0.0000
536	0.0029	0.0014	0.0007	0.0003	0.0001	0.0001	0.0000	0.0000	0.0000	0.0000
537	0.0028	0.0013	0.0006	0.0003	0.0001	0.0001	0.0000	0.0000	0.0000	0.0000
538	0.0027	0.0013	0.0006	0.0003	0.0001	0.0001	0.0000	0.0000	0.0000	0.0000
539	0.0026	0.0012	0.0006	0.0003	0.0001	0.0000	0.0000	0.0000	0.0000	0.0000
540	0.0025	0.0012	0.0006	0.0002	0.0001	0.0000	0.0000	0.0000	0.0000	0.0000
541	0.0024	0.0011	0.0005	0.0002	0.0001	0.0000	0.0000	0.0000	0.0000	0.0000
542	0.0023	0.0011	0.0005	0.0002	0.0001	0.0000	0.0000	0.0000	0.0000	0.0000
543	0.0022	0.0010	0.0005	0.0002	0.0001	0.0000	0.0000	0.0000	0.0000	0.0000
544	0.0021	0.0010	0.0005	0.0002	0.0001	0.0000	0.0000	0.0000	0.0000	0.0000
545	0.0020	0.0010	0.0004	0.0002	0.0001	0.0000	0.0000	0.0000	0.0000	0.0000
546	0.0019	0.0009	0.0004	0.0002	0.0001	0.0000	0.0000	0.0000	0.0000	0.0000
547	0.0019	0.0009	0.0004	0.0002	0.0001	0.0000	0.0000	0.0000	0.0000	0.0000
548	0.0018	0.0009	0.0004	0.0002	0.0001	0.0000	0.0000	0.0000	0.0000	0.0000
549	0.0017	0.0008	0.0004	0.0002	0.0001	0.0000	0.0000	0.0000	0.0000	0.0000
550	0.0017	0.0008	0.0004	0.0002	0.0001	0.0000	0.0000	0.0000	0.0000	0.0000
551	0.0016	0.0008	0.0003	0.0002	0.0001	0.0000	0.0000	0.0000	0.0000	0.0000
552	0.0015	0.0007	0.0003	0.0001	0.0001	0.0000	0.0000	0.0000	0.0000	0.0000
553	0.0015	0.0007	0.0003	0.0001	0.0001	0.0000	0.0000	0.0000	0.0000	0.0000
554	0.0014	0.0007	0.0003	0.0001	0.0001	0.0000	0.0000	0.0000	0.0000	0.0000
555	0.0014	0.0006	0.0003	0.0001	0.0001	0.0000	0.0000	0.0000	0.0000	0.0000
556	0.0013	0.0006	0.0003	0.0001	0.0001	0.0000	0.0000	0.0000	0.0000	0.0000
557	0.0013	0.0006	0.0003	0.0001	0.0001	0.0000	0.0000	0.0000	0.0000	0.0000
558	0.0012	0.0006	0.0003	0.0001	0.0000	0.0000	0.0000	0.0000	0.0000	0.0000
559	0.0012	0.0005	0.0002	0.0001	0.0000	0.0000	0.0000	0.0000	0.0000	0.0000
560	0.0011	0.0005	0.0002	0.0001	0.0000	0.0000	0.0000	0.0000	0.0000	0.0000
561	0.0011	0.0005	0.0002	0.0001	0.0000	0.0000	0.0000	0.0000	0.0000	0.0000
562	0.0010	0.0005	0.0002	0.0001	0.0000	0.0000	0.0000	0.0000	0.0000	0.0000
563	0.0010	0.0005	0.0002	0.0001	0.0000	0.0000	0.0000	0.0000	0.0000	0.0000
564	0.0010	0.0004	0.0002	0.0001	0.0000	0.0000	0.0000	0.0000	0.0000	0.0000
565	0.0009	0.0004	0.0002	0.0001	0.0000	0.0000	0.0000	0.0000	0.0000	0.0000
566	0.0009	0.0004	0.0002	0.0001	0.0000	0.0000	0.0000	0.0000	0.0000	0.0000
567	0.0009	0.0004	0.0002	0.0001	0.0000	0.0000	0.0000	0.0000	0.0000	0.0000
568	0.0008	0.0004	0.0002	0.0001	0.0000	0.0000	0.0000	0.0000	0.0000	0.0000
569	0.0008	0.0004	0.0002	0.0001	0.0000	0.0000	0.0000	0.0000	0.0000	0.0000
570	0.0008	0.0004	0.0002	0.0001	0.0000	0.0000	0.0000	0.0000	0.0000	0.0000
571	0.0007	0.0003	0.0002	0.0001	0.0000	0.0000	0.0000	0.0000	0.0000	0.0000
572	0.0007	0.0003	0.0001	0.0001	0.0000	0.0000	0.0000	0.0000	0.0000	0.0000
573	0.0007	0.0003	0.0001	0.0001	0.0000	0.0000	0.0000	0.0000	0.0000	0.0000
574	0.0007	0.0003	0.0001	0.0001	0.0000	0.0000	0.0000	0.0000	0.0000	0.0000
575	0.0006	0.0003	0.0001	0.0001	0.0000	0.0000	0.0000	0.0000	0.0000	0.0000
576	0.0006	0.0003	0.0001	0.0001	0.0000	0.0000	0.0000	0.0000	0.0000	0.0000
577	0.0006	0.0003	0.0001	0.0001	0.0000	0.0000	0.0000	0.0000	0.0000	0.0000
578	0.0006	0.0003	0.0001	0.0000	0.0000	0.0000	0.0000	0.0000	0.0000	0.0000
579	0.0005	0.0002	0.0001	0.0000	0.0000	0.0000	0.0000	0.0000	0.0000	0.0000
580	0.0005	0.0002	0.0001	0.0000	0.0000	0.0000	0.0000	0.0000	0.0000	0.0000
581	0.0005	0.0002	0.0001	0.0000	0.0000	0.0000	0.0000	0.0000	0.0000	0.0000
582	0.0005	0.0002	0.0001	0.0000	0.0000	0.0000	0.0000	0.0000	0.0000	0.0000
583	0.0005	0.0002	0.0001	0.0000	0.0000	0.0000	0.0000	0.0000	0.0000	0.0000
584	0.0004	0.0002	0.0001	0.0000	0.0000	0.0000	0.0000	0.0000	0.0000	0.0000
585	0.0004	0.0002	0.0001	0.0000	0.0000	0.0000	0.0000	0.0000	0.0000	0.0000
586	0.0004	0.0002	0.0001	0.0000	0.0000	0.0000	0.0000	0.0000	0.0000	0.0000
587	0.0004	0.0002	0.0001	0.0000	0.0000	0.0000	0.0000	0.0000	0.0000	0.0000
588	0.0004	0.0002	0.0001	0.0000	0.0000	0.0000	0.0000	0.0000	0.0000	0.0000
589	0.0004	0.0002	0.0001	0.0000	0.0000	0.0000	0.0000	0.0000	0.0000	0.0000
590	0.0004	0.0002	0.0001	0.0000	0.0000	0.0000	0.0000	0.0000	0.0000	0.0000
591	0.0003	0.0002	0.0001	0.0000	0.0000	0.0000	0.0000	0.0000	0.0000	0.0000
592	0.0003	0.0001	0.0001	0.0000	0.0000	0.0000	0.0000	0.0000	0.0000	0.0000
593	0.0003	0.0001	0.0001	0.0000	0.0000	0.0000	0.0000	0.0000	0.0000	0.0000
594	0.0003	0.0001	0.0001	0.0000	0.0000	0.0000	0.0000	0.0000	0.0000	0.0000
595	0.0003	0.0001	0.0001	0.0000	0.0000	0.0000	0.0000	0.0000	0.0000	0.0000
596	0.0003	0.0001	0.0001	0.0000	0.0000	0.0000	0.0000	0.0000	0.0000	0.0000
597	0.0003	0.0001	0.0001	0.0000	0.0000	0.0000	0.0000	0.0000	0.0000	0.0000
598	0.0003	0.0001	0.0000	0.0000	0.0000	0.0000	0.0000	0.0000	0.0000	0.0000
599	0.0002	0.0001	0.0000	0.0000	0.0000	0.0000	0.0000	0.0000	0.0000	0.0000
600	0.0002	0.0001	0.0000	0.0000	0.0000	0.0000	0.0000	0.0000	0.0000	0.0000
601	0.0002	0.0001	0.0000	0.0000	0.0000	0.0000	0.0000	0.0000	0.0000	0.0000
602	0.0002	0.0001	0.0000	0.0000	0.0000	0.0000	0.0000	0.0000	0.0000	0.0000
603	0.0002	0.0001	0.0000	0.0000	0.0000	0.0000	0.0000	0.0000	0.0000	0.0000
604	0.0002	0.0001	0.0000	0.0000	0.0000	0.0000	0.0000	0.0000	0.0000	0.0000
605	0.0002	0.0001	0.0000	0.0000	0.0000	0.0000	0.0000	0.0000	0.0000	0.0000
606	0.0002	0.0001	0.0000	0.0000	0.0000	0.0000	0.0000	0.0000	0.0000	0.0000
607	0.0002	0.0001	0.0000	0.0000	0.0000	0.0000	0.0000	0.0000	0.0000	0.0000
608	0.0002	0.0001	0.0000	0.0000	0.0000	0.0000	0.0000	0.0000	0.0000	0.0000
609	0.0002	0.0001	0.0000	0.0000	0.0000	0.0000	0.0000	0.0000	0.0000	0.0000
610	0.0002	0.0001	0.0000	0.0000	0.0000	0.0000	0.0000	0.0000	0.0000	0.0000
611	0.0002	0.0001	0.0000	0.0000	0.0000	0.0000	0.0000	0.0000	0.0000	0.0000
612	0.0001	0.0001	0.0000	0.0000	0.0000	0.0000	0.0000	0.0000	0.0000	0.0000
613	0.0001	0.0001	0.0000	0.0000	0.0000	0.0000	0.0000	0.0000	0.0000	0.0000
614	0.0001	0.0001	0.0000	0.0000	0.0000	0.0000	0.0000	0.0000	0.0000	0.0000
615	0.0001	0.0001	0.0000	0.0000	0.0000	0.0000	0.0000	0.0000	0.0000	0.0000
616	0.0001	0.0001	0.0000	0.0000	0.0000	0.0000	0.0000	0.0000	0.0000	0.0000
617	0.0001	0.0001	0.0000	0.0000	0.0000	0.0000	0.0000	0.0000	0.0000	0.0000
618	0.0001	0.0001	0.0000	0.0000	0.0000	0.0000	0.0000	0.0000	0.0000	0.0000
619	0.0001	0.0000	0.0000	0.0000	0.0000	0.0000	0.0000	0.0000	0.0000	0.0000
620	0.0001	0.0000	0.0000	0.0000	0.0000	0.0000	0.0000	0.0000	0.0000	0.0000
621	0.0001	0.0000	0.0000	0.0000	0.0000	0.0000	0.0000	0.0000	0.0000	0.0000
622	0.0001	0.0000	0.0000	0.0000	0.0000	0.0000	0.0000	0.0000	0.0000	0.0000
623	0.0001	0.0000	0.0000	0.0000	0.0000	0.0000	0.0000	0.0000	0.0000	0.0000
624	0.0001	0.0000	0.0000	0.0000	0.0000	0.0000	0.0000	0.0000	0.0000	0.0000
625	0.0001	0.0000	0.0000	0.0000	0.0000	0.0000	0.0000	0.0000	0.0000	0.0000
626	0.0001	0.0000	0.0000	0.0000	0.0000	0.0000	0.0000	0.0000	0.0000	0.0000
627	0.0001	0.0000	0.0000	0.0000	0.0000	0.0000	0.0000	0.0000	0.0000	0.0000
628	0.0001	0.0000	0.0000	0.0000	0.0000	0.0000	0.0000	0.0000	0.0000	0.0000
629	0.0001	0.0000	0.0000	0.0000	0.0000	0.0000	0.0000	0.0000	0.0000	0.0000
630	0.0001	0.0000	0.0000	0.0000	0.0000	0.0000	0.0000	0.0000	0.0000	0.0000
631	0.0001	0.0000	0.0000	0.0000	0.0000	0.0000	0.0000	0.0000	0.0000	0.0000
632	0.0001	0.0000	0.0000	0.0000	0.0000	0.0000	0.0000	0.0000	0.0000	0.0000
633	0.0001	0.0000	0.0000	0.0000	0.0000	0.0000	0.0000	0.0000	0.0000	0.0000
634	0.0001	0.0000	0.0000	0.0000	0.0000	0.0000	0.0000	0.0000	0.0000	0.0000
635	0.0001	0.0000	0.0000	0.0000	0.0000	0.0000	0.0000	0.0000	0.0000	0.0000
636	0.0001	0.0000	0.0000	0.0000	0.0000	0.0000	0.0000	0.0000	0.0000	0.0000
637	0.0001	0.0000	0.0000	0.0000	0.0000	0.0000	0.0000	0.0000	0.0000	0.0000
638	0.0001	0.0000	0.0000	0.0000	0.0000	0.0000	0.0000	0.0000	0.0000	0.0000
639	0.0001	0.0000	0.0000	0.0000	0.0000	0.0000	0.0000	0.0000	0.0000	0.0000
640	0.0001	0.0000	0.0000	0.0000	0.0000	0.0000	0.0000	0.0000	0.0000	0.0000
641	0.0000	0.0000	0.0000	0.0000	0.0000	0.0000	0.0000	0.0000	0.0000	0.0000
642	0.0000	0.0000	0.0000	0.0000	0.0000	0.0000	0.0000	0.0000	0.0000	0.0000
643	0.0000	0.0000	0.0000	0.0000	0.0000	0.0000	0.0000	0.0000	0.0000	0.0000
644	0.0000	0.0000	0.0000	0.0000	0.0000	0.0000	0.0000	0.0000	0.0000	0.0000
645	0.0000	0.0000	0.0000	0.0000	0.0000	0.0000	0.0000	0.0000	0.0000	0.0000
646	0.0000	0.0000	0.0000	0.0000	0.0000	0.0000	0.0000	0.0000	0.0000	0.0000
647	0.0000	0.0000	0.0000	0.0000	0.0000	0.0000	0.0000	0.0000	0.0000	0.0000
648	0.0000	0.0000	0.0000	0.0000	0.0000	0.0000	0.0000	0.0000	0.0000	0.0000
649	0.0000	0.0000	0.0000	0.0000	0.0000	0.0000	0.0000	0.0000	0.0000	0.0000
650	0.0000	0.0000	0.0000	0.0000	0.0000	0.0000	0.0000	0.0000	0.0000	0.0000
651	0.0000	0.0000	0.0000	0.0000	0.0000	0.0000	0.0000	0.0000	0.0000	0.0000
652	0.0000	0.0000	0.0000	0.0000	0.0000	0.0000	0.0000	0.0000	0.0000	0.0000
653	0.0000	0.0000	0.0000	0.0000	0.0000	0.0000	0.0000	0.0000	0.0000	0.0000
654	0.0000	0.0000	0.0000	0.0000	0.0000	0.0000	0.0000	0.0000	0.0000	0.0000
655	0.0000	0.0000	0.0000	0.0000	0.0000	0.0000	0.0000	0.0000	0.0000	0.0000
656	0.0000	0.0000	0.0000	0.0000	0.0000	0.0000	0.0000	0.0000	0.0000	0.0000
657	0.0000	0.0000	0.0000	0.0000	0.0000	0.0000	0.0000	0.0000	0.0000	0.0000
658	0.0000	0.0000	0.0000	0.0000	0.0000	0.0000	0.0000	0.0000	0.0000	0.0000
659	0.0000	0.0000	0.0000	0.0000	0.0000	0.0000	0.0000	0.0000	0.0000	0.0000
660	0.0000	0.0000	0.0000	0.0000	0.0000	0.0000	0.0000	0.0000	0.0000	0.0000
661	0.0000	0.0000	0.0000	0.0000	0.0000	0.0000	0.0000	0.0000	0.0000	0.0000
662	0.0000	0.0000	0.0000	0.0000	0.0000	0.0000	0.0000	0.0000	0.0000	0.0000
663	0.0000	0.0000	0.0000	0.0000	0.0000	0.0000	0.0000	0.0000	0.0000	0.0000
664	0.0000	0.0000	0.0000	0.0000	0.0000	0.0000	0.0000	0.0000	0.0000	0.0000
665	0.0000	0.0000	0.0000	0.0000	0.0000	0.0000	0.0000	0.0000	0.0000	0.0000
666	0.0000	0.0000	0.0000	0.0000	0.0000	0.0000	0.0000	0.0000	0.0000	0.0000
667	0.0000	0.0000	0.0000	0.0000	0.0000	0.0000	0.0000	0.0000	0.0000	0.0000
668	0.0000	0.0000	0.0000	0.0000	0.0000	0.0000	0.0000	0.0000	0.0000	0.0000
669	0.0000	0.0000	0.0000	0.0000	0.0000	0.0000	0.0000	0.0000	0.0000	0.0000
670	0.0000	0.0000	0.0000	0.0000	0.0000	0.0000	0.0000	0.0000	0.0000	0.0000
671	0.0000	0.0000	0.0000	0.0000	0.0000	0.0000	0.0000	0.0000	0.0000	0.0000
672	0.0000	0.0000	0.0000	0.0000	0.0000	0.0000	0.0000	0.0000	0.0000	0.0000
673	0.0000	0.0000	0.0000	0.0000	0.0000	0.0000	0.0000	0.0000	0.0000	0.0000
674	0.0000	0.0000	0.0000	0.0000	0.0000	0.0000	0.0000	0.0000	0.0000	0.0000
675	0.0000	0.0000	0.0000	0.0000	0.0000	0.0000	0.0000	0.0000	0.0000	0.0000
676	0.0000	0.0000	0.0000	0.0000	0.0000	0.0000	0.0000	0.0000	0.0000	0.0000
677	0.0000	0.0000	0.0000	0.0000	0.0000	0.0000	0.0000	0.0000	0.0000	0.0000
678	0.0000	0.0000	0.0000	0.0000	0.0000	0.0000	0.0000	0.0000	0.0000	0.0000
679	0.0000	0.0000	0.0000	0.0000	0.0000	0.0000	0.0000	0.0000	0.0000	0.0000
680	0.0000	0.0000	0.0000	0.0000	0.0000	0.0000	0.0000	0.0000	0.0000	0.0000
681	0.0000	0.0000	0.0000	0.0000	0.0000	0.0000	0.0000	0.0000	0.0000	0.0000
682	0.0000	0.0000	0.0000	0.0000	0.0000	0.0000	0.0000	0.0000	0.0000	0.0000
683	0.0000	0.0000	0.0000	0.0000	0.0000	0.0000	0.0000	0.0000	0.0000	0.0000
684	0.0000	0.0000	0.0000	0.0000	0.0000	0.0000	0.0000	0.0000	0.0000	0.0000
685	0.0000	0.0000	0.0000	0.0000	0.0000	0.0000	0.0000	0.0000	0.0000	0.0000
686	0.0000	0.0000	0.0000	0.0000	0.0000	0.0000	0.0000	0.0000	0.0000	0.0000
687	0.0000	0.0000	0.0000	0.0000	0.0000	0.0000	0.0000	0.0000	0.0000	0.0000
688	0.0000	0.0000	0.0000	0.0000	0.0000	0.0000	0.0000	0.0000	0.0000	0.0000
689	0.0000	0.0000	0.0000	0.0000	0.0000	0.0000	0.0000	0.0000	0.0000	0.0000
690	0.0000	0.0000	0.0000	0.0000	0.0000	0.0000	0.0000	0.0000	0.0000	0.0000
691	0.0000	0.0000	0.0000	0.0000	0.0000	0.0000	0.0000	0.0000	0.0000	0.0000
692	0.0000	0.0000	0.0000	0.0000	0.0000	0.0000	0.0000	0.0000	0.0000	0.0000
693	0.0000	0.0000	0.0000	0.0000	0.0000	0.0000	0.0000	0.0000	0.0000	0.0000
694	0.0000	0.0000	0.0000	0.0000	0.0000	0.0000	0.0000	0.0000	0.0000	0.0000
695	0.0000	0.0000	0.0000	0.0000	0.0000	0.0000	0.0000	0.0000	0.0000	0.0000
696	0.0000	0.0000	0.0000	0.0000	0.0000	0.0000	0.0000	0.0000	0.0000	0.0000
697	0.0000	0.0000	0.0000	0.0000	0.0000	0.0000	0.0000	0.0000	0.0000	0.0000
698	0.0000	0.0000	0.0000	0.0000	0.0000	0.0000	0.0000	0.0000	0.0000	0.0000
699	0.0000	0.0000	0.0000	0.0000	0.0000	0.0000	0.0000	0.0000	0.0000	0.0000
700	0.0000	0.0000	0.0000	0.0000	0.0000	0.0000	0.0000	0.0000	0.0000	0.0000
701	0.0000	0.0000	0.0000	0.0000	0.0000	0.0000	0.0000	0.0000	0.0000	0.0000
702	0.0000	0.0000	0.0000	0.0000	0.0000	0.0000	0.0000	0.0000	0.0000	0.0000
703	0.0000	0.0000	0.0000	0.0000	0.0000	0.0000	0.0000	0.0000	0.0000	0.0000
704	0.0000	0.0000	0.0000	0.0000	0.0000	0.0000	0.0000	0.0000	0.0000	0.0000
705	0.0000	0.0000	0.0000	0.0000	0.0000	0.0000	0.0000	0.0000	0.0000	0.0000
706	0.0000	0.0000	0.0000	0.0000	0.0000	0.0000	0.0000	0.0000	0.0000	0.0000
707	0.0000	0.0000	0.0000	0.0000	0.0000	0.0000	0.0000	0.0000	0.0000	0.0000
708	0.0000	0.0000	0.0000	0.0000	0.0000	0.0000	0.0000	0.0000	0.0000	0.0000
709	0.0000	0.0000	0.0000	0.0000	0.0000	0.0000	0.0000	0.0000	0.0000	0.0000
710	0.0000	0.0000	0.0000	0.0000	0.0000	0.0000	0.0000	0.0000	0.0000	0.0000
711	0.0000	0.0000	0.0000	0.0000	0.0000	0.0000	0.0000	0.0000	0.0000	0.0000
712	0.0000	0.0000	0.0000	0.0000	0.0000	0.0000	0.0000	0.0000	0.0000	0.0000
713	0.0000	0.0000	0.0000	0.0000	0.0000	0.0000	0.0000	0.0000	0.0000	0.0000
714	0.0000	0.0000	0.0000	0.0000	0.0000	0.0000	0.0000	0.0000	0.0000	0.0000
715	0.0000	0.0000	0.0000	0.0000	0.0000	0.0000	0.0000	0.0000	0.0000	0.0000
716	0.0000	0.0000	0.0000	0.0000	0.0000	0.0000	0.0000	0.0000	0.0000	0.0000
717	0.0000	0.0000	0.0000	0.0000	0.0000	0.0000	0.0000	0.0000	0.0000	0.0000
718	0.0000	0.0000	0.0000	0.0000	0.0000	0.0000	0.0000	0.0000	0.0000	0.0000
719	0.0000	0.0000	0.0000	0.0000	0.0000	0.0000	0.0000	0.0000	0.0000	0.0000
720	0.0000	0.0000	0.0000	0.0000	0.0000	0.0000	0.0000	0.0000	0.0000	0.0000
721	0.0000	0.0000	0.0000	0.0000	0.0000	0.0000	0.0000	0.0000	0.0000	0.0000
722	0.0000	0.0000	0.0000	0.0000	0.0000	0.0000	0.0000	0.0000	0.0000	0.0000
723	0.0000	0.0000	0.0000	0.0000	0.0000	0.0000	0.0000	0.0000	0.0000	0.0000
724	0.0000	0.0000	0.0000	0.0000	0.0000	0.0000	0.0000	0.0000	0.0000	0.0000
725	0.0000	0.0000	0.0000	0.0000	0.0000	0.0000	0.0000	0.0000	0.0000	0.0000
726	0.0000	0.0000	0.0000	0.0000	0.0000	0.0000	0.0000	0.0000	0.0000	0.0000
727	0.0000	0.0000	0.0000	0.0000	0.0000	0.0000	0.0000	0.0000	0.0000	0.0000
728	0.0000	0.0000	0.0000	0.0000	0.0000	0.0000	0.0000	0.0000	0.0000	0.0000
729	0.0000	0.0000	0.0000	0.0000	0.0000	0.0000	0.0000	0.0000	0.0000	0.0000
730	0.0000	0.0000	0.0000	0.0000	0.0000	0.0000	0.0000	0.0000	0.0000	0.0000
731	0.0000	0.0000	0.0000	0.0000	0.0000	0.0000	0.0000	0.0000	0.0000	0.0000
732	0.0000	0.0000	0.0000	0.0000	0.0000	0.0000	0.0000	0.0000	0.0000	0.0000
733	0.0000	0.0000	0.0000	0.0000	0.0000	0.0000	0.0000	0.0000	0.0000	0.0000
734	0.0000	0.0000	0.0000	0.0000	0.0000	0.0000	0.0000	0.0000	0.0000	0.0000
735	0.0000	0.0000	0.0000	0.0000	0.0000	0.0000	0.0000	0.0000	0.0000	0.0000
736	0.0000	0.0000	0.0000	0.0000	0.0000	0.0000	0.0000	0.0000	0.0000	0.0000
737	0.0000	0.0000	0.0000	0.0000	0.0000	0.0000	0.0000	0.0000	0.0000	0.0000
738	0.0000	0.0000	0.0000	0.0000	0.0000	0.0000	0.0000	0.0000	0.0000	0.0000
739	0.0000	0.0000	0.0000	0.0000	0.0000	0.0000	0.0000	0.0000	0.0000	0.0000
740	0.0000	0.0000	0.0000	0.0000	0.0000	0.0000	0.0000	0.0000	0.0000	0.0000
741	0.0000	0.0000	0.0000	0.0000	0.0000	0.0000	0.0000	0.0000	0.0000	0.0000
742	0.0000	0.0000	0.0000	0.0000	0.0000	0.0000	0.0000	0.0000	0.0000	0.0000
743	0.0000	0.0000	0.0000	0.0000	0.0000	0.0000	0.0000	0.0000	0.0000	0.0000
744	0.0000	0.0000	0.0000	0.0000	0.0000	0.0000	0.0000	0.0000	0.0000	0.0000
745	0.0000	0.0000	0.0000	0.0000	0.0000	0.0000	0.0000	0.0000	0.0000	0.0000
746	0.0000	0.0000	0.0000	0.0000	0.0000	0.0000	0.0000	0.0000	0.0000	0.0000
747	0.0000	0.0000	0.0000	0.0000	0.0000	0.0000	0.0000	0.0000	0.0000	0.0000
748	0.0000	0.0000	0.0000	0.0000	0.0000	0.0000	0.0000	0.0000	0.0000	0.0000
749	0.0000	0.0000	0.0000	0.0000	0.0000	0.0000	0.0000	0.0000	0.0000	0.0000
750	0.0000	0.0000	0.0000	0.0000	0.0000	0.0000	0.0000	0.0000	0.0000	0.0000
751	0.0000	0.0000	0.0000	0.0000	0.0000	0.0000	0.0000	0.0000	0.0000	0.0000
752	0.0000	0.0000	0.0000	0.0000	0.0000	0.0000	0.0000	0.0000	0.0000	0.0000
753	0.0000	0.0000	0.0000	0.0000	0.0000	0.0000	0.0000	0.0000	0.0000	0.0000
754	0.0000	0.0000	0.0000	0.0000	0.0000	0.0000	0.0000	0.0000	0.0000	0.0000
755	0.0000	0.0000	0.0000	0.0000	0.0000	0.0000	0.0000	0.0000	0.0000	0.0000
756	0.0000	0.0000	0.0000	0.0000	0.0000	0.0000	0.0000	0.0000	0.0000	0.0000
757	0.0000	0.0000	0.0000	0.0000	0.0000	0.0000	0.0000	0.0000	0.0000	0.0000
758	0.0000	0.0000	0.0000	0.0000	0.0000	0.0000	0.0000	0.0000	0.0000	0.0000
759	0.0000	0.0000	0.0000	0.0000	0.0000	0.0000	0.0000	0.0000	0.0000	0.0000
760	0.0000	0.0000	0.0000	0.0000	0.0000	0.0000	0.0000	0.0000	0.0000	0.0000
761	0.0000	0.0000	0.0000	0.0000	0.0000	0.0000	0.0000	0.0000	0.0000	0.0000
762	0.0000	0.0000	0.0000	0.0000	0.0000	0.0000	0.0000	0.0000	0.0000	0.0000
763	0.0000	0.0000	0.0000	0.0000	0.0000	0.0000	0.0000	0.0000	0.0000	0.0000
764	0.0000	0.0000	0.0000	0.0000	0.0000	0.0000	0.0000	0.0000	0.0000	0.0000
765	0.0000	0.0000	0.0000	0.0000	0.0000	0.0000	0.0000	0.0000	0.0000	0.0000
766	0.0000	0.0000	0.0000	0.0000	0.0000	0.0000	0.0000	0.0000	0.0000	0.0000
767	0.0000	0.0000	0.0000	0.0000	0.0000	0.0000	0.0000	0.0000	0.0000	0.0000
768	0.0000	0.0000	0.0000	0.0000	0.0000	0.0000	0.0000	0.0000	0.0000	0.0000
769	0.0000	0.0000	0.0000	0.0000	0.0000	0.0000	0.0000	0.0000	0.0000	0.0000
770	0.0000	0.0000	0.0000	0.0000	0.0000	0.0000	0.0000	0.0000	0.0000	0.0000
771	0.0000	0.0000	0.0000	0.0000	0.0000	0.0000	0.0000	0.0000	0.0000	0.0000
772	0.0000	0.0000	0.0000	0.0000	0.0000	0.0000	0.0000	0.0000	0.0000	0.0000
773	0.0000	0.0000	0.0000	0.0000	0.0000	0.0000	0.0000	0.0000	0.0000	0.0000
774	0.0000	0.0000	0.0000	0.0000	0.0000	0.0000	0.0000	0.0000	0.0000	0.0000
775	0.0000	0.0000	0.0000	0.0000	0.0000	0.0000	0.0000	0.0000	0.0000	0.0000
776	0.0000	0.0000	0.0000	0.0000	0.0000	0.0000	0.0000	0.0000	0.0000	0.0000
777	0.0000	0.0000	0.0000	0.0000	0.0000	0.0000	0.0000	0.0000	0.0000	0.0000
778	0.0000	0.0000	0.0000	0.0000	0.0000	0.0000	0.0000	0.0000	0.0000	0.0000
779	0.0000	0.0000	0.0000	0.0000	0.0000	0.0000	0.0000	0.0000	0.0000	0.0000
780	0.0000	0.0000	0.0000	0.0000	0.0000	0.0000	0.0000	0.0000	0.0000	0.0000
781	0.0000	0.0000	0.0000	0.0000	0.0000	0.0000	0.0000	0.0000	0.0000	0.0000
782	0.0000	0.0000	0.0000	0.0000	0.0000	0.0000	0.0000	0.0000	0.0000	0.0000
783	0.0000	0.0000	0.0000	0.0000	0.0000	0.0000	0.0000	0.0000	0.0000	0.0000
784	0.0000	0.0000	0.0000	0.0000	0.0000	0.0000	0.0000	0.0000	0.0000	0.0000
785	0.0000	0.0000	0.0000	0.0000	0.0000	0.0000	0.0000	0.0000	0.0000	0.0000
786	0.0000	0.0000	0.0000	0.0000	0.0000	0.0000	0.0000	0.0000	0.0000	0.0000
787	0.0000	0.0000	0.0000	0.0000	0.0000	0.0000	0.0000	0.0000	0.0000	0.0000
788	0.0000	0.0000	0.0000	0.0000	0.0000	0.0000	0.0000	0.0000	0.0000	0.0000
789	0.0000	0.0000	0.0000	0.0000	0.0000	0.0000	0.0000	0.0000	0.0000	0.0000
790	0.0000	0.0000	0.0000	0.0000	0.0000	0.0000	0.0000	0.0000	0.0000	0.0000
791	0.0000	0.0000	0.0000	0.0000	0.0000	0.0000	0.0000	0.0000	0.0000	0.0000
792	0.0000	0.0000	0.0000	0.0000	0.0000	0.0000	0.0000	0.0000	0.0000	0.0000
793	0.0000	0.0000	0.0000	0.0000	0.0000	0.0000	0.0000	0.0000	0.0000	0.0000
794	0.0000	0.0000	0.0000	0.0000	0.0000	0.0000	0.0000	0.0000	0.0000	0.0000
795	0.0000	0.0000	0.0000	0.0000	0.0000	0.0000	0.0000	0.0000	0.0000	0.0000
796	0.0000	0.0000	0.0000	0.0000	0.0000	0.0000	0.0000	0.0000	0.0000	0.0000
797	0.0000	0.0000	0.0000	0.0000	0.0000	0.0000	0.0000	0.0000	0.0000	0.0000
798	0.0000	0.0000	0.0000	0.0000	0.0000	0.0000	0.0000	0.0000	0.0000	0.0000
799	0.0000	0.0000	0.0000	0.0000	0.0000	0.0000	0.0000	0.0000	0.0000	0.0000
800	0.0000	0.0000	0.0000	0.0000	0.0000	0.0000	0.0000	0.0000	0.0000	0.0000
801	0.0000	0.0000	0.0000	0.0000	0.0000	0.0000	0.0000	0.0000	0.0000	0.0000
802	0.0000	0.0000	0.0000	0.0000	0.0000	0.0000	0.0000	0.0000	0.0000	0.0000
803	0.0000	0.0000	0.0000	0.0000	0.0000	0.0000	0.0000	0.0000	0.0000	0.0000
804	0.0000	0.0000	0.0000	0.0000	0.0000	0.0000	0.0000	0.0000	0.0000	0.0000
805	0.0000	0.0000	0.0000	0.0000	0.0000	0.0000	0.0000	0.0000	0.0000	0.0000
806	0.0000	0.0000	0.0000	0.0000	0.0000	0.0000	0.0000	0.0000	0.0000	0.0000
807	0.0000	0.0000	0.0000	0.0000	0.0000	0.0000	0.0000	0.0000	0.0000	0.0000
808	0.0000	0.0000	0.0000	0.0000	0.0000	0.0000	0.0000	0.0000	0.0000	0.0000
809	0.0000	0.0000	0.0000	0.0000	0.0000	0.0000	0.0000	0.0000	0.0000	0.0000
810	0.0000	0.0000	0.0000	0.0000	0.0000	0.0000	0.0000	0.0000	0.0000	0.0000
811	0.0000	0.0000	0.0000	0.0000	0.0000	0.0000	0.0000	0.0000	0.0000	0.0000
812	0.0000	0.0000	0.0000	0.0000	0.0000	0.0000	0.0000	0.0000	0.0000	0.0000
813	0.0000	0.0000	0.0000	0.0000	0.0000	0.0000	0.0000	0.0000	0.0000	0.0000
814	0.0000	0.0000	0.0000	0.0000	0.0000	0.0000	0.0000	0.0000	0.0000	0.0000
815	0.0000	0.0000	0.0000	0.0000	0.0000	0.0000	0.0000	0.0000	0.0000	0.0000
816	0.0000	0.0000	0.0000	0.0000	0.0000	0.0000	0.0000	0.0000	0.0000	0.0000
817	0.0000	0.0000	0.0000	0.0000	0.0000	0.0000	0.0000	0.0000	0.0000	0.0000
818	0.0000	0.0000	0.0000	0.0000	0.0000	0.0000	0.0000	0.0000	0.0000	0.0000
819	0.0000	0.0000	0.0000	0.0000	0.0000	0.0000	0.0000	0.0000	0.0000	0.0000
820	0.0000	0.0000	0.0000	0.0000	0.0000	0.0000	0.0000	0.0000	0.0000	0.0000
821	0.0000	0.0000	0.0000	0.0000	0.0000	0.0000	0.0000	0.0000	0.0000	0.0000
822	0.0000	0.0000	0.0000	0.0000	0.0000	0.0000	0.0000	0.0000	0.0000	0.0000
823	0.0000	0.0000	0.0000	0.0000	0.0000	0.0000	0.0000	0.0000	0.0000	0.0000
824	0.0000	0.0000	0.0000	0.0000	0.0000	0.0000	0.0000	0.0000	0.0000	0.0000
825	0.0000	0.0000	0.0000	0.0000	0.0000	0.0000	0.0000	0.0000	0.0000	0.0000
826	0.0000	0.0000	0.0000	0.0000	0.0000	0.0000	0.0000	0.0000	0.0000	0.0000
827	0.0000	0.0000	0.0000	0.0000	0.0000	0.0000	0.0000	0.0000	0.0000	0.0000
828	0.0000	0.0000	0.0000	0.0000	0.0000	0.0000	0.0000	0.0000	0.0000	0.0000
829	0.0000	0.0000	0.0000	0.0000	0.0000	0.0000	0.0000	0.0000	0.0000	0.0000
830	0.0000	0.0000	0.0000	0.0000	0.0000	0.0000	0.0000	0.0000	0.0000	0.0000
831	0.0000	0.0000	0.0000	0.0000	0.0000	0.0000	0.0000	0.0000	0.0000	0.0000
832	0.0000	0.0000	0.0000	0.0000	0.0000	0.0000	0.0000	0.0000	0.0000	0.0000
833	0.0000	0.0000	0.0000	0.0000	0.0000	0.0000	0.0000	0.0000	0.0000	0.0000
834	0.0000	0.0000	0.0000	0.0000	0.0000	0.0000	0.0000	0.0000	0.0000	0.0000
835	0.0000	0.0000	0.0000	0.0000	0.0000	0.0000	0.0000	0.0000	0.0000	0.0000
836	0.0000	0.0000	0.0000	0.0000	0.0000	0.0000	0.0000	0.0000	0.0000	0.0000
837	0.0000	0.0000	0.0000	0.0000	0.0000	0.0000	0.0000	0.0000	0.0000	0.0000
838	0.0000	0.0000	0.0000	0.0000	0.0000	0.0000	0.0000	0.0000	0.0000	0.0000
839	0.0000	0.0000	0.0000	0.0000	0.0000	0.0000	0.0000	0.0000	0.0000	0.0000
840	0.0000	0.0000	0.0000	0.0000	0.0000	0.0000	0.0000	0.0000	0.0000	0.0000
841	0.0000	0.0000	0.0000	0.0000	0.0000	0.0000	0.0000	0.0000	0.0000	0.0000
842	0.0000	0.0000	0.0000	0.0000	0.0000	0.0000	0.0000	0.0000	0.0000	0.0000
843	0.0000	0.0000	0.0000	0.0000	0.0000	0.0000	0.0000	0.0000	0.0000	0.0000
844	0.0000	0.0000	0.0000	0.0000	0.0000	0.0000	0.0000	0.0000	0.0000	0.0000
845	0.0000	0.0000	0.0000	0.0000	0.0000	0.0000	0.0000	0.0000	0.0000	0.0000
846	0.0000	0.0000	0.0000	0.0000	0.0000	0.0000	0.0000	0.0000	0.0000	0.0000
847	0.0000	0.0000	0.0000	0.0000	0.0000	0.0000	0.0000	0.0000	0.0000	0.0000
848	0.0000	0.0000	0.0000	0.0000	0.0000	0.0000	0.0000	0.0000	0.0000	0.0000
849	0.0000	0.0000	0.0000	0.0000	0.0000	0.0000	0.0000	0.0000	0.0000	0.0000
850	0.0000	0.0000	0.0000	0.0000	0.0000	0.0000	0.0000	0.0000	0.0000	0.0000
851	0.0000	0.0000	0.0000	0.0000	0.0000	0.0000	0.0000	0.0000	0.0000	0.0000
852	0.0000	0.0000	0.0000	0.0000	0.0000	0.0000	0.0000	0.0000	0.0000	0.0000
853	0.0000	0.0000	0.0000	0.0000	0.0000	0.0000	0.0000	0.0000	0.0000	0.0000
854	0.0000	0.0000	0.0000	0.0000	0.0000	0.0000	0.0000	0.0000	0.0000	0.0000
855	0.0000	0.0000	0.0000	0.0000	0.0000	0.0000	0.0000	0.0000	0.0000	0.0000
856	0.0000	0.0000	0.0000	0.0000	0.0000	0.0000	0.0000	0.0000	0.0000	0.0000
857	0.0000	0.0000	0.0000	0.0000	0.0000	0.0000	0.0000	0.0000	0.0000	0.0000
858	0.0000	0.0000	0.0000	0.0000	0.0000	0.0000	0.0000	0.0000	0.0000	0.0000
859	0.0000	0.0000	0.0000	0.0000	0.0000	0.0000	0.0000	0.0000	0.0000	0.0000
860	0.0000	0.0000	0.0000	0.0000	0.0000	0.0000	0.0000	0.0000	0.0000	0.0000
861	0.0000	0.0000	0.0000	0.0000	0.0000	0.0000	0.0000	0.0000	0.0000	0.0000
862	0.0000	0.0000	0.0000	0.0000	0.0000	0.0000	0.0000	0.0000	0.0000	0.0000
863	0.0000	0.0000	0.0000	0.0000	0.0000	0.0000	0.0000	0.0000	0.0000	0.0000
864	0.0000	0.0000	0.0000	0.0000	0.0000	0.0000	0.0000	0.0000	0.0000	0.0000
865	0.0000	0.0000	0.0000	0.0000	0.0000	0.0000	0.0000	0.0000	0.0000	0.0000
866	0.0000	0.0000	0.0000	0.0000	0.0000	0.0000	0.0000	0.0000	0.0000	0.0000
867	0.0000	0.0000	0.0000	0.0000	0.0000	0.0000	0.0000	0.0000	0.0000	0.0000
868	0.0000	0.0000	0.0000	0.0000	0.0000	0.0000	0.0000	0.0000	0.0000	0.0000
869	0.0000	0.0000	0.0000	0.0000	0.0000	0.0000	0.0000	0.0000	0.0000	0.0000
870	0.0000	0.0000	0.0000	0.0000	0.0000	0.0000	0.0000	0.0000	0.0000	0.0000
871	0.0000	0.0000	0.0000	0.0000	0.0000	0.0000	0.0000	0.0000	0.0000	0.0000
872	0.0000	0.0000	0.0000	0.0000	0.0000	0.0000	0.0000	0.0000	0.0000	0.0000
873	0.0000	0.0000	0.0000	0.0000	0.0000	0.0000	0.0000	0.0000	0.0000	0.0000
874	0.0000	0.0000	0.0000	0.0000	0.0000	0.0000	0.0000	0.0000	0.0000	0.0000
875	0.0000	0.0000	0.0000	0.0000	0.0000	0.0000	0.0000	0.0000	0.0000	0.0000
876	0.0000	0.0000	0.0000	0.0000	0.0000	0.0000	0.0000	0.0000	0.0000	0.0000
877	0.0000	0.0000	0.0000	0.0000	0.0000	0.0000	0.0000	0.0000	0.0000	0.0000
878	0.0000	0.0000	0.0000	0.0000	0.0000	0.0000	0.0000	0.0000	0.0000	0.0000
879	0.0000	0.0000	0.0000	0.0000	0.0000	0.0000	0.0000	0.0000	0.0000	0.0000
880	0.0000	0.0000	0.0000	0.0000	0.0000	0.0000	0.0000	0.0000	0.0000	0.0000
881	0.0000	0.0000	0.0000	0.0000	0.0000	0.0000	0.0000	0.0000	0.0000	0.0000
882	0.0000	0.0000	0.0000	0.0000	0.0000	0.0000	0.0000	0.0000	0.0000	0.0000
883	0.0000	0.0000	0.0000	0.0000	0.0000	0.0000	0.0000	0.0000	0.0000	0.0000
884	0.0000	0.0000	0.0000	0.0000	0.0000	0.0000	0.0000	0.0000	0.0000	0.0000
885	0.0000	0.0000	0.0000	0.0000	0.0000	0.0000	0.0000	0.0000	0.0000	0.0000
886	0.0000	0.0000	0.0000	0.0000	0.0000	0.0000	0.0000	0.0000	0.0000	0.0000
887	0.0000	0.0000	0.0000	0.0000	0.0000	0.0000	0.0000	0.0000	0.0000	0.0000
888	0.0000	0.0000	0.0000	0.0000	0.0000	0.0000	0.0000	0.0000	0.0000	0.0000
889	0.0000	0.0000	0.0000	0.0000	0.0000	0.0000	0.0000	0.0000	0.0000	0.0000
890	0.0000	0.0000	0.0000	0.0000	0.0000	0.0000	0.0000	0.0000	0.0000	0.0000
891	0.0000	0.0000	0.0000	0.0000	0.0000	0.0000	0.0000	0.0000	0.0000	0.0000
892	0.0000	0.0000	0.0000	0.0000	0.0000	0.0000	0.0000	0.0000	0.0000	0.0000
893	0.0000	0.0000	0.0000	0.0000	0.0000	0.0000	0.0000	0.0000	0.0000	0.0000
894	0.0000	0.0000	0.0000	0.0000	0.0000	0.0000	0.0000	0.0000	0.0000	0.0000
895	0.0000	0.0000	0.0000	0.0000	0.0000	0.0000	0.0000	0.0000	0.0000	0.0000
896	0.0000	0.0000	0.0000	0.0000	0.0000	0.0000	0.0000	0.0000	0.0000	0.0000
897	0.0000	0.0000	0.0000	0.0000	0.0000	0.0000	0.0000	0.0000	0.0000	0.0000
898	0.0000	0.0000	0.0000	0.0000	0.0000	0.0000	0.0000	0.0000	0.0000	0.0000
899	0.0000	0.0000	0.0000	0.0000	0.0000	0.0000	0.0000	0.0000	0.0000	0.0000
900	0.0000	0.0000	0.0000	0.0000	0.0000	0.0000	0.0000	0.0000	0.0000	0.0000
901	0.0000	0.0000	0.0000	0.0000	0.0000	0.0000	0.0000	0.0000	0.0000	0.0000
902	0.0000	0.0000	0.0000	0.0000	0.0000	0.0000	0.0000	0.0000	0.0000	0.0000
903	0.0000	0.0000	0.0000	0.0000	0.0000	0.0000	0.0000	0.0000	0.0000	0.0000
904	0.0000	0.0000	0.0000	0.0000	0.0000	0.0000	0.0000	0.0000	0.0000	0.0000
905	0.0000	0.0000	0.0000	0.0000	0.0000	0.0000	0.0000	0.0000	0.0000	0.0000
906	0.0000	0.0000	0.0000	0.0000	0.0000	0.0000	0.0000	0.0000	0.0000	0.0000
907	0.0000	0.0000	0.0000	0.0000	0.0000	0.0000	0.0000	0.0000	0.0000	0.0000
908	0.0000	0.0000	0.0000	0.0000	0.0000	0.0000	0.0000	0.0000	0.0000	0.0000
909	0.0000	0.0000	0.0000	0.0000	0.0000	0.0000	0.0000	0.0000	0.0000	0.0000
910	0.0000	0.0000	0.0000	0.0000	0.0000	0.0000	0.0000	0.0000	0.0000	0.0000
911	0.0000	0.0000	0.0000	0.0000	0.0000	0.0000	0.0000	0.0000	0.0000	0.0000
912	0.0000	0.0000	0.0000	0.0000	0.0000	0.0000	0.0000	0.0000	0.0000	0.0000
913	0.0000	0.0000	0.0000	0.0000	0.0000	0.0000	0.0000	0.0000	0.0000	0.0000
914	0.0000	0.0000	0.0000	0.0000	0.0000	0.0000	0.0000	0.0000	0.0000	0.0000
915	0.0000	0.0000	0.0000	0.0000	0.0000	0.0000	0.0000	0.0000	0.0000	0.0000
916	0.0000	0.0000	0.0000	0.0000	0.0000	0.0000	0.0000	0.0000	0.0000	0.0000
917	0.0000	0.0000	0.0000	0.0000	0.0000	0.0000	0.0000	0.0000	0.0000	0.0000
918	0.0000	0.0000	0.0000	0.0000	0.0000	0.0000	0.0000	0.0000	0.0000	0.0000
919	0.0000	0.0000	0.0000	0.0000	0.0000	0.0000	0.0000	0.0000	0.0000	0.0000
920	0.0000	0.0000	0.0000	0.0000	0.0000	0.0000	0.0000	0.0000	0.0000	0.0000
921	0.0000	0.0000	0.0000	0.0000	0.0000	0.0000	0.0000	0.0000	0.0000	0.0000
922	0.0000	0.0000	0.0000	0.0000	0.0000	0.0000	0.0000	0.0000	0.0000	0.0000
923	0.0000	0.0000	0.0000	0.0000	0.0000	0.0000	0.0000	0.0000	0.0000	0.0000
924	0.0000	0.0000	0.0000	0.0000	0.0000	0.0000	0.0000	0.0000	0.0000	0.0000
925	0.0000	0.0000	0.0000	0.0000	0.0000	0.0000	0.0000	0.0000	0.0000	0.0000
926	0.0000	0.0000	0.0000	0.0000	0.0000	0.0000	0.0000	0.0000	0.0000	0.0000
927	0.0000	0.0000	0.0000	0.0000	0.0000	0.0000	0.0000	0.0000	0.0000	0.0000
928	0.0000	0.0000	0.0000	0.0000	0.0000	0.0000	0.0000	0.0000	0.0000	0.0000
929	0.0000	0.0000	0.0000	0.0000	0.0000	0.0000	0.0000	0.0000	0.0000	0.0000
930	0.0000	0.0000	0.0000	0.0000	0.0000	0.0000	0.0000	0.0000	0.0000	0.0000
931	0.0000	0.0000	0.0000	0.0000	0.0000	0.0000	0.0000	0.0000	0.0000	0.0000
932	0.0000	0.0000	0.0000	0.0000	0.0000	0.0000	0.0000	0.0000	0.0000	0.0000
933	0.0000	0.0000	0.0000	0.0000	0.0000	0.0000	0.0000	0.0000	0.0000	0.0000
934	0.0000	0.0000	0.0000	0.0000	0.0000	0.0000	0.0000	0.0000	0.0000	0.0000
935	0.0000	0.0000	0.0000	0.0000	0.0000	0.0000	0.0000	0.0000	0.0000	0.0000
936	0.0000	0.0000	0.0000	0.0000	0.0000	0.0000	0.0000	0.0000	0.0000	0.0000
937	0.0000	0.0000	0.0000	0.0000	0.0000	0.0000	0.0000	0.0000	0.0000	0.0000
938	0.0000	0.0000	0.0000	0.0000	0.0000	0.0000	0.0000	0.0000	0.0000	0.0000
939	0.0000	0.0000	0.0000	0.0000	0.0000	0.0000	0.0000	0.0000	0.0000	0.0000
940	0.0000	0.0000	0.0000	0.0000	0.0000	0.0000	0.0000	0.0000	0.0000	0.0000
941	0.0000	0.0000	0.0000	0.0000	0.0000	0.0000	0.0000	0.0000	0.0000	0.0000
942	0.0000	0.0000	0.0000	0.0000	0.0000	0.0000	0.0000	0.0000	0.0000	0.0000
943	0.0000	0.0000	0.0000	0.0000	0.0000	0.0000	0.0000	0.0000	0.0000	0.0000
944	0.0000	0.0000	0.0000	0.0000	0.0000	0.0000	0.0000	0.0000	0.0000	0.0000
945	0.0000	0.0000	0.0000	0.0000	0.0000	0.0000	0.0000	0.0000	0.0000	0.0000
946	0.0000	0.0000	0.0000	0.0000	0.0000	0.0000	0.0000	0.0000	0.0000	0.0000
947	0.0000	0.0000	0.0000	0.0000	0.0000	0.0000	0.0000	0.0000	0.0000	0.0000
948	0.0000	0.0000	0.0000	0.0000	0.0000	0.0000	0.0000	0.0000	0.0000	0.0000
949	0.0000	0.0000	0.0000	0.0000	0.0000	0.0000	0.0000	0.0000	0.0000	0.0000
950	0.0000	0.0000	0.0000	0.0000	0.0000	0.0000	0.0000	0.0000	0.0000	0.0000
951	0.0000	0.0000	0.0000	0.0000	0.0000	0.0000	0.0000	0.0000	0.0000	0.0000
952	0.0000	0.0000	0.0000	0.0000	0.0000	0.0000	0.0000	0.0000	0.0000	0.0000
953	0.0000	0.0000	0.0000	0.0000	0.0000	0.0000	0.0000	0.0000	0.0000	0.0000
954	0.0000	0.0000	0.0000	0.0000	0.0000	0.0000	0.0000	0.0000	0.0000	0.0000
955	0.0000	0.0000	0.0000	0.0000	0.0000	0.0000	0.0000	0.0000	0.0000	0.0000
956	0.0000	0.0000	0.0000	0.0000	0.0000	0.0000	0.0000	0.0000	0.0000	0.0000
957	0.0000	0.0000	0.0000	0.0000	0.0000	0.0000	0.0000	0.0000	0.0000	0.0000
958	0.0000	0.0000	0.0000	0.0000	0.0000	0.0000	0.0000	0.0000	0.0000	0.0000
959	0.0000	0.0000	0.0000	0.0000	0.0000	0.0000	0.0000	0.0000	0.0000	0.0000
960	0.0000	0.0000	0.0000	0.0000	0.0000	0.0000	0.0000	0.0000	0.0000	0.0000
961	0.0000	0.0000	0.0000	0.0000	0.0000	0.0000	0.0000	0.0000	0.0000	0.0000
962	0.0000	0.0000	0.0000	0.0000	0.0000	0.0000	0.0000	0.0000	0.0000	0.0000
963	0.0000	0.0000	0.0000	0.0000	0.0000	0.0000	0.0000	0.0000	0.0000	0.0000
964	0.0000	0.0000	0.0000	0.0000	0.0000	0.0000	0.0000	0.0000	0.0000	0.0000
965	0.0000	0.0000	0.0000	0.0000	0.0000	0.0000	0.0000	0.0000	0.0000	0.0000
966	0.0000	0.0000	0.0000	0.0000	0.0000	0.0000	0.0000	0.0000	0.0000	0.0000
967	0.0000	0.0000	0.0000	0.0000	0.0000	0.0000	0.0000	0.0000	0.0000	0.0000
968	0.0000	0.0000	0.0000	0.0000	0.0000	0.0000	0.0000	0.0000	0.0000	0.0000
969	0.0000	0.0000	0.0000	0.0000	0.0000	0.0000	0.0000	0.0000	0.0000	0.0000
970	0.0000	0.0000	0.0000	0.0000	0.0000	0.0000	0.0000	0.0000	0.0000	0.0000
971	0.0000	0.0000	0.0000	0.0000	0.0000	0.0000	0.0000	0.0000	0.0000	0.0000
972	0.0000	0.0000	0.0000	0.0000	0.0000	0.0000	0.0000	0.0000	0.0000	0.0000
973	0.0000	0.0000	0.0000	0.0000	0.0000	0.0000	0.0000	0.0000	0.0000	0.0000
974	0.0000	0.0000	0.0000	0.0000	0.0000	0.0000	0.0000	0.0000	0.0000	0.0000
975	0.0000	0.0000	0.0000	0.0000	0.0000	0.0000	0.0000	0.0000	0.0000	0.0000
976	0.0000	0.0000	0.0000	0.0000	0.0000	0.0000	0.0000	0.0000	0.0000	0.0000
977	0.0000	0.0000	0.0000	0.0000	0.0000	0.0000	0.0000	0.0000	0.0000	0.0000
978	0.0000	0.0000	0.0000	0.0000	0.0000	0.0000	0.0000	0.0000	0.0000	0.0000
979	0.0000	0.0000	0.0000	0.0000	0.0000	0.0000	0.0000	0.0000	0.0000	0.0000
980	0.0000	0.0000	0.0000	0.0000	0.0000	0.0000	0.0000	0.0000	0.0000	0.0000
981	0.0000	0.0000	0.0000	0.0000	0.0000	0.0000	0.0000	0.0000	0.0000	0.0000
982	0.0000	0.0000	0.0000	0.0000	0.0000	0.0000	0.0000	0.0000	0.0000	0.0000
983	0.0000	0.0000	0.0000	0.0000	0.0000	0.0000	0.0000	0.0000	0.0000	0.0000
984	0.0000	0.0000	0.0000	0.0000	0.0000	0.0000	0.0000	0.0000	0.0000	0.0000
985	0.0000	0.0000	0.0000	0.0000	0.0000	0.0000	0.0000	0.0000	0.0000	0.0000
986	0.0000	0.0000	0.0000	0.0000	0.0000	0.0000	0.0000	0.0000	0.0000	0.0000
987	0.0000	0.0000	0.0000	0.0000	0.0000	0.0000	0.0000	0.0000	0.0000	0.0000
988	0.0000	0.0000	0.0000	0.0000	0.0000	0.0000	0.0000	0.0000	0.0000	0.0000
989	0.0000	0.0000	0.0000	0.0000	0.0000	0.0000	0.0000	0.0000	0.0000	0.0000
990	0.0000	0.0000	0.0000	0.0000	0.0000	0.0000	0.0000	0.0000	0.0000	0.0000
991	0.0000	0.0000	0.0000	0.0000	0.0000	0.0000	0.0000	0.0000	0.0000	0.0000
992	0.0000	0.0000	0.0000	0.0000	0.0000	0.0000	0.0000	0.0000	0.0000	0.0000
993	0.0000	0.0000	0.0000	0.0000	0.0000	0.0000	0.0000	0.0000	0.0000	0.0000
994	0.0000	0.0000	0.0000	0.0000	0.0000	0.0000	0.0000	0.0000	0.0000	0.0000
995	0.0000	0.0000	0.0000	0.0000	0.0000	0.0000	0.0000	0.0000	0.0000	0.0000
996	0.0000	0.0000	0.0000	0.0000	0.0000	0.0000	0.0000	0.0000	0.0000	0.0000
997	0.0000	0.0000	0.0000	0.0000	0.0000	0.0000	0.0000	0.0000	0.0000	0.0000
998	0.0000	0.0000	0.0000	0.0000	0.0000	0.0000	0.0000	0.0000	0.0000	0.0000
999	0.0000	0.0000	0.0000	0.0000	0.0000	0.0000	0.0000	0.0000	0.0000	0.0000
