s	phi0.0	phi-0.1	phi-0.2	phi-0.3	phi-0.4	phi-0.5	phi-0.6	phi-0.7	phi-0.8	phi-0.9
0	2114678.2946	2258984.5455	2406975.0047	2558099.8845	2711746.6780	2867242.3777	3072180.3193	3123452.8936	3167584.8778	3204249.1878
1	2067762.7929	2205313.5061	2345736.0006	2488408.8095	2632645.4281	2777697.1167	2967823.3120	3013679.1980	3052406.5483	3083707.1733
2	2021888.1418	2152917.6328	2286055.0582	2420616.3491	2555851.5500	2690948.3941	2867011.1439	2907763.4970	2941416.2825	2967699.8801
3	1977031.2494	2101766.6289	2227892.5368	2354670.7789	2481297.7380	2606908.8729	2769623.4024	2805570.2014	2834461.7961	2856056.7147
4	1933169.5361	2051830.9179	2171209.8043	2290521.7835	2408918.6496	2525493.9435	2675543.7653	2706968.4874	2731396.3417	2748613.5010
5	1890280.9232	2003081.6255	2115969.2115	2228120.4182	2338650.8485	2446621.6388	2584659.8616	2611832.1288	2632078.5080	2645212.2394
6	1848343.8218	1955490.5638	2062134.0670	2167419.0718	2270432.7489	2370212.5514	2496863.1375	2520039.3358	2536372.0258	2545700.8739
7	1807337.1221	1909030.2145	2009668.6129	2108371.4302	2204204.5611	2296189.7540	2412048.7264	2431472.5988	2444145.5807	2449933.0687
8	1767240.1824	1863673.7130	1958538.0011	2050932.4411	2139908.2397	2224478.7216	2330115.3240	2346018.5383	2355272.6330	2357767.9935
9	1728032.8193	1819394.8332	1908708.2702	1995058.2794	2077487.4326	2155007.2568	2250965.0670	2263567.7591	2269631.2444	2269070.1154
10	1689695.2967	1776167.9718	1860146.3228	1940706.3141	2016887.4312	2087705.4169	2174503.4165	2184014.7111	2187103.9103	2183709.0006
11	1652208.3168	1733968.1341	1812819.9035	1887835.0755	1958055.1228	2022505.4435	2100639.0449	2107257.5535	2107577.3989	2101559.1219
12	1615553.0098	1692770.9191	1766697.5776	1836404.2238	1900938.9442	1959341.6944	2029283.7267	2033198.0248	2030942.5956	2022499.6744
13	1579710.9243	1652552.5055	1721748.7102	1786374.5180	1845488.8361	1898150.5775	1960352.2336	1961741.3170	1957094.3533	1946414.3980
14	1544664.0187	1613289.6381	1677943.4459	1737707.7864	1791656.1995	1838870.4865	1893762.2320	1892795.9538	1885931.3483	1873191.4060
15	1510394.6513	1574959.6142	1635252.6886	1690366.8970	1739393.8529	1781441.7393	1829434.1854	1826273.6742	1817355.9413	1802723.0209
16	1476885.5718	1537540.2703	1593648.0828	1644315.7295	1688655.9912	1725806.5175	1767291.2586	1762089.3189	1751274.0431	1734905.6160
17	1444119.9129	1501009.9697	1553101.9944	1599519.1477	1639398.1455	1671908.8085	1707259.2268	1700160.7216	1687594.9858	1669639.4629
18	1412081.1813	1465347.5897	1513587.4920	1555942.9724	1591577.1438	1619694.3491	1649266.3862	1640408.6037	1626231.3984	1606828.5851
19	1380753.2496	1430532.5095	1475078.3299	1513553.9559	1545151.0737	1569110.5706	1593243.4688	1582756.4730	1567099.0869	1546380.6163
20	1350120.3483	1396544.5981	1437548.9298	1472319.7559	1500079.2452	1520106.5461	1539123.5595	1527130.5253	1510116.9184	1488206.6655
21	1320167.0577	1363364.2028	1400974.3644	1432208.9114	1456322.1553	1472632.9391	1486842.0162	1473459.5506	1455206.7106	1432221.1853
22	1290878.3001	1330972.1379	1365330.3403	1393190.8186	1413841.4532	1426641.9542	1436336.3925	1421674.8413	1402293.1236	1378341.8467
23	1262239.3325	1299349.6737	1330593.1826	1355235.7073	1372599.9070	1382087.2883	1387546.3634	1371710.1047	1351303.5571	1326489.4179
24	1234235.7388	1268478.5251	1296739.8185	1318314.6184	1332561.3705	1338924.0845	1340413.6528	1323501.3778	1302168.0509	1276587.6476
25	1206853.4230	1238340.8418	1263747.7621	1282399.3817	1293690.7522	1297108.8868	1294881.9643	1276986.9458	1254819.1884	1228563.1534
26	1180078.6015	1208919.1973	1231595.0998	1247462.5944	1255953.9841	1256599.5965	1250896.9137	1232107.2626	1209192.0044	1182345.3130
27	1153897.7966	1180196.5794	1200260.4755	1213477.6004	1219317.9920	1217355.4294	1208405.9644	1188804.8751	1165223.8961	1137866.1612
28	1128297.8298	1152156.3800	1169723.0765	1180418.4697	1183750.6664	1179336.8752	1167358.3640	1147024.3493	1122854.5368	1095060.2896
29	1103265.8148	1124782.3856	1139962.6194	1148259.9787	1149220.8343	1142505.6574	1127705.0844	1106712.1992	1082025.7935	1053864.7503
30	1078789.1512	1098058.7677	1110959.3371	1116977.5910	1115698.2324	1106824.6951	1089398.7627	1067816.8190	1042681.6470	1014218.9635
31	1054855.5181	1071970.0742	1082693.9653	1086547.4387	1083153.4799	1072258.0651	1052393.6449	1030288.4162	1004768.1151	976064.6285
32	1031452.8682	1046501.2200	1055147.7298	1056946.3041	1051558.0529	1038770.9664	1016645.5313	994078.9484	968233.1784	939345.6376
33	1008569.4211	1021637.4783	1028302.3342	1028151.6020	1020884.2599	1006329.6848	982111.7233	959142.0617	933026.7090	904007.9941
34	986193.6580	997364.4723	1002139.9475	1000141.3625	991105.2169	974901.5589	948750.9731	925433.0313	899100.4017	869999.7325
35	964314.3157	973668.1668	976643.1924	972894.2143	962194.8241	944454.9475	916523.4337	892908.7041	866407.7080	837270.8421
36	942920.3807	950534.8600	951795.1335	946389.3682	934127.7433	914959.1973	885390.6119	861527.4438	834903.7716	805773.1938
37	922001.0839	927951.1757	927579.2667	920606.6015	906879.3751	886384.6126	855315.3217	831249.0773	804545.3675	775460.4689
38	901545.8953	905904.0554	903979.5075	895526.2424	880425.8377	858702.4249	826261.6406	802034.8435	775290.8423	746288.0913
39	881544.5182	884380.7508	880980.1807	871129.1550	854743.9461	831884.7644	798194.8662	773847.3434	747100.0574	718213.1619
40	861986.8845	863368.8169	858566.0099	847396.7247	829811.1915	805904.6313	771081.4748	746650.4925	719934.3334	691194.3951
41	842863.1496	842856.1038	836722.1073	824310.8440	805605.7217	780735.8695	744889.0816	720409.4745	693756.3975	665192.0589
42	824163.6870	822830.7507	815433.9641	801853.8988	782106.3218	756353.1393	719586.4016	695090.6965	668530.3322	640167.9156
43	805879.0841	803281.1784	794687.4405	780008.7549	759292.3960	732731.8926	695143.2129	670661.7465	644221.5260	616085.1662
44	788000.1369	784196.0829	774468.7563	758758.7447	737143.9490	709848.3481	671530.3199	647091.3515	620796.6259	592908.3960
45	770517.8456	765564.4288	754764.4821	738087.6548	715641.5689	687679.4669	648719.5187	624349.3377	598223.4918	570603.5226
46	753423.4103	747375.4426	735561.5302	717979.7136	694766.4101	666202.9298	626683.5636	602406.5915	576471.1520	549137.7457
47	736708.2260	729618.6072	716847.1458	698419.5790	674500.1766	645397.1145	605396.1343	581235.0227	555509.7613	528479.4990
48	720363.8789	712283.6550	698608.8985	679392.3270	654825.1061	625241.0741	584831.8047	560807.5283	535310.5594	508598.4037
49	704382.1417	695360.5626	680834.6744	660883.4400	635723.9545	605714.5159	564966.0122	541097.9579	515845.8321	489465.2238
50	688754.9696	678839.5447	663512.6676	642878.7961	617179.9807	586797.7808	545775.0285	522081.0799	497088.8726	471051.8232
51	673474.4964	662711.0484	646631.3726	625364.6581	599176.9319	568471.8238	527235.9316	503732.5498	479013.9454	453331.1241
52	658533.0304	646965.7478	630179.5768	608327.6630	581699.0293	550718.1947	509326.5779	486028.8784	461596.2508	436277.0675
53	643923.0504	631594.5385	614146.3527	591754.8118	564730.9546	533519.0193	492025.5761	468947.4023	444811.8907	419864.5747
54	629637.2022	616588.5326	598521.0508	575633.4597	548257.8361	516856.9818	475312.2613	452466.2543	428637.8362	404069.5105
55	615668.2948	601939.0533	583293.2927	559951.3063	532265.2360	500715.3072	459166.6709	436564.3359	413051.8955	388868.6475
56	602009.2967	587637.6298	568452.9640	544696.3866	516739.1377	485077.7444	443569.5202	421221.2902	398032.6840	374239.6323
57	588653.3322	573675.9927	553990.2075	529857.0611	501665.9334	469928.5496	428502.1795	406417.4756	383559.5944	360160.9522
58	575593.6784	560046.0691	539895.4169	515422.0078	487032.4123	455252.4709	413946.6520	392133.9408	369612.7690	346611.9040
59	562823.7614	546739.9778	526159.2303	501380.2130	472825.7488	441034.7328	399885.5523	378352.4005	356173.0719	333572.5632
60	550337.1533	533750.0249	512772.5241	487720.9629	459033.4916	427261.0209	386302.0854	365055.2122	343222.0631	321023.7549
61	538127.5686	521068.6992	499726.4066	474433.8358	445643.5524	413917.4683	373180.0270	352225.3534	330741.9733	308947.0256
62	526188.8614	508688.6682	487012.2125	461508.6939	432644.1959	400990.6407	360503.7038	339846.3997	318715.6790	297324.6159
63	514515.0222	496602.7735	474621.4968	448935.6755	420024.0286	388467.5238	348257.9748	327902.5041	307126.6795	286139.4346
64	503100.1746	484804.0265	462546.0296	436705.1875	407771.9898	376335.5094	336428.2135	316378.3765	295959.0741	275375.0333
65	491938.5728	473285.6051	450777.7901	424807.8984	395877.3411	364582.3832	325000.2900	305259.2642	285197.5403	265015.5827
66	481024.5983	462040.8489	439308.9619	413234.7306	384329.6575	353196.3124	313960.5547	294530.9329	274827.3127	255045.8487
67	470352.7573	451063.2561	428131.9271	401976.8541	373118.8182	342165.8337	303295.8213	284179.6485	264834.1627	245451.1703
68	459917.6781	440346.4790	417239.2619	391025.6793	362234.9974	331479.8417	292993.3518	274192.1599	255204.3792	236217.4382
69	449714.1078	429884.3210	406623.7313	380372.8505	351668.6561	321127.5781	283040.8405	264555.6814	245924.7497	227331.0738
70	439736.9103	419670.7326	396278.2843	370010.2400	341410.5333	311098.6203	273426.3999	255257.8768	236982.5420	218779.0094
71	429981.0633	409699.8081	386196.0493	359929.9411	331451.6385	301382.8713	264138.5464	246286.8433	228365.4870	210548.6686
72	420441.6561	399965.7820	376370.3297	350124.2628	321783.2432	291970.5496	255166.1863	237631.0966	220061.7615	202627.9486
73	411113.8868	390463.0258	366794.5992	340585.7235	312396.8736	282852.1788	246498.6027	229279.5560	212059.9724	195005.2016
74	401993.0601	381186.0449	357462.4973	331307.0455	303284.3029	274018.5788	238125.4430	221221.5302	204349.1408	187669.2178
75	393074.5848	372129.4751	348367.8256	322281.1492	294437.5446	265460.8561	230036.7060	213446.7035	196918.6872	180609.2096
76	384353.9716	363288.0797	339504.5434	313501.1482	285848.8449	257170.3949	222222.7304	205945.1230	189758.4164	173814.7949
77	375826.8309	354656.7462	330866.7636	304960.3433	277510.6764	249138.8485	214674.1829	198707.1853	182858.5042	167275.9821
78	367488.8703	346230.4840	322448.7488	296652.2181	269415.7310	241358.1309	207382.0473	191723.6249	176209.4836	160983.1557
79	359335.8927	338004.4206	314244.9078	288570.4336	261556.9139	233820.4086	200337.6139	184985.5016	169802.2318	154927.0618
80	351363.7942	329973.7997	306249.7915	280708.8235	253927.3374	226518.0927	193532.4685	178484.1895	163627.9577	149098.7947
81	343568.5618	322133.9777	298458.0894	273061.3897	246520.3145	219443.8314	186958.4829	172211.3658	157678.1898	143489.7837
82	335946.2717	314480.4214	290864.6261	265622.2971	239329.3533	212590.5025	180607.8049	166159.0005	151944.7647	138091.7804
83	328493.0870	307008.7053	283464.3582	258385.8700	232348.1514	205951.2061	174472.8493	160319.3454	146419.8160	132896.8469
84	321205.2560	299714.5092	276252.3701	251346.5870	225570.5902	199519.2579	168546.2882	154684.9249	141095.7629	127897.3438
85	314079.1102	292593.6153	269223.8717	244499.0772	218990.7294	193288.1822	162821.0428	149248.5260	135965.3008	123085.9192
86	307111.0626	285641.9062	262374.1945	237838.1163	212602.8022	187251.7059	157290.2747	144003.1893	131021.3903	118455.4976
87	300297.6056	278855.3622	255698.7889	231358.6218	206401.2099	181403.7514	151947.3780	138942.1998	126257.2481	113999.2698
88	293635.3096	272230.0592	249193.2211	225055.6502	200380.5171	175738.4312	146785.9708	134059.0787	121666.3375	109710.6827
89	287120.8209	265762.1662	242853.1699	218924.3922	194535.4470	170250.0414	141799.8882	129347.5748	117242.3596	105583.4298
90	280750.8603	259447.9434	236674.4243	212960.1700	188860.8768	164933.0565	136983.1749	124801.6566	112979.2444	101611.4418
91	274522.2214	253283.7398	230652.8802	207158.4328	183351.8329	159782.1235	132330.0775	120415.5046	108871.1428	97788.8777
92	268431.7689	247265.9910	224784.5381	201514.7541	178003.4870	154792.0563	127835.0383	116183.5039	104912.4181	94110.1163
93	262476.4369	241391.2174	219065.5002	196024.8278	172811.1516	149957.8312	123492.6884	112100.2368	101097.6389	90569.7478
94	256653.2279	235656.0221	213491.9679	190684.4652	167770.2758	145274.5811	119297.8411	108160.4760	97421.5709	87162.5659
95	250959.2105	230057.0888	208060.2391	185489.5917	162876.4417	140737.5910	115245.4859	104359.1780	93879.1706	83883.5602
96	245391.5186	224591.1802	202766.7060	180436.2436	158125.3600	136342.2931	111330.7828	100691.4766	90465.5774	80727.9088
97	239947.3495	219255.1357	197607.8526	175520.5654	153512.8666	132084.2624	107549.0558	97152.6764	87176.1078	77690.9712
98	234623.9628	214045.8699	192580.2524	170738.8065	149034.9189	127959.2118	103895.7879	93738.2474	84006.2485	74768.2815
99	229418.6789	208960.3706	187680.5659	166087.3185	144687.5924	123962.9884	100366.6157	90443.8184	80951.6502	71955.5417
100	224328.8775	203995.6973	182905.5388	161562.5524	140467.0767	120091.5689	96957.3237	87265.1720	78008.1219	69248.6155
101	219351.9967	199148.9792	178251.9993	157161.0558	136369.6728	116341.0555	93663.8399	84198.2391	75171.6248	66643.5224
102	214485.5312	194417.4140	173716.8567	152879.4704	132391.7896	112707.6724	90482.2304	81239.0935	72438.2672	64136.4313
103	209727.0314	189798.2657	169297.0986	148714.5296	128529.9407	109187.7614	87408.6951	78383.9470	69804.2988	61723.6556
104	205074.1019	185288.8634	164989.7894	144663.0555	124780.7413	105777.7788	84439.5628	75629.1446	67266.1056	59401.6471
105	200524.4007	180886.5996	160792.0680	140721.9569	121140.9055	102474.2915	81571.2871	72971.1597	64820.2050	57166.9913
106	196075.6375	176588.9288	156701.1464	136888.2268	117607.2432	99273.9735	78800.4422	70406.5896	62463.2412	55016.4019
107	191725.5731	172393.3661	152714.3072	133158.9402	114176.6573	96173.6030	76123.7183	67932.1513	60191.9802	52946.7164
108	187472.0176	168297.4854	148828.9025	129531.2517	110846.1411	93170.0584	73537.9185	65544.6771	58003.3059	50954.8914
109	183312.8300	164298.9184	145042.3514	126002.3933	107612.7755	90260.3158	71039.9540	63241.1106	55894.2152	49037.9976
110	179245.9166	160395.3531	141352.1390	122569.6727	104473.7268	87441.4458	68626.8415	61018.5029	53861.8143	47193.2163
111	175269.2304	156584.5323	137755.8140	119230.4707	101426.2436	84710.6103	66295.6984	58874.0087	51903.3147	45417.8346
112	171380.7694	152864.2525	134250.9879	115982.2395	98467.6550	82065.0601	64043.7405	56804.8827	50016.0291	43709.2418
113	167578.5765	149232.3625	130835.3327	112822.5009	95595.3681	79502.1316	61868.2780	54808.4762	48197.3683	42064.9252
114	163860.7378	145686.7623	127506.5796	109748.8440	92806.8653	77019.2445	59766.7125	52882.2333	46444.8367	40482.4668
115	160225.3816	142225.4018	124262.5177	106758.9237	90099.7028	74613.8991	57736.5337	51023.6881	44756.0300	38959.5397
116	156670.6782	138846.2795	121100.9922	103850.4586	87471.5078	72283.6736	55775.3168	49230.4615	43128.6309	37493.9042
117	153194.8381	135547.4414	118019.9032	101021.2297	84919.9768	70026.2222	53880.7193	47500.2578	41560.4066	36083.4050
118	149796.1119	132326.9802	115017.2042	98269.0783	82442.8736	67839.2720	52050.4783	45830.8621	40049.2053	34725.9681
119	146472.7885	129183.0337	112090.9009	95591.9046	80038.0272	65720.6212	50282.4075	44220.1373	38592.9537	33419.5971
120	143223.1952	126113.7840	109239.0494	92987.6660	77703.3298	63668.1368	48574.3953	42666.0214	37189.6537	32162.3710
121	140045.6963	123117.4564	106459.7557	90454.3754	75436.7351	61679.7524	46924.4015	41166.5248	35837.3798	30952.4411
122	136938.6922	120192.3182	103751.1736	87990.1000	73236.2567	59753.4662	45330.4553	39719.7281	34534.2768	29788.0280
123	133900.6190	117336.6782	101111.5040	85592.9595	71099.9659	57887.3388	43790.6529	38323.7789	33278.5566	28667.4195
124	130929.9474	114548.8851	98538.9938	83261.1251	69025.9904	56079.4913	42303.1551	36976.8904	32068.4963	27588.9677
125	128025.1821	111827.3270	96031.9342	80992.8176	67012.5125	54328.1037	40866.1852	35677.3383	30902.4358	26551.0865
126	125184.8609	109170.4302	93588.6600	78786.3062	65057.7674	52631.4127	39478.0268	34423.4589	29778.7750	25552.2499
127	122407.5540	106576.6584	91207.5483	76639.9074	63160.0419	50987.7102	38137.0220	33213.6470	28695.9722	24590.9889
128	119691.8634	104044.5118	88887.0176	74551.9837	61317.6728	49395.3412	36841.5689	32046.3540	27652.5419	23665.8901
129	117036.4223	101572.5262	86625.5265	72520.9418	59529.0454	47852.7026	35590.1202	30920.0855	26647.0523	22775.5929
130	114439.8938	99159.2724	84421.5730	70545.2323	57792.5919	46358.2413	34381.1813	29833.3996	25678.1239	21918.7881
131	111900.9709	96803.3549	82273.6932	68623.3476	56106.7906	44910.4527	33213.3080	28784.9053	24744.4273	21094.2159
132	109418.3757	94503.4115	80180.4604	66753.8213	54470.1638	43507.8792	32085.1056	27773.2604	23844.6813	20300.6636
133	106990.8585	92258.1122	78140.4843	64935.2271	52881.2771	42149.1087	30995.2263	26797.1696	22977.6514	19536.9643
134	104617.1973	90066.1589	76152.4098	63166.1775	51338.7381	40832.7732	29942.3685	25855.3836	22142.1482	18801.9949
135	102296.1973	87926.2840	74214.9166	61445.3225	49841.1947	39557.5474	28925.2746	24946.6966	21337.0251	18094.6747
136	100026.6902	85837.2502	72326.7177	59771.3493	48387.3344	38322.1476	27942.7297	24069.9454	20561.1776	17413.9634
137	97807.5335	83797.8496	70486.5589	58142.9807	46975.8830	37125.3298	26993.5602	23224.0076	19813.5411	16758.8601
138	95637.6103	81806.9029	68693.2181	56558.9742	45605.6035	35965.8891	26076.6326	22407.8003	19093.0898	16128.4014
139	93515.8283	79863.2590	66945.5039	55018.1213	44275.2947	34842.6583	25190.8514	21620.2785	18398.8353	15521.6602
140	91441.1193	77965.7940	65242.2556	53519.2463	42983.7909	33754.5065	24335.1589	20860.4342	17729.8249	14937.7443
141	89412.4391	76113.4108	63582.3420	52061.2055	41729.9601	32700.3382	23508.5328	20127.2946	17085.1408	14375.7949
142	87428.7665	74305.0381	61964.6603	50642.8867	40512.7033	31679.0920	22709.9859	19419.9212	16463.8984	13834.9858
143	85489.1029	72539.6304	60388.1362	49263.2075	39330.9538	30689.7398	21938.5643	18737.4085	15865.2454	13314.5215
144	83592.4720	70816.1670	58851.7225	47921.1153	38183.6757	29731.2855	21193.3467	18078.8826	15288.3603	12813.6369
145	81737.9191	69133.6511	57354.3988	46615.5861	37069.8635	28802.7642	20473.4429	17443.5006	14732.4516	12331.5952
146	79924.5107	67491.1100	55895.1704	45345.6238	35988.5410	27903.2410	19777.9931	16830.4491	14196.7567	11867.6877
147	78151.3339	65887.5940	54473.0681	44110.2595	34938.7606	27031.8103	19106.1666	16238.9432	13680.5405	11421.2321
148	76417.4961	64322.1757	53087.1474	42908.5506	33919.6021	26187.5948	18457.1609	15668.2259	13183.0947	10991.5719
149	74722.1247	62793.9501	51736.4878	41739.5802	32930.1723	25369.7445	17830.2010	15117.5664	12703.7368	10578.0753
150	73064.3662	61302.0335	50420.1920	40602.4565	31969.6041	24577.4360	17224.5378	14586.2598	12241.8091	10180.1342
151	71443.3861	59845.5632	49137.3859	39496.3117	31037.0555	23809.8717	16639.4481	14073.6259	11796.6778	9797.1634
152	69858.3685	58423.6971	47887.2173	38420.3019	30131.7091	23066.2788	16074.2329	13579.0086	11367.7322	9428.5997
153	68308.5155	57035.6130	46668.8558	37373.6062	29252.7716	22345.9086	15528.2171	13101.7746	10954.3837	9073.9012
154	66793.0470	55680.5083	45481.4923	36355.4260	28399.4726	21648.0359	15000.7487	12641.3129	10556.0652	8732.5462
155	65311.2002	54357.5994	44324.3381	35364.9843	27571.0642	20971.9580	14491.1974	12197.0342	10172.2302	8404.0329
156	63862.2291	53066.1214	43196.6246	34401.5255	26766.8203	20316.9944	13998.9548	11768.3697	9802.3521	8087.8780
157	62445.4044	51805.3275	42097.6027	33464.3145	25986.0361	19682.4856	13523.4329	11354.7705	9445.9232	7783.6166
158	61060.0128	50574.4887	41026.5424	32552.6363	25228.0273	19067.7928	13064.0637	10955.7073	9102.4547	7490.8015
159	59705.3571	49372.8933	39982.7324	31665.7951	24492.1295	18472.2971	12620.2986	10570.6692	8771.4753	7209.0018
160	58380.7552	48199.8466	38965.4793	30803.1145	23777.6977	17895.3990	12191.6074	10199.1632	8452.5307	6937.8033
161	57085.5405	47054.6701	37974.1075	29963.9361	23084.1057	17336.5177	11777.4782	9840.7138	8145.1835	6676.8071
162	55819.0610	45936.7019	37007.9585	29147.6197	22410.7458	16795.0905	11377.4163	9494.8621	7849.0119	6425.6295
163	54580.6791	44845.2953	36066.3906	28353.5424	21757.0276	16270.5723	10990.9438	9161.1653	7563.6096	6183.9010
164	53369.7715	43779.8194	35148.7783	27581.0984	21122.3784	15762.4350	10617.5992	8839.1964	7288.5850	5951.2662
165	52185.7287	42739.6580	34254.5122	26829.6984	20506.2417	15270.1672	10256.9365	8528.5430	7023.5606	5727.3830
166	51027.9547	41724.2098	33382.9982	26098.7689	19908.0777	14793.2730	9908.5249	8228.8075	6768.1730	5511.9221
167	49895.8666	40732.8875	32533.6577	25387.7524	19327.3620	14331.2725	9571.9483	7939.6062	6522.0717	5304.5668
168	48788.8946	39765.1180	31705.9263	24696.1063	18763.5857	13883.7004	9246.8046	7660.5689	6284.9190	5105.0120
169	47706.4815	38820.3416	30899.2542	24023.3030	18216.2547	13450.1063	8932.7056	7391.3383	6056.3895	4912.9644
170	46648.0825	37898.0121	30113.1058	23368.8290	17684.8892	13030.0534	8629.2760	7131.5699	5836.1697	4728.1415
171	45613.1647	36997.5962	29346.9589	22732.1851	17169.0236	12623.1190	8336.1534	6880.9310	5623.9575	4550.2715
172	44601.2072	36118.5732	28600.3044	22112.8854	16668.2057	12228.8934	8052.9878	6639.1008	5419.4616	4379.0929
173	43611.7007	35260.4348	27872.6466	21510.4575	16181.9966	11846.9796	7779.4408	6405.7697	5222.4015	4214.3540
174	42644.1469	34422.6848	27163.5021	20924.4417	15709.9702	11476.9931	7515.1857	6180.6390	5032.5069	4055.8124
175	41698.0590	33604.8389	26472.3999	20354.3909	15251.7127	11118.5615	7259.9070	5963.4206	4849.5171	3903.2350
176	40772.9607	32806.4241	25798.8809	19799.8702	14806.8225	10771.3238	7013.2997	5753.8363	4673.1811	3756.3976
177	39868.3863	32026.9788	25142.4978	19260.4565	14374.9096	10434.9306	6775.0692	5551.6178	4503.2569	3615.0841
178	38983.8804	31266.0523	24502.8145	18735.7381	13955.5956	10109.0430	6544.9310	5356.5063	4339.5115	3479.0867
179	38118.9979	30523.2046	23879.4063	18225.3148	13548.5130	9793.3331	6322.6103	5168.2520	4181.7201	3348.2054
180	37273.3033	29798.0061	23271.8591	17728.7972	13153.3049	9487.4829	6107.8414	4986.6139	4029.6662	3222.2479
181	36446.3711	29090.0376	22679.7692	17245.8063	12769.6249	9191.1846	5900.3679	4811.3594	3883.1412	3101.0288
182	35637.7848	28398.8897	22102.7435	16775.9737	12397.1368	8904.1398	5699.9419	4642.2643	3741.9442	2984.3698
183	34847.1376	27724.1626	21540.3987	16318.9408	12035.5142	8626.0595	5506.3241	4479.1120	3605.8812	2872.0996
184	34074.0314	27065.4664	20992.3612	15874.3591	11684.4400	8356.6638	5319.2832	4321.6937	3474.7658	2764.0528
185	33318.0770	26422.4201	20458.2670	15441.8892	11343.6066	8095.6815	5138.5957	4169.8078	3348.4179	2660.0707
186	32578.8940	25794.6518	19937.7614	15021.2012	11012.7153	7842.8497	4964.0459	4023.2600	3226.6642	2560.0004
187	31856.1102	25181.7987	19430.4987	14611.9742	10691.4760	7597.9140	4795.4253	3881.8626	3109.3376	2463.6947
188	31149.3619	24583.5063	18936.1419	14213.8958	10379.6072	7360.6278	4632.5324	3745.4346	2996.2772	2371.0119
189	30458.2932	23999.4286	18454.3628	13826.6624	10076.8356	7130.7521	4475.1728	3613.8014	2887.3279	2281.8158
190	29782.5563	23429.2281	17984.8411	13449.9786	9782.8958	6908.0555	4323.1584	3486.7944	2782.3402	2195.9752
191	29121.8111	22872.5749	17527.2652	13083.5568	9497.5302	6692.3139	4176.3076	3364.2511	2681.1699	2113.3638
192	28475.7249	22329.1471	17081.3311	12727.1176	9220.4886	6483.3099	4034.4452	3246.0145	2583.6784	2033.8603
193	27843.9726	21798.6306	16646.7426	12380.3889	8951.5284	6280.8332	3897.4016	3131.9334	2489.7318	1957.3477
194	27226.2361	21280.7186	16223.2110	12043.1063	8690.4136	6084.6800	3765.0132	3021.8617	2399.2013	1883.7134
195	26622.2045	20775.1117	15810.4551	11715.0124	8436.9155	5894.6527	3637.1218	2915.6584	2311.9626	1812.8491
196	26031.5737	20281.5174	15408.2006	11395.8568	8190.8119	5710.5601	3513.5746	2813.1876	2227.8960	1744.6508
197	25454.0465	19799.6504	15016.1803	11085.3961	7951.8872	5532.2167	3394.2241	2714.3182	2146.8863	1679.0180
198	24889.3320	19329.2320	14634.1340	10783.3934	7719.9318	5359.4431	3278.9278	2618.9235	2068.8221	1615.8543
199	24337.1461	18869.9903	14261.8078	10489.6182	7494.7425	5192.0653	3167.5479	2526.8815	1993.5965	1555.0668
200	23797.2109	18421.6597	13898.9545	10203.8464	7276.1220	5029.9148	3059.9515	2438.0743	1921.1062	1496.5661
201	23269.2544	17983.9809	13545.3330	9925.8600	7063.8786	4872.8283	2956.0098	2352.3882	1851.2518	1440.2662
202	22753.0110	17556.7009	13200.7084	9655.4468	6857.8263	4720.6477	2855.5990	2269.7136	1783.9374	1386.0842
203	22248.2208	17139.5726	12864.8519	9392.4006	6657.7845	4573.2198	2758.5989	2189.9445	1719.0707	1333.9405
204	21754.6296	16732.3548	12537.5404	9136.5207	6463.5779	4430.3961	2664.8937	2112.9790	1656.5626	1283.7584
205	21271.9891	16334.8121	12218.5564	8887.6117	6275.0363	4292.0328	2574.3716	2038.7184	1596.3274	1235.4642
206	20800.0563	15946.7145	11907.6881	8645.4839	6091.9944	4157.9907	2486.9243	1967.0677	1538.2824	1188.9867
207	20338.5937	15567.8378	11604.7290	8409.9524	5914.2918	4028.1348	2402.4475	1897.9351	1482.3481	1144.2577
208	19887.3689	15197.9627	11309.4779	8180.8376	5741.7728	3902.3344	2320.8403	1831.2322	1428.4476	1101.2114
209	19446.1548	14836.8755	11021.7386	7957.9646	5574.2862	3780.4627	2242.0051	1766.8736	1376.5070	1059.7844
210	19014.7293	14484.3673	10741.3202	7741.1634	5411.6851	3662.3972	2165.8478	1704.7768	1326.4551	1019.9160
211	18592.8752	14140.2343	10468.0362	7530.2686	5253.8270	3548.0189	2092.2774	1644.8625	1278.2231	981.5473
212	18180.3803	13804.2776	10201.7051	7325.1192	5100.5737	3437.2127	2021.2061	1587.0538	1231.7449	944.6221
213	17777.0369	13476.3028	9942.1502	7125.5588	4951.7907	3329.8670	1952.5490	1531.2768	1186.9567	909.0859
214	17382.6418	13156.1204	9689.1989	6931.4351	4807.3477	3225.8737	1886.2241	1477.4602	1143.7971	874.8866
215	16996.9967	12843.5452	9442.6833	6742.6000	4667.1180	3125.1283	1822.1521	1425.5348	1102.2069	841.9739
216	16619.9074	12538.3964	9202.4396	6558.9093	4530.9789	3027.5291	1760.2565	1375.4344	1062.1289	810.2993
217	16251.1840	12240.4976	8968.3083	6380.2230	4398.8109	2932.9780	1700.4635	1327.0948	1023.5083	779.8163
218	15890.6410	11949.6765	8740.1338	6206.4047	4270.4983	2841.3798	1642.7015	1280.4541	986.2919	750.4801
219	15538.0969	11665.7651	8517.7647	6037.3218	4145.9285	2752.6422	1586.9015	1235.4526	950.4288	722.2475
220	15193.3742	11388.5991	8301.0530	5872.8452	4024.9923	2666.6760	1532.9971	1192.0326	915.8697	695.0769
221	14856.2994	11118.0182	8089.8551	5712.8495	3907.5839	2583.3945	1480.9236	1150.1386	882.5673	668.9285
222	14526.7028	10853.8661	7884.0305	5557.2127	3793.6003	2502.7140	1430.6190	1109.7170	850.4757	643.7638
223	14204.4185	10595.9899	7683.4425	5405.8159	3682.9415	2424.5531	1382.0232	1070.7161	819.5511	619.5458
224	13889.2843	10344.2406	7487.9580	5258.5436	3575.5106	2348.8332	1335.0781	1033.0858	789.7510	596.2388
225	13581.1416	10098.4726	7297.4471	5115.2836	3471.2135	2275.4781	1289.7277	996.7780	761.0344	573.8087
226	13279.8352	9858.5438	7111.7831	4975.9264	3369.9587	2204.4139	1245.9177	961.7462	733.3620	552.2223
227	12985.2135	9624.3154	6930.8430	4840.3657	3271.6575	2135.5691	1203.5959	927.9457	706.6958	531.4480
228	12697.1282	9395.6520	6754.5063	4708.4982	3176.2238	2068.8743	1162.7117	895.3330	680.9992	511.4553
229	12415.4342	9172.4215	6582.6561	4580.2232	3083.5738	2004.2624	1123.2162	863.8666	656.2370	492.2146
230	12139.9898	8954.4946	6415.1781	4455.4428	2993.6264	1941.6684	1085.0624	833.5060	632.3752	473.6978
231	11870.6563	8741.7455	6251.9611	4334.0619	2906.3028	1881.0292	1048.2046	804.2125	609.3811	455.8775
232	11607.2981	8534.0510	6092.8968	4215.9877	2821.5263	1822.2838	1012.5988	775.9484	587.2230	438.7277
233	11349.7827	8331.2911	5937.8794	4101.1303	2739.2228	1765.3731	978.2024	748.6777	565.8707	422.2230
234	11097.9805	8133.3486	5786.8061	3989.4020	2659.3201	1710.2397	944.9745	722.3655	545.2947	406.3392
235	10851.7646	7940.1090	5639.5763	3880.7176	2581.7481	1656.8282	912.8752	696.9779	525.4670	391.0530
236	10611.0112	7751.4606	5496.0925	3774.9940	2506.4389	1605.0847	881.8663	672.4827	506.3602	376.3418
237	10375.5991	7567.2942	5356.2592	3672.1507	2433.3265	1554.9572	851.9107	648.8483	487.9481	362.1840
238	10145.4097	7387.5035	5219.9836	3572.1092	2362.3467	1506.3952	822.9727	626.0445	470.2056	348.5589
239	9920.3273	7211.9844	5087.1752	3474.7932	2293.4374	1459.3498	795.0176	604.0422	453.1082	335.4463
240	9700.2384	7040.6354	4957.7457	3380.1284	2226.5382	1413.7736	768.0122	582.8131	436.6324	322.8270
241	9485.0324	6873.3575	4831.6092	3288.0425	2161.5904	1369.6208	741.9240	562.3302	420.7558	310.6824
242	9274.6008	6710.0539	4708.6819	3198.4654	2098.5371	1326.8470	716.7221	542.5671	405.4565	298.9947
243	9068.8378	6550.6302	4588.8821	3111.3287	2037.3231	1285.4089	692.3762	523.4986	390.7134	287.7467
244	8867.6398	6394.9943	4472.1304	3026.5658	1977.8947	1245.2651	668.8573	505.1002	376.5065	276.9219
245	8670.9055	6243.0562	4358.3490	2944.1122	1920.1998	1206.3749	646.1373	487.3485	362.8161	266.5042
246	8478.5359	6094.7279	4247.4626	2863.9049	1864.1878	1168.6992	624.1890	470.2206	349.6236	256.4785
247	8290.4341	5949.9237	4139.3973	2785.8827	1809.8097	1132.2002	602.9863	453.6947	336.9107	246.8299
248	8106.5055	5808.5599	4034.0815	2709.9860	1757.0179	1096.8411	582.5039	437.7497	324.6601	237.5443
249	7926.6574	5670.5548	3931.4451	2636.1571	1705.7659	1062.5863	562.7172	422.3650	312.8550	228.6080
250	7750.7994	5535.8285	3831.4201	2564.3395	1656.0090	1029.4012	543.6026	407.5209	301.4791	220.0079
251	7578.8429	5404.3032	3733.9399	2494.4784	1607.7034	997.2526	525.1373	393.1986	290.5168	211.7313
252	7410.7014	5275.9028	3638.9399	2426.5206	1560.8070	966.1079	507.2992	379.3797	279.9532	203.7661
253	7246.2902	5150.5530	3546.3568	2360.4142	1515.2785	935.9360	490.0671	366.0464	269.7736	196.1006
254	7085.5266	5028.1814	3456.1293	2296.1087	1471.0780	906.7063	473.4203	353.1817	259.9642	188.7234
255	6928.3296	4908.7172	3368.1974	2233.5551	1428.1669	878.3894	457.3389	340.7691	250.5115	181.6237
256	6774.6201	4792.0914	3282.5027	2172.7057	1386.5075	850.9569	441.8039	328.7928	241.4026	174.7911
257	6624.3208	4678.2365	3198.9882	2113.5141	1346.0632	824.3812	426.7965	317.2374	232.6248	168.2156
258	6477.3560	4567.0866	3117.5986	2055.9350	1306.7988	798.6354	412.2989	306.0881	224.1662	161.8874
259	6333.6517	4458.5776	3038.2797	1999.9245	1268.6797	773.6936	398.2938	295.3306	216.0151	155.7973
260	6193.1355	4352.6466	2960.9788	1945.4400	1231.6725	749.5308	384.7644	284.9512	208.1605	149.9363
261	6055.7368	4249.2324	2885.6447	1892.4398	1195.7447	726.1226	371.6946	274.9366	200.5915	144.2958
262	5921.3864	4148.2752	2812.2272	1840.8835	1160.8651	703.4455	359.0687	265.2740	193.2976	138.8675
263	5790.0166	4049.7166	2740.6776	1790.7317	1127.0028	681.4766	346.8717	255.9509	186.2690	133.6433
264	5661.5614	3953.4997	2670.9485	1741.9463	1094.1283	660.1938	335.0891	246.9555	179.4960	128.6158
265	5535.9560	3859.5688	2602.9934	1694.4900	1062.2127	639.5756	323.7066	238.2763	172.9692	123.7773
266	5413.1372	3767.8696	2536.7672	1648.3265	1031.2281	619.6014	312.7108	229.9021	166.6798	119.1209
267	5293.0433	3678.3491	2472.2260	1603.4206	1001.1474	600.2510	302.0885	221.8222	160.6191	114.6396
268	5175.6137	3590.9555	2409.3269	1559.7381	971.9440	581.5049	291.8271	214.0262	154.7787	110.3269
269	5060.7894	3505.6383	2348.0280	1517.2457	943.5926	563.3442	281.9142	206.5043	149.1507	106.1765
270	4948.5125	3422.3481	2288.2888	1475.9110	916.0681	545.7507	272.3380	199.2467	143.7274	102.1822
271	4838.7266	3341.0368	2230.0694	1435.7023	889.3466	528.7067	263.0871	192.2442	138.5012	98.3382
272	4731.3763	3261.6573	2173.3313	1396.5890	863.4044	512.1949	254.1505	185.4878	133.4651	94.6387
273	4626.4077	3184.1639	2118.0367	1358.5413	838.2191	496.1988	245.5174	178.9688	128.6121	91.0785
274	4523.7678	3108.5116	2064.1490	1321.5302	813.7683	480.7023	237.1776	172.6789	123.9356	87.6522
275	4423.4051	3034.6567	2011.6323	1285.5273	790.0308	465.6898	229.1210	166.6101	119.4291	84.3547
276	4325.2690	2962.5565	1960.4517	1250.5053	766.9858	451.1461	221.3382	160.7546	115.0864	81.1814
277	4229.3101	2892.1694	1910.5733	1216.4375	744.6129	437.0566	213.8197	155.1049	110.9017	78.1274
278	4135.4802	2823.4545	1861.9639	1183.2977	722.8926	423.4071	206.5566	149.6538	106.8692	75.1883
279	4043.7319	2756.3723	1814.5912	1151.0608	701.8060	410.1839	199.5402	144.3942	102.9832	72.3597
280	3954.0191	2690.8839	1768.4238	1119.7021	681.3344	397.3737	192.7621	139.3194	99.2386	69.6376
281	3866.2966	2626.9514	1723.4310	1089.1977	661.4600	384.9635	186.2143	134.4231	95.6301	67.0179
282	3780.5203	2564.5378	1679.5830	1059.5244	642.1653	372.9410	179.8889	129.6988	92.1529	64.4967
283	3696.6470	2503.6072	1636.8505	1030.6594	623.4334	361.2938	173.7784	125.1405	88.8020	62.0704
284	3614.6345	2444.1242	1595.2052	1002.5809	605.2480	350.0105	167.8754	120.7424	85.5731	59.7353
285	3534.4415	2386.0544	1554.6195	975.2672	587.5930	339.0795	162.1729	116.4990	82.4615	57.4881
286	3456.0277	2329.3643	1515.0664	948.6978	570.4530	328.4899	156.6642	112.4046	79.4631	55.3254
287	3379.3535	2274.0211	1476.5196	922.8521	553.8129	318.2310	151.3425	108.4541	76.5737	53.2441
288	3304.3803	2219.9928	1438.9536	897.7106	537.6583	308.2925	146.2017	104.6425	73.7893	51.2411
289	3231.0705	2167.2482	1402.3433	873.2540	521.9749	298.6644	141.2355	100.9649	71.1062	49.3135
290	3159.3871	2115.7567	1366.6644	849.4637	506.7489	289.3370	136.4379	97.4165	68.5207	47.4583
291	3089.2941	2065.4886	1331.8933	826.3215	491.9672	280.3008	131.8033	93.9928	66.0292	45.6730
292	3020.7561	2016.4148	1298.0069	803.8097	477.6165	271.5469	127.3262	90.6894	63.6283	43.9548
293	2953.7387	1968.5070	1264.9826	781.9113	463.6845	263.0664	123.0011	87.5021	61.3146	42.3012
294	2888.2081	1921.7374	1232.7985	760.6095	450.1589	254.8507	118.8230	84.4268	59.0851	40.7099
295	2824.1313	1876.0790	1201.4332	739.8880	437.0279	246.8916	114.7867	81.4597	56.9367	39.1784
296	2761.4762	1831.5054	1170.8660	719.7310	424.2798	239.1811	110.8876	78.5968	54.8664	37.7045
297	2700.2110	1787.9908	1141.0765	700.1231	411.9036	231.7113	107.1210	75.8345	52.8714	36.2861
298	2640.3051	1745.5100	1112.0449	681.0495	399.8885	224.4749	103.4822	73.1693	50.9489	34.9210
299	2581.7282	1704.0386	1083.7519	662.4954	388.2238	217.4644	99.9671	70.5978	49.0963	33.6073
300	2524.4509	1663.5525	1056.1787	644.4469	376.8994	210.6729	96.5714	68.1166	47.3111	32.3430
301	2468.4444	1624.0283	1029.3071	626.8900	365.9053	204.0935	93.2910	65.7226	45.5908	31.1263
302	2413.6803	1585.4431	1003.1191	609.8115	355.2319	197.7196	90.1221	63.4128	43.9330	29.9554
303	2360.1313	1547.7747	977.5975	593.1982	344.8698	191.5447	87.0608	61.1842	42.3356	28.8284
304	2307.7702	1511.0012	952.7251	577.0375	334.8100	185.5627	84.1034	59.0339	40.7962	27.7439
305	2256.5709	1475.1014	928.4856	561.3171	325.0436	179.7675	81.2466	56.9591	39.3128	26.7002
306	2206.5074	1440.0546	904.8628	546.0250	315.5622	174.1533	78.4868	54.9573	37.8833	25.6958
307	2157.5546	1405.8405	881.8410	531.1495	306.3573	168.7144	75.8207	53.0258	36.5058	24.7291
308	2109.6879	1372.4392	859.4049	516.6792	297.4209	163.4454	73.2452	51.1622	35.1784	23.7988
309	2062.8831	1339.8315	837.5397	502.6032	288.7451	158.3409	70.7572	49.3641	33.8992	22.9035
310	2017.1167	1307.9986	816.2307	488.9106	280.3225	153.3958	68.3537	47.6292	32.6666	22.0419
311	1972.3657	1276.9220	795.4639	475.5911	272.1455	148.6052	66.0318	45.9553	31.4788	21.2127
312	1928.6074	1246.5837	775.2255	462.6344	264.2071	143.9642	63.7888	44.3402	30.3342	20.4147
313	1885.8200	1216.9662	755.5020	450.0307	256.5002	139.4681	61.6220	42.7819	29.2312	19.6467
314	1843.9819	1188.0524	736.2802	437.7704	249.0181	135.1125	59.5288	41.2783	28.1683	18.9076
315	1803.0720	1159.8255	717.5476	425.8441	241.7543	130.8929	57.5067	39.8276	27.1441	18.1963
316	1763.0697	1132.2693	699.2915	414.2427	234.7024	126.8050	55.5533	38.4278	26.1571	17.5118
317	1723.9548	1105.3678	681.4999	402.9573	227.8561	122.8448	53.6662	37.0773	25.2059	16.8530
318	1685.7078	1079.1055	664.1610	391.9794	221.2096	119.0083	51.8433	35.7742	24.2894	16.2190
319	1648.3093	1053.4671	647.2632	381.3006	214.7570	115.2917	50.0823	34.5169	23.4062	15.6088
320	1611.7405	1028.4379	630.7953	370.9127	208.4925	111.6910	48.3810	33.3038	22.5551	15.0217
321	1575.9830	1004.0033	614.7464	360.8079	202.4108	108.2029	46.7376	32.1334	21.7350	14.4565
322	1541.0188	980.1492	599.1059	350.9783	196.5065	104.8237	45.1500	31.0040	20.9447	13.9127
323	1506.8303	956.8619	583.8632	341.4165	190.7745	101.5500	43.6163	29.9144	20.1831	13.3893
324	1473.4003	934.1279	569.0084	332.1152	185.2096	98.3785	42.1348	28.8631	19.4492	12.8856
325	1440.7119	911.9341	554.5315	323.0672	179.8071	95.3061	40.7035	27.8487	18.7420	12.4009
326	1408.7488	890.2675	540.4229	314.2658	174.5621	92.3297	39.3209	26.8699	18.0605	11.9344
327	1377.4948	869.1157	526.6733	305.7042	169.4702	89.4462	37.9852	25.9256	17.4038	11.4854
328	1346.9342	848.4664	513.2736	297.3758	164.5267	86.6527	36.6949	25.0144	16.7710	11.0533
329	1317.0516	828.3078	500.2147	289.2743	159.7275	83.9465	35.4485	24.1353	16.1612	10.6375
330	1287.8320	808.6281	487.4881	281.3935	155.0683	81.3248	34.2443	23.2871	15.5735	10.2373
331	1259.2606	789.4160	475.0852	273.7274	150.5450	78.7850	33.0811	22.4686	15.0072	9.8522
332	1231.3231	770.6603	462.9980	266.2702	146.1536	76.3245	31.9574	21.6790	14.4615	9.4816
333	1204.0054	752.3502	451.2182	259.0161	141.8903	73.9409	30.8718	20.9171	13.9357	9.1249
334	1177.2937	734.4752	439.7382	251.9597	137.7514	71.6317	29.8232	20.1819	13.4290	8.7816
335	1151.1747	717.0249	428.5503	245.0954	133.7332	69.3946	28.8101	19.4726	12.9407	8.4512
336	1125.6352	699.9891	417.6469	238.4182	129.8322	67.2274	27.8315	18.7883	12.4701	8.1333
337	1100.6622	683.3581	407.0210	231.9229	126.0451	65.1278	26.8861	18.1280	12.0167	7.8273
338	1076.2433	667.1223	396.6655	225.6046	122.3683	63.0938	25.9728	17.4909	11.5798	7.5329
339	1052.3662	651.2722	386.5734	219.4584	118.7989	61.1234	25.0906	16.8761	11.1587	7.2495
340	1029.0187	635.7986	376.7381	213.4796	115.3335	59.2145	24.2383	16.2830	10.7529	6.9768
341	1006.1893	620.6928	367.1530	207.6637	111.9693	57.3652	23.4150	15.7108	10.3620	6.7143
342	983.8663	605.9458	357.8118	202.0063	108.7031	55.5737	22.6196	15.1586	9.9852	6.4617
343	962.0386	591.5491	348.7082	196.5030	105.5323	53.8381	21.8512	14.6259	9.6221	6.2186
344	940.6952	577.4946	339.8363	191.1496	102.4539	52.1567	21.1090	14.1118	9.2722	5.9847
345	919.8253	563.7739	331.1901	185.9420	99.4654	50.5278	20.3919	13.6159	8.9351	5.7596
346	899.4183	550.3793	322.7638	180.8764	96.5640	48.9498	19.6993	13.1373	8.6102	5.5429
347	879.4642	537.3028	314.5520	175.9487	93.7472	47.4211	19.0301	12.6756	8.2971	5.3344
348	859.9527	524.5371	306.5490	171.1553	91.0126	45.9401	18.3837	12.2302	7.9954	5.1337
349	840.8741	512.0747	298.7497	166.4924	88.3578	44.5054	17.7592	11.8003	7.7047	4.9406
350	822.2187	499.9083	291.1488	161.9566	85.7804	43.1154	17.1560	11.3856	7.4245	4.7547
351	803.9773	488.0310	283.7413	157.5444	83.2782	41.7689	16.5732	10.9855	7.1546	4.5758
352	786.1405	476.4360	276.5223	153.2524	80.8490	40.4645	16.0102	10.5994	6.8944	4.4037
353	768.6995	465.1164	269.4869	149.0773	78.4906	39.2007	15.4664	10.2269	6.6437	4.2380
354	751.6454	454.0657	262.6306	145.0159	76.2011	37.9765	14.9410	9.8674	6.4021	4.0786
355	734.9697	443.2776	255.9486	141.0652	73.9783	36.7905	14.4335	9.5206	6.1693	3.9252
356	718.6639	432.7458	249.4367	137.2221	71.8204	35.6415	13.9432	9.1860	5.9450	3.7775
357	702.7199	422.4642	243.0905	133.4837	69.7254	34.5284	13.4696	8.8632	5.7289	3.6354
358	687.1296	412.4269	236.9057	129.8472	67.6915	33.4500	13.0121	8.5517	5.5205	3.4986
359	671.8852	402.6281	230.8783	126.3097	65.7170	32.4054	12.5701	8.2511	5.3198	3.3670
360	656.9790	393.0621	225.0042	122.8686	63.8000	31.3933	12.1431	7.9612	5.1264	3.2403
361	642.4035	383.7234	219.2795	119.5213	61.9390	30.4129	11.7306	7.6814	4.9400	3.1184
362	628.1513	374.6065	213.7006	116.2651	60.1322	29.4631	11.3321	7.4114	4.7603	3.0011
363	614.2154	365.7063	208.2635	113.0977	58.3782	28.5430	10.9472	7.1509	4.5872	2.8882
364	600.5886	357.0175	202.9648	110.0165	56.6753	27.6516	10.5753	6.8996	4.4204	2.7796
365	587.2642	348.5351	197.8009	107.0193	55.0221	26.7880	10.2161	6.6571	4.2597	2.6750
366	574.2353	340.2543	192.7684	104.1038	53.4171	25.9514	9.8691	6.4232	4.1048	2.5744
367	561.4956	332.1702	187.8639	101.2676	51.8589	25.1409	9.5338	6.1974	3.9556	2.4775
368	549.0384	324.2782	183.0843	98.5088	50.3462	24.3557	9.2100	5.9796	3.8117	2.3843
369	536.8576	316.5737	178.4262	95.8251	48.8776	23.5951	8.8971	5.7695	3.6731	2.2946
370	524.9471	309.0523	173.8866	93.2145	47.4519	22.8582	8.5949	5.5667	3.5396	2.2083
371	513.3008	301.7095	169.4625	90.6750	46.0677	22.1443	8.3030	5.3710	3.4109	2.1252
372	501.9129	294.5412	165.1510	88.2047	44.7239	21.4528	8.0209	5.1823	3.2868	2.0453
373	490.7776	287.5432	160.9492	85.8017	43.4193	20.7828	7.7485	5.0002	3.1673	1.9683
374	479.8894	280.7115	156.8543	83.4642	42.1528	20.1337	7.4853	4.8244	3.0522	1.8943
375	469.2428	274.0421	152.8635	81.1904	40.9232	19.5049	7.2310	4.6549	2.9412	1.8230
376	458.8323	267.5312	148.9743	78.9785	39.7295	18.8958	6.9854	4.4913	2.8342	1.7545
377	448.6528	261.1749	145.1841	76.8268	38.5706	18.3057	6.7481	4.3334	2.7312	1.6884
378	438.6992	254.9697	141.4903	74.7338	37.4455	17.7340	6.5189	4.1811	2.6319	1.6249
379	428.9664	248.9119	137.8904	72.6978	36.3532	17.1801	6.2974	4.0342	2.5362	1.5638
380	419.4495	242.9980	134.3822	70.7173	35.2928	16.6436	6.0835	3.8924	2.4439	1.5050
381	410.1437	237.2246	130.9632	68.7907	34.2633	16.1238	5.8769	3.7556	2.3551	1.4484
382	401.0444	231.5884	127.6312	66.9166	33.2638	15.6203	5.6773	3.6236	2.2694	1.3939
383	392.1470	226.0861	124.3839	65.0936	32.2935	15.1324	5.4844	3.4963	2.1869	1.3414
384	383.4469	220.7146	121.2193	63.3202	31.3515	14.6598	5.2981	3.3734	2.1074	1.2910
385	374.9399	215.4706	118.1352	61.5952	30.4370	14.2020	5.1181	3.2548	2.0308	1.2424
386	366.6216	210.3513	115.1296	59.9171	29.5492	13.7585	4.9443	3.1404	1.9569	1.1957
387	358.4879	205.3536	112.2004	58.2848	28.6872	13.3288	4.7763	3.0301	1.8858	1.1507
388	350.5346	200.4746	109.3458	56.6969	27.8504	12.9125	4.6141	2.9236	1.8172	1.1074
389	342.7578	195.7115	106.5638	55.1523	27.0380	12.5093	4.4574	2.8208	1.7511	1.0657
390	335.1535	191.0616	103.8525	53.6498	26.2493	12.1186	4.3059	2.7217	1.6875	1.0256
391	327.7179	186.5222	101.2103	52.1882	25.4836	11.7401	4.1597	2.6260	1.6261	0.9871
392	320.4472	182.0906	98.6353	50.7664	24.7403	11.3735	4.0184	2.5337	1.5670	0.9499
393	313.3379	177.7644	96.1258	49.3834	24.0186	11.0183	3.8819	2.4447	1.5100	0.9142
394	306.3863	173.5409	93.6801	48.0380	23.3180	10.6742	3.7500	2.3588	1.4551	0.8798
395	299.5889	169.4177	91.2967	46.7293	22.6378	10.3408	3.6226	2.2759	1.4022	0.8467
396	292.9424	165.3925	88.9739	45.4562	21.9775	10.0179	3.4996	2.1959	1.3512	0.8149
397	286.4432	161.4630	86.7102	44.2179	21.3364	9.7050	3.3807	2.1187	1.3021	0.7842
398	280.0883	157.6268	84.5041	43.0132	20.7140	9.4019	3.2659	2.0443	1.2547	0.7547
399	273.8744	153.8818	82.3541	41.8414	20.1098	9.1083	3.1549	1.9724	1.2091	0.7263
400	267.7983	150.2257	80.2588	40.7015	19.5232	8.8238	3.0478	1.9031	1.1651	0.6990
401	261.8570	146.6565	78.2168	39.5926	18.9537	8.5483	2.9442	1.8362	1.1228	0.6727
402	256.0476	143.1721	76.2268	38.5140	18.4008	8.2813	2.8442	1.7717	1.0819	0.6474
403	250.3670	139.7705	74.2874	37.4648	17.8641	8.0227	2.7476	1.7094	1.0426	0.6230
404	244.8124	136.4497	72.3974	36.4441	17.3430	7.7721	2.6543	1.6493	1.0047	0.5996
405	239.3811	133.2078	70.5554	35.4512	16.8371	7.5294	2.5641	1.5914	0.9682	0.5770
406	234.0703	130.0429	68.7603	34.4854	16.3460	7.2942	2.4770	1.5354	0.9330	0.5553
407	228.8773	126.9532	67.0109	33.5459	15.8691	7.0664	2.3929	1.4815	0.8990	0.5344
408	223.7995	123.9370	65.3060	32.6320	15.4062	6.8457	2.3116	1.4294	0.8663	0.5143
409	218.8343	120.9924	63.6445	31.7430	14.9568	6.6319	2.2331	1.3792	0.8348	0.4950
410	213.9794	118.1177	62.0252	30.8782	14.5206	6.4248	2.1572	1.3307	0.8045	0.4764
411	209.2321	115.3114	60.4471	30.0370	14.0970	6.2242	2.0839	1.2839	0.7752	0.4584
412	204.5901	112.5717	58.9092	29.2187	13.6858	6.0298	2.0132	1.2388	0.7470	0.4412
413	200.0512	109.8971	57.4104	28.4227	13.2866	5.8415	1.9448	1.1953	0.7199	0.4246
414	195.6129	107.2861	55.9498	27.6484	12.8990	5.6591	1.8787	1.1533	0.6937	0.4086
415	191.2731	104.7371	54.5263	26.8951	12.5227	5.4823	1.8149	1.1127	0.6685	0.3932
416	187.0296	102.2486	53.1390	26.1624	12.1575	5.3111	1.7532	1.0736	0.6442	0.3785
417	182.8802	99.8193	51.7870	25.4497	11.8028	5.1452	1.6937	1.0359	0.6207	0.3642
418	178.8229	97.4477	50.4695	24.7563	11.4585	4.9845	1.6362	0.9995	0.5982	0.3505
419	174.8556	95.1325	49.1854	24.0819	11.1243	4.8289	1.5806	0.9644	0.5764	0.3373
420	170.9763	92.8722	47.9340	23.4258	10.7998	4.6781	1.5269	0.9305	0.5555	0.3246
421	167.1831	90.6657	46.7145	22.7876	10.4848	4.5320	1.4750	0.8978	0.5353	0.3124
422	163.4740	88.5116	45.5259	22.1668	10.1789	4.3904	1.4249	0.8662	0.5158	0.3007
423	159.8473	86.4086	44.3676	21.5629	9.8820	4.2533	1.3765	0.8358	0.4970	0.2894
424	156.3010	84.3556	43.2388	20.9755	9.5938	4.1205	1.3298	0.8064	0.4790	0.2785
425	152.8333	82.3514	42.1387	20.4040	9.3139	3.9918	1.2846	0.7781	0.4616	0.2680
426	149.4426	80.3949	41.0666	19.8482	9.0422	3.8671	1.2410	0.7507	0.4448	0.2579
427	146.1271	78.4848	40.0218	19.3074	8.7785	3.7464	1.1988	0.7243	0.4286	0.2482
428	142.8852	76.6200	39.0036	18.7814	8.5224	3.6294	1.1581	0.6989	0.4130	0.2389
429	139.7152	74.7996	38.0112	18.2698	8.2738	3.5160	1.1187	0.6743	0.3980	0.2299
430	136.6155	73.0225	37.0441	17.7720	8.0325	3.4062	1.0807	0.6506	0.3835	0.2212
431	133.5846	71.2875	36.1016	17.2879	7.7982	3.2998	1.0440	0.6277	0.3696	0.2129
432	130.6210	69.5938	35.1831	16.8169	7.5707	3.1968	1.0086	0.6057	0.3561	0.2049
433	127.7231	67.9404	34.2880	16.3587	7.3498	3.0969	0.9743	0.5844	0.3432	0.1972
434	124.8894	66.3262	33.4156	15.9131	7.1355	3.0002	0.9412	0.5639	0.3307	0.1898
435	122.1187	64.7503	32.5654	15.4796	6.9273	2.9065	0.9092	0.5440	0.3187	0.1826
436	119.4094	63.2119	31.7369	15.0578	6.7252	2.8158	0.8784	0.5249	0.3071	0.1758
437	116.7602	61.7101	30.9294	14.6476	6.5291	2.7278	0.8485	0.5065	0.2959	0.1692
438	114.1698	60.2439	30.1425	14.2486	6.3386	2.6426	0.8197	0.4887	0.2852	0.1628
439	111.6369	58.8126	29.3756	13.8604	6.1537	2.5601	0.7919	0.4715	0.2748	0.1567
440	109.1602	57.4153	28.6282	13.4828	5.9742	2.4801	0.7650	0.4549	0.2648	0.1508
441	106.7384	56.0511	27.8999	13.1155	5.8000	2.4027	0.7390	0.4389	0.2552	0.1451
442	104.3703	54.7194	27.1900	12.7582	5.6308	2.3276	0.7139	0.4235	0.2459	0.1396
443	102.0548	53.4193	26.4983	12.4106	5.4665	2.2550	0.6896	0.4086	0.2370	0.1344
444	99.7906	52.1502	25.8241	12.0725	5.3071	2.1845	0.6662	0.3943	0.2283	0.1293
445	97.5767	50.9111	25.1671	11.7436	5.1523	2.1163	0.6436	0.3804	0.2200	0.1245
446	95.4119	49.7015	24.5268	11.4237	5.0020	2.0502	0.6217	0.3670	0.2120	0.1198
447	93.2951	48.5207	23.9027	11.1124	4.8561	1.9862	0.6006	0.3541	0.2043	0.1153
448	91.2253	47.3679	23.2946	10.8097	4.7144	1.9242	0.5802	0.3417	0.1969	0.1109
449	89.2014	46.2425	22.7019	10.5152	4.5769	1.8641	0.5605	0.3297	0.1897	0.1068
450	87.2224	45.1438	22.1243	10.2287	4.4434	1.8058	0.5414	0.3181	0.1828	0.1028
451	85.2874	44.0712	21.5614	9.9501	4.3138	1.7494	0.5230	0.3069	0.1762	0.0989
452	83.3952	43.0241	21.0129	9.6790	4.1879	1.6948	0.5053	0.2961	0.1698	0.0952
453	81.5450	42.0019	20.4783	9.4153	4.0658	1.6419	0.4881	0.2857	0.1636	0.0916
454	79.7359	41.0040	19.9572	9.1588	3.9472	1.5906	0.4715	0.2757	0.1577	0.0881
455	77.9669	40.0298	19.4495	8.9093	3.8320	1.5409	0.4555	0.2660	0.1519	0.0848
456	76.2372	39.0787	18.9546	8.6666	3.7203	1.4928	0.4400	0.2566	0.1464	0.0816
457	74.5458	38.1503	18.4724	8.4305	3.6117	1.4462	0.4251	0.2476	0.1411	0.0786
458	72.8919	37.2439	18.0024	8.2008	3.5064	1.4010	0.4107	0.2389	0.1360	0.0756
459	71.2748	36.3590	17.5444	7.9774	3.4041	1.3573	0.3967	0.2305	0.1310	0.0728
460	69.6935	35.4951	17.0980	7.7600	3.3048	1.3149	0.3832	0.2224	0.1262	0.0700
461	68.1473	34.6518	16.6630	7.5486	3.2084	1.2738	0.3702	0.2146	0.1217	0.0674
462	66.6354	33.8285	16.2391	7.3430	3.1148	1.2340	0.3576	0.2071	0.1172	0.0649
463	65.1571	33.0248	15.8259	7.1429	3.0240	1.1955	0.3455	0.1998	0.1130	0.0624
464	63.7115	32.2402	15.4233	6.9483	2.9358	1.1582	0.3338	0.1928	0.1089	0.0601
465	62.2980	31.4742	15.0309	6.7590	2.8501	1.1220	0.3224	0.1860	0.1049	0.0578
466	60.9159	30.7264	14.6484	6.5749	2.7670	1.0869	0.3115	0.1795	0.1011	0.0556
467	59.5645	29.9964	14.2757	6.3958	2.6863	1.0530	0.3009	0.1731	0.0974	0.0535
468	58.2430	29.2837	13.9125	6.2215	2.6079	1.0201	0.2907	0.1671	0.0939	0.0515
469	56.9508	28.5879	13.5586	6.0520	2.5318	0.9883	0.2808	0.1612	0.0905	0.0496
470	55.6873	27.9087	13.2136	5.8872	2.4580	0.9574	0.2713	0.1555	0.0872	0.0477
471	54.4519	27.2456	12.8774	5.7268	2.3863	0.9275	0.2620	0.1501	0.0840	0.0459
472	53.2438	26.5983	12.5498	5.5708	2.3167	0.8985	0.2531	0.1448	0.0809	0.0442
473	52.0626	25.9663	12.2305	5.4190	2.2491	0.8705	0.2445	0.1397	0.0780	0.0425
474	50.9075	25.3494	11.9193	5.2714	2.1835	0.8433	0.2362	0.1348	0.0752	0.0409
475	49.7781	24.7471	11.6161	5.1278	2.1198	0.8169	0.2282	0.1301	0.0724	0.0394
476	48.6738	24.1592	11.3205	4.9881	2.0580	0.7914	0.2205	0.1255	0.0698	0.0379
477	47.5939	23.5852	11.0325	4.8522	1.9979	0.7667	0.2130	0.1211	0.0673	0.0365
478	46.5380	23.0248	10.7518	4.7200	1.9397	0.7428	0.2057	0.1168	0.0648	0.0351
479	45.5055	22.4778	10.4783	4.5914	1.8831	0.7196	0.1987	0.1127	0.0625	0.0338
480	44.4960	21.9437	10.2117	4.4663	1.8281	0.6971	0.1920	0.1087	0.0602	0.0325
481	43.5088	21.4224	9.9519	4.3446	1.7748	0.6753	0.1855	0.1049	0.0580	0.0313
482	42.5435	20.9134	9.6987	4.2263	1.7230	0.6542	0.1792	0.1012	0.0559	0.0301
483	41.5997	20.4165	9.4519	4.1111	1.6728	0.6338	0.1731	0.0977	0.0539	0.0290
484	40.6767	19.9314	9.2114	3.9991	1.6240	0.6140	0.1672	0.0942	0.0519	0.0279
485	39.7743	19.4579	8.9771	3.8902	1.5766	0.5948	0.1615	0.0909	0.0500	0.0269
486	38.8919	18.9956	8.7487	3.7842	1.5306	0.5763	0.1560	0.0877	0.0482	0.0258
487	38.0290	18.5443	8.5261	3.6811	1.4860	0.5583	0.1507	0.0847	0.0464	0.0249
488	37.1853	18.1037	8.3092	3.5808	1.4426	0.5408	0.1456	0.0817	0.0448	0.0239
489	36.3604	17.6736	8.0978	3.4833	1.4006	0.5239	0.1407	0.0788	0.0431	0.0230
490	35.5537	17.2537	7.8917	3.3884	1.3597	0.5076	0.1359	0.0760	0.0416	0.0222
491	34.7649	16.8437	7.6910	3.2961	1.3200	0.4917	0.1313	0.0734	0.0400	0.0213
492	33.9936	16.4435	7.4953	3.2063	1.2815	0.4764	0.1268	0.0708	0.0386	0.0205
493	33.2394	16.0529	7.3046	3.1189	1.2442	0.4615	0.1225	0.0683	0.0372	0.0198
494	32.5020	15.6715	7.1187	3.0339	1.2079	0.4471	0.1183	0.0659	0.0358	0.0190
495	31.7809	15.2991	6.9376	2.9513	1.1726	0.4331	0.1143	0.0636	0.0345	0.0183
496	31.0759	14.9356	6.7611	2.8709	1.1384	0.4196	0.1104	0.0614	0.0333	0.0176
497	30.3864	14.5808	6.5891	2.7927	1.1052	0.4065	0.1067	0.0592	0.0321	0.0169
498	29.7123	14.2344	6.4214	2.7166	1.0730	0.3938	0.1031	0.0571	0.0309	0.0163
499	29.0531	13.8962	6.2581	2.6426	1.0417	0.3815	0.0996	0.0551	0.0298	0.0157
500	28.4085	13.5660	6.0989	2.5706	1.0113	0.3696	0.0962	0.0532	0.0287	0.0151
501	27.7783	13.2437	5.9437	2.5006	0.9818	0.3580	0.0929	0.0513	0.0277	0.0145
502	27.1620	12.9290	5.7925	2.4324	0.9532	0.3469	0.0898	0.0495	0.0266	0.0140
503	26.5594	12.6219	5.6451	2.3662	0.9253	0.3360	0.0867	0.0478	0.0257	0.0135
504	25.9701	12.3220	5.5015	2.3017	0.8984	0.3255	0.0838	0.0461	0.0247	0.0130
505	25.3940	12.0292	5.3615	2.2390	0.8722	0.3154	0.0809	0.0445	0.0238	0.0125
506	24.8306	11.7434	5.2251	2.1780	0.8467	0.3055	0.0782	0.0429	0.0230	0.0120
507	24.2797	11.4644	5.0921	2.1187	0.8220	0.2960	0.0755	0.0414	0.0221	0.0115
508	23.7411	11.1920	4.9626	2.0609	0.7980	0.2867	0.0730	0.0399	0.0213	0.0111
509	23.2143	10.9261	4.8363	2.0048	0.7748	0.2778	0.0705	0.0385	0.0206	0.0107
510	22.6993	10.6665	4.7133	1.9502	0.7522	0.2691	0.0681	0.0372	0.0198	0.0103
511	22.1957	10.4131	4.5934	1.8971	0.7302	0.2607	0.0658	0.0359	0.0191	0.0099
512	21.7033	10.1657	4.4765	1.8454	0.7089	0.2526	0.0635	0.0346	0.0184	0.0095
513	21.2218	9.9242	4.3626	1.7951	0.6882	0.2447	0.0614	0.0334	0.0177	0.0092
514	20.7510	9.6884	4.2516	1.7462	0.6682	0.2370	0.0593	0.0322	0.0171	0.0088
515	20.2906	9.4582	4.1434	1.6986	0.6487	0.2296	0.0573	0.0311	0.0165	0.0085
516	19.8404	9.2335	4.0380	1.6523	0.6298	0.2225	0.0553	0.0300	0.0159	0.0082
517	19.4003	9.0141	3.9353	1.6073	0.6114	0.2155	0.0535	0.0289	0.0153	0.0079
518	18.9699	8.7999	3.8352	1.5635	0.5935	0.2088	0.0516	0.0279	0.0147	0.0076
519	18.5490	8.5909	3.7376	1.5209	0.5762	0.2023	0.0499	0.0269	0.0142	0.0073
520	18.1375	8.3867	3.6425	1.4795	0.5594	0.1959	0.0482	0.0260	0.0137	0.0070
521	17.7351	8.1875	3.5498	1.4392	0.5431	0.1898	0.0466	0.0251	0.0132	0.0068
522	17.3416	7.9930	3.4595	1.4000	0.5273	0.1839	0.0450	0.0242	0.0127	0.0065
523	16.9569	7.8031	3.3715	1.3619	0.5119	0.1781	0.0434	0.0234	0.0122	0.0063
524	16.5807	7.6177	3.2857	1.3248	0.4970	0.1726	0.0420	0.0225	0.0118	0.0060
525	16.2128	7.4367	3.2021	1.2887	0.4825	0.1672	0.0405	0.0217	0.0114	0.0058
526	15.8531	7.2600	3.1206	1.2536	0.4684	0.1620	0.0392	0.0210	0.0110	0.0056
527	15.5014	7.0875	3.0412	1.2194	0.4547	0.1569	0.0378	0.0202	0.0106	0.0054
528	15.1575	6.9191	2.9639	1.1862	0.4415	0.1520	0.0365	0.0195	0.0102	0.0052
529	14.8212	6.7547	2.8885	1.1539	0.4286	0.1473	0.0353	0.0188	0.0098	0.0050
530	14.4924	6.5942	2.8150	1.1224	0.4161	0.1427	0.0341	0.0182	0.0094	0.0048
531	14.1709	6.4376	2.7434	1.0919	0.4039	0.1382	0.0329	0.0175	0.0091	0.0046
532	13.8565	6.2846	2.6736	1.0621	0.3922	0.1339	0.0318	0.0169	0.0088	0.0044
533	13.5491	6.1353	2.6055	1.0332	0.3807	0.1297	0.0307	0.0163	0.0085	0.0043
534	13.2485	5.9895	2.5392	1.0050	0.3696	0.1257	0.0297	0.0158	0.0081	0.0041
535	12.9546	5.8472	2.4746	0.9776	0.3588	0.1217	0.0287	0.0152	0.0078	0.0039
536	12.6672	5.7083	2.4117	0.9510	0.3484	0.1179	0.0277	0.0147	0.0076	0.0038
537	12.3861	5.5727	2.3503	0.9251	0.3382	0.1143	0.0268	0.0142	0.0073	0.0037
538	12.1113	5.4403	2.2905	0.8999	0.3283	0.1107	0.0259	0.0137	0.0070	0.0035
539	11.8426	5.3110	2.2322	0.8754	0.3188	0.1072	0.0250	0.0132	0.0068	0.0034
540	11.5799	5.1848	2.1755	0.8515	0.3095	0.1039	0.0241	0.0127	0.0065	0.0033
541	11.3230	5.0617	2.1201	0.8283	0.3004	0.1006	0.0233	0.0123	0.0063	0.0031
542	11.0718	4.9414	2.0662	0.8058	0.2917	0.0975	0.0225	0.0118	0.0061	0.0030
543	10.8262	4.8240	2.0136	0.7838	0.2832	0.0944	0.0218	0.0114	0.0058	0.0029
544	10.5860	4.7094	1.9624	0.7625	0.2749	0.0915	0.0210	0.0110	0.0056	0.0028
545	10.3511	4.5975	1.9124	0.7417	0.2669	0.0886	0.0203	0.0106	0.0054	0.0027
546	10.1215	4.4883	1.8638	0.7215	0.2591	0.0859	0.0196	0.0103	0.0052	0.0026
547	9.8969	4.3816	1.8164	0.7018	0.2515	0.0832	0.0190	0.0099	0.0050	0.0025
548	9.6773	4.2775	1.7702	0.6827	0.2442	0.0806	0.0183	0.0095	0.0048	0.0024
549	9.4626	4.1759	1.7251	0.6641	0.2371	0.0781	0.0177	0.0092	0.0047	0.0023
550	9.2527	4.0767	1.6812	0.6460	0.2302	0.0756	0.0171	0.0089	0.0045	0.0022
551	9.0474	3.9798	1.6384	0.6284	0.2235	0.0733	0.0165	0.0086	0.0043	0.0021
552	8.8467	3.8853	1.5968	0.6113	0.2169	0.0710	0.0159	0.0083	0.0042	0.0021
553	8.6504	3.7929	1.5561	0.5946	0.2106	0.0688	0.0154	0.0080	0.0040	0.0020
554	8.4585	3.7028	1.5165	0.5784	0.2045	0.0666	0.0149	0.0077	0.0039	0.0019
555	8.2709	3.6149	1.4780	0.5627	0.1985	0.0645	0.0144	0.0074	0.0037	0.0018
556	8.0874	3.5290	1.4404	0.5474	0.1927	0.0625	0.0139	0.0072	0.0036	0.0018
557	7.9080	3.4451	1.4037	0.5324	0.1871	0.0606	0.0134	0.0069	0.0035	0.0017
558	7.7325	3.3633	1.3680	0.5179	0.1816	0.0587	0.0130	0.0067	0.0033	0.0016
559	7.5610	3.2834	1.3332	0.5038	0.1763	0.0568	0.0125	0.0064	0.0032	0.0016
560	7.3932	3.2054	1.2993	0.4901	0.1712	0.0551	0.0121	0.0062	0.0031	0.0015
561	7.2292	3.1292	1.2662	0.4768	0.1662	0.0534	0.0117	0.0060	0.0030	0.0015
562	7.0688	3.0549	1.2340	0.4638	0.1613	0.0517	0.0113	0.0058	0.0029	0.0014
563	6.9120	2.9823	1.2026	0.4511	0.1566	0.0501	0.0109	0.0056	0.0028	0.0013
564	6.7586	2.9114	1.1720	0.4388	0.1521	0.0485	0.0105	0.0054	0.0027	0.0013
565	6.6087	2.8422	1.1422	0.4269	0.1476	0.0470	0.0102	0.0052	0.0026	0.0012
566	6.4621	2.7747	1.1131	0.4153	0.1433	0.0455	0.0098	0.0050	0.0025	0.0012
567	6.3187	2.7088	1.0848	0.4039	0.1391	0.0441	0.0095	0.0048	0.0024	0.0012
568	6.1785	2.6444	1.0572	0.3929	0.1351	0.0427	0.0092	0.0047	0.0023	0.0011
569	6.0414	2.5816	1.0303	0.3822	0.1311	0.0414	0.0089	0.0045	0.0022	0.0011
570	5.9074	2.5203	1.0041	0.3718	0.1273	0.0401	0.0086	0.0043	0.0021	0.0010
571	5.7764	2.4604	0.9786	0.3617	0.1236	0.0388	0.0083	0.0042	0.0021	0.0010
572	5.6482	2.4019	0.9537	0.3518	0.1200	0.0376	0.0080	0.0040	0.0020	0.0010
573	5.5229	2.3449	0.9294	0.3422	0.1165	0.0365	0.0077	0.0039	0.0019	0.0009
574	5.4004	2.2892	0.9057	0.3329	0.1131	0.0353	0.0075	0.0038	0.0019	0.0009
575	5.2806	2.2348	0.8827	0.3239	0.1098	0.0342	0.0072	0.0036	0.0018	0.0009
576	5.1634	2.1817	0.8602	0.3150	0.1066	0.0331	0.0070	0.0035	0.0017	0.0008
577	5.0488	2.1298	0.8384	0.3064	0.1035	0.0321	0.0067	0.0034	0.0017	0.0008
578	4.9368	2.0792	0.8170	0.2981	0.1005	0.0311	0.0065	0.0033	0.0016	0.0008
579	4.8273	2.0298	0.7962	0.2900	0.0975	0.0301	0.0063	0.0031	0.0015	0.0007
580	4.7202	1.9816	0.7760	0.2821	0.0947	0.0292	0.0061	0.0030	0.0015	0.0007
581	4.6155	1.9345	0.7562	0.2744	0.0919	0.0283	0.0059	0.0029	0.0014	0.0007
582	4.5131	1.8886	0.7370	0.2669	0.0893	0.0274	0.0057	0.0028	0.0014	0.0007
583	4.4130	1.8437	0.7182	0.2596	0.0866	0.0265	0.0055	0.0027	0.0013	0.0006
584	4.3151	1.7999	0.7000	0.2526	0.0841	0.0257	0.0053	0.0026	0.0013	0.0006
585	4.2193	1.7571	0.6822	0.2457	0.0817	0.0249	0.0051	0.0025	0.0012	0.0006
586	4.1257	1.7154	0.6648	0.2390	0.0793	0.0241	0.0049	0.0025	0.0012	0.0006
587	4.0342	1.6746	0.6479	0.2325	0.0770	0.0234	0.0048	0.0024	0.0011	0.0005
588	3.9447	1.6348	0.6314	0.2262	0.0747	0.0227	0.0046	0.0023	0.0011	0.0005
589	3.8572	1.5960	0.6153	0.2200	0.0725	0.0219	0.0044	0.0022	0.0011	0.0005
590	3.7716	1.5581	0.5997	0.2140	0.0704	0.0213	0.0043	0.0021	0.0010	0.0005
591	3.6879	1.5211	0.5844	0.2082	0.0684	0.0206	0.0041	0.0020	0.0010	0.0005
592	3.6061	1.4849	0.5696	0.2025	0.0664	0.0200	0.0040	0.0020	0.0010	0.0004
593	3.5261	1.4496	0.5551	0.1970	0.0644	0.0193	0.0039	0.0019	0.0009	0.0004
594	3.4479	1.4152	0.5410	0.1916	0.0626	0.0187	0.0037	0.0018	0.0009	0.0004
595	3.3714	1.3816	0.5272	0.1864	0.0607	0.0181	0.0036	0.0018	0.0009	0.0004
596	3.2966	1.3487	0.5138	0.1813	0.0590	0.0176	0.0035	0.0017	0.0008	0.0004
597	3.2234	1.3167	0.5007	0.1764	0.0572	0.0170	0.0034	0.0017	0.0008	0.0004
598	3.1519	1.2854	0.4880	0.1716	0.0556	0.0165	0.0033	0.0016	0.0008	0.0004
599	3.0820	1.2549	0.4755	0.1669	0.0540	0.0160	0.0031	0.0015	0.0007	0.0003
600	3.0136	1.2251	0.4635	0.1624	0.0524	0.0155	0.0030	0.0015	0.0007	0.0003
601	2.9468	1.1960	0.4517	0.1579	0.0509	0.0150	0.0029	0.0014	0.0007	0.0003
602	2.8814	1.1675	0.4402	0.1536	0.0494	0.0145	0.0028	0.0014	0.0007	0.0003
603	2.8175	1.1398	0.4290	0.1494	0.0479	0.0141	0.0027	0.0013	0.0006	0.0003
604	2.7550	1.1127	0.4181	0.1454	0.0465	0.0136	0.0026	0.0013	0.0006	0.0003
605	2.6938	1.0863	0.4074	0.1414	0.0452	0.0132	0.0026	0.0012	0.0006	0.0003
606	2.6341	1.0605	0.3971	0.1376	0.0439	0.0128	0.0025	0.0012	0.0006	0.0003
607	2.5756	1.0353	0.3870	0.1338	0.0426	0.0124	0.0024	0.0012	0.0005	0.0002
608	2.5185	1.0107	0.3771	0.1302	0.0413	0.0120	0.0023	0.0011	0.0005	0.0002
609	2.4626	0.9867	0.3675	0.1266	0.0401	0.0116	0.0022	0.0011	0.0005	0.0002
610	2.4080	0.9632	0.3582	0.1232	0.0390	0.0113	0.0021	0.0010	0.0005	0.0002
611	2.3546	0.9403	0.3490	0.1198	0.0378	0.0109	0.0021	0.0010	0.0005	0.0002
612	2.3023	0.9180	0.3402	0.1165	0.0367	0.0106	0.0020	0.0010	0.0005	0.0002
613	2.2512	0.8962	0.3315	0.1134	0.0357	0.0102	0.0019	0.0009	0.0004	0.0002
614	2.2013	0.8749	0.3231	0.1103	0.0346	0.0099	0.0019	0.0009	0.0004	0.0002
615	2.1525	0.8541	0.3149	0.1073	0.0336	0.0096	0.0018	0.0009	0.0004	0.0002
616	2.1047	0.8338	0.3068	0.1044	0.0326	0.0093	0.0017	0.0008	0.0004	0.0002
617	2.0580	0.8140	0.2990	0.1015	0.0317	0.0090	0.0017	0.0008	0.0004	0.0002
618	2.0124	0.7947	0.2914	0.0987	0.0307	0.0087	0.0016	0.0008	0.0004	0.0002
619	1.9677	0.7758	0.2840	0.0961	0.0298	0.0085	0.0016	0.0008	0.0003	0.0002
620	1.9241	0.7574	0.2768	0.0934	0.0290	0.0082	0.0015	0.0007	0.0003	0.0002
621	1.8814	0.7394	0.2698	0.0909	0.0281	0.0080	0.0015	0.0007	0.0003	0.0001
622	1.8396	0.7218	0.2629	0.0884	0.0273	0.0077	0.0014	0.0007	0.0003	0.0001
623	1.7988	0.7046	0.2562	0.0860	0.0265	0.0075	0.0014	0.0007	0.0003	0.0001
624	1.7589	0.6879	0.2497	0.0837	0.0257	0.0072	0.0013	0.0006	0.0003	0.0001
625	1.7199	0.6716	0.2433	0.0814	0.0250	0.0070	0.0013	0.0006	0.0003	0.0001
626	1.6817	0.6556	0.2371	0.0792	0.0243	0.0068	0.0012	0.0006	0.0003	0.0001
627	1.6444	0.6400	0.2311	0.0770	0.0236	0.0066	0.0012	0.0006	0.0003	0.0001
628	1.6079	0.6248	0.2252	0.0749	0.0229	0.0064	0.0012	0.0005	0.0003	0.0001
629	1.5723	0.6100	0.2195	0.0729	0.0222	0.0062	0.0011	0.0005	0.0002	0.0001
630	1.5374	0.5955	0.2139	0.0709	0.0216	0.0060	0.0011	0.0005	0.0002	0.0001
631	1.5033	0.5813	0.2085	0.0690	0.0209	0.0058	0.0010	0.0005	0.0002	0.0001
632	1.4699	0.5675	0.2032	0.0671	0.0203	0.0056	0.0010	0.0005	0.0002	0.0001
633	1.4373	0.5540	0.1980	0.0653	0.0197	0.0054	0.0010	0.0005	0.0002	0.0001
634	1.4054	0.5409	0.1930	0.0635	0.0191	0.0053	0.0009	0.0004	0.0002	0.0001
635	1.3742	0.5280	0.1880	0.0617	0.0186	0.0051	0.0009	0.0004	0.0002	0.0001
636	1.3438	0.5155	0.1833	0.0601	0.0180	0.0049	0.0009	0.0004	0.0002	0.0001
637	1.3139	0.5032	0.1786	0.0584	0.0175	0.0048	0.0008	0.0004	0.0002	0.0001
638	1.2848	0.4913	0.1741	0.0568	0.0170	0.0046	0.0008	0.0004	0.0002	0.0001
639	1.2563	0.4796	0.1696	0.0553	0.0165	0.0045	0.0008	0.0004	0.0002	0.0001
640	1.2284	0.4682	0.1653	0.0538	0.0160	0.0044	0.0008	0.0004	0.0002	0.0001
641	1.2012	0.4571	0.1611	0.0523	0.0156	0.0042	0.0007	0.0003	0.0002	0.0001
642	1.1745	0.4462	0.1570	0.0509	0.0151	0.0041	0.0007	0.0003	0.0001	0.0001
643	1.1485	0.4356	0.1530	0.0495	0.0147	0.0040	0.0007	0.0003	0.0001	0.0001
644	1.1230	0.4253	0.1491	0.0482	0.0142	0.0038	0.0007	0.0003	0.0001	0.0001
645	1.0981	0.4152	0.1453	0.0468	0.0138	0.0037	0.0006	0.0003	0.0001	0.0001
646	1.0737	0.4053	0.1416	0.0456	0.0134	0.0036	0.0006	0.0003	0.0001	0.0001
647	1.0499	0.3957	0.1380	0.0443	0.0130	0.0035	0.0006	0.0003	0.0001	0.0001
648	1.0266	0.3863	0.1345	0.0431	0.0126	0.0034	0.0006	0.0003	0.0001	0.0001
649	1.0038	0.3771	0.1311	0.0419	0.0123	0.0033	0.0006	0.0003	0.0001	0.0000
650	0.9815	0.3681	0.1278	0.0408	0.0119	0.0032	0.0005	0.0002	0.0001	0.0000
651	0.9598	0.3594	0.1245	0.0397	0.0116	0.0031	0.0005	0.0002	0.0001	0.0000
652	0.9385	0.3509	0.1213	0.0386	0.0112	0.0030	0.0005	0.0002	0.0001	0.0000
653	0.9177	0.3425	0.1183	0.0376	0.0109	0.0029	0.0005	0.0002	0.0001	0.0000
654	0.8973	0.3344	0.1152	0.0365	0.0106	0.0028	0.0005	0.0002	0.0001	0.0000
655	0.8774	0.3264	0.1123	0.0355	0.0103	0.0027	0.0005	0.0002	0.0001	0.0000
656	0.8579	0.3187	0.1095	0.0346	0.0100	0.0026	0.0004	0.0002	0.0001	0.0000
657	0.8389	0.3111	0.1067	0.0336	0.0097	0.0025	0.0004	0.0002	0.0001	0.0000
658	0.8203	0.3037	0.1040	0.0327	0.0094	0.0025	0.0004	0.0002	0.0001	0.0000
659	0.8021	0.2965	0.1013	0.0318	0.0091	0.0024	0.0004	0.0002	0.0001	0.0000
660	0.7843	0.2895	0.0987	0.0310	0.0089	0.0023	0.0004	0.0002	0.0001	0.0000
661	0.7669	0.2826	0.0962	0.0301	0.0086	0.0022	0.0004	0.0002	0.0001	0.0000
662	0.7499	0.2759	0.0938	0.0293	0.0084	0.0022	0.0004	0.0002	0.0001	0.0000
663	0.7332	0.2693	0.0914	0.0285	0.0081	0.0021	0.0003	0.0002	0.0001	0.0000
664	0.7170	0.2629	0.0891	0.0277	0.0079	0.0020	0.0003	0.0002	0.0001	0.0000
665	0.7011	0.2567	0.0868	0.0270	0.0076	0.0020	0.0003	0.0001	0.0001	0.0000
666	0.6855	0.2506	0.0846	0.0262	0.0074	0.0019	0.0003	0.0001	0.0001	0.0000
667	0.6703	0.2446	0.0824	0.0255	0.0072	0.0018	0.0003	0.0001	0.0001	0.0000
668	0.6554	0.2388	0.0803	0.0248	0.0070	0.0018	0.0003	0.0001	0.0001	0.0000
669	0.6409	0.2331	0.0783	0.0241	0.0068	0.0017	0.0003	0.0001	0.0001	0.0000
670	0.6267	0.2276	0.0763	0.0235	0.0066	0.0017	0.0003	0.0001	0.0001	0.0000
671	0.6128	0.2222	0.0744	0.0228	0.0064	0.0016	0.0003	0.0001	0.0001	0.0000
672	0.5992	0.2169	0.0725	0.0222	0.0062	0.0016	0.0003	0.0001	0.0000	0.0000
673	0.5859	0.2118	0.0706	0.0216	0.0060	0.0015	0.0002	0.0001	0.0000	0.0000
674	0.5729	0.2067	0.0688	0.0210	0.0059	0.0015	0.0002	0.0001	0.0000	0.0000
675	0.5602	0.2018	0.0671	0.0205	0.0057	0.0014	0.0002	0.0001	0.0000	0.0000
676	0.5477	0.1970	0.0654	0.0199	0.0055	0.0014	0.0002	0.0001	0.0000	0.0000
677	0.5356	0.1923	0.0637	0.0194	0.0054	0.0013	0.0002	0.0001	0.0000	0.0000
678	0.5237	0.1878	0.0621	0.0188	0.0052	0.0013	0.0002	0.0001	0.0000	0.0000
679	0.5121	0.1833	0.0605	0.0183	0.0051	0.0013	0.0002	0.0001	0.0000	0.0000
680	0.5007	0.1789	0.0590	0.0178	0.0049	0.0012	0.0002	0.0001	0.0000	0.0000
681	0.4896	0.1747	0.0575	0.0173	0.0048	0.0012	0.0002	0.0001	0.0000	0.0000
682	0.4788	0.1705	0.0560	0.0169	0.0046	0.0011	0.0002	0.0001	0.0000	0.0000
683	0.4681	0.1665	0.0546	0.0164	0.0045	0.0011	0.0002	0.0001	0.0000	0.0000
684	0.4577	0.1625	0.0532	0.0160	0.0044	0.0011	0.0002	0.0001	0.0000	0.0000
685	0.4476	0.1587	0.0518	0.0155	0.0042	0.0010	0.0002	0.0001	0.0000	0.0000
686	0.4377	0.1549	0.0505	0.0151	0.0041	0.0010	0.0002	0.0001	0.0000	0.0000
687	0.4280	0.1512	0.0492	0.0147	0.0040	0.0010	0.0002	0.0001	0.0000	0.0000
688	0.4185	0.1476	0.0480	0.0143	0.0039	0.0009	0.0001	0.0001	0.0000	0.0000
689	0.4092	0.1441	0.0468	0.0139	0.0038	0.0009	0.0001	0.0001	0.0000	0.0000
690	0.4001	0.1407	0.0456	0.0135	0.0036	0.0009	0.0001	0.0001	0.0000	0.0000
691	0.3912	0.1374	0.0444	0.0131	0.0035	0.0009	0.0001	0.0001	0.0000	0.0000
692	0.3825	0.1341	0.0433	0.0128	0.0034	0.0008	0.0001	0.0001	0.0000	0.0000
693	0.3741	0.1309	0.0422	0.0124	0.0033	0.0008	0.0001	0.0001	0.0000	0.0000
694	0.3658	0.1278	0.0411	0.0121	0.0032	0.0008	0.0001	0.0001	0.0000	0.0000
695	0.3576	0.1248	0.0401	0.0118	0.0031	0.0008	0.0001	0.0000	0.0000	0.0000
696	0.3497	0.1218	0.0390	0.0115	0.0031	0.0007	0.0001	0.0000	0.0000	0.0000
697	0.3419	0.1189	0.0380	0.0111	0.0030	0.0007	0.0001	0.0000	0.0000	0.0000
698	0.3344	0.1161	0.0371	0.0108	0.0029	0.0007	0.0001	0.0000	0.0000	0.0000
699	0.3269	0.1133	0.0361	0.0105	0.0028	0.0007	0.0001	0.0000	0.0000	0.0000
700	0.3197	0.1106	0.0352	0.0103	0.0027	0.0006	0.0001	0.0000	0.0000	0.0000
701	0.3126	0.1080	0.0343	0.0100	0.0026	0.0006	0.0001	0.0000	0.0000	0.0000
702	0.3057	0.1054	0.0334	0.0097	0.0026	0.0006	0.0001	0.0000	0.0000	0.0000
703	0.2989	0.1029	0.0326	0.0094	0.0025	0.0006	0.0001	0.0000	0.0000	0.0000
704	0.2923	0.1005	0.0318	0.0092	0.0024	0.0006	0.0001	0.0000	0.0000	0.0000
705	0.2858	0.0981	0.0310	0.0089	0.0023	0.0006	0.0001	0.0000	0.0000	0.0000
706	0.2794	0.0958	0.0302	0.0087	0.0023	0.0005	0.0001	0.0000	0.0000	0.0000
707	0.2732	0.0935	0.0294	0.0085	0.0022	0.0005	0.0001	0.0000	0.0000	0.0000
708	0.2672	0.0913	0.0287	0.0082	0.0021	0.0005	0.0001	0.0000	0.0000	0.0000
709	0.2612	0.0891	0.0279	0.0080	0.0021	0.0005	0.0001	0.0000	0.0000	0.0000
710	0.2554	0.0870	0.0272	0.0078	0.0020	0.0005	0.0001	0.0000	0.0000	0.0000
711	0.2498	0.0849	0.0265	0.0076	0.0020	0.0005	0.0001	0.0000	0.0000	0.0000
712	0.2442	0.0829	0.0258	0.0074	0.0019	0.0004	0.0001	0.0000	0.0000	0.0000
713	0.2388	0.0809	0.0252	0.0072	0.0018	0.0004	0.0001	0.0000	0.0000	0.0000
714	0.2335	0.0790	0.0246	0.0070	0.0018	0.0004	0.0001	0.0000	0.0000	0.0000
715	0.2283	0.0771	0.0239	0.0068	0.0017	0.0004	0.0001	0.0000	0.0000	0.0000
716	0.2233	0.0753	0.0233	0.0066	0.0017	0.0004	0.0001	0.0000	0.0000	0.0000
717	0.2183	0.0735	0.0227	0.0064	0.0016	0.0004	0.0001	0.0000	0.0000	0.0000
718	0.2135	0.0718	0.0221	0.0062	0.0016	0.0004	0.0001	0.0000	0.0000	0.0000
719	0.2087	0.0701	0.0216	0.0061	0.0015	0.0004	0.0000	0.0000	0.0000	0.0000
720	0.2041	0.0684	0.0210	0.0059	0.0015	0.0003	0.0000	0.0000	0.0000	0.0000
721	0.1996	0.0668	0.0205	0.0057	0.0015	0.0003	0.0000	0.0000	0.0000	0.0000
722	0.1952	0.0652	0.0200	0.0056	0.0014	0.0003	0.0000	0.0000	0.0000	0.0000
723	0.1908	0.0636	0.0195	0.0054	0.0014	0.0003	0.0000	0.0000	0.0000	0.0000
724	0.1866	0.0621	0.0190	0.0053	0.0013	0.0003	0.0000	0.0000	0.0000	0.0000
725	0.1824	0.0606	0.0185	0.0051	0.0013	0.0003	0.0000	0.0000	0.0000	0.0000
726	0.1784	0.0592	0.0180	0.0050	0.0013	0.0003	0.0000	0.0000	0.0000	0.0000
727	0.1744	0.0578	0.0176	0.0049	0.0012	0.0003	0.0000	0.0000	0.0000	0.0000
728	0.1706	0.0564	0.0171	0.0047	0.0012	0.0003	0.0000	0.0000	0.0000	0.0000
729	0.1668	0.0551	0.0167	0.0046	0.0011	0.0003	0.0000	0.0000	0.0000	0.0000
730	0.1631	0.0538	0.0163	0.0045	0.0011	0.0003	0.0000	0.0000	0.0000	0.0000
731	0.1595	0.0525	0.0158	0.0044	0.0011	0.0002	0.0000	0.0000	0.0000	0.0000
732	0.1559	0.0513	0.0154	0.0042	0.0011	0.0002	0.0000	0.0000	0.0000	0.0000
733	0.1525	0.0500	0.0150	0.0041	0.0010	0.0002	0.0000	0.0000	0.0000	0.0000
734	0.1491	0.0488	0.0147	0.0040	0.0010	0.0002	0.0000	0.0000	0.0000	0.0000
735	0.1458	0.0477	0.0143	0.0039	0.0010	0.0002	0.0000	0.0000	0.0000	0.0000
736	0.1425	0.0466	0.0139	0.0038	0.0009	0.0002	0.0000	0.0000	0.0000	0.0000
737	0.1394	0.0454	0.0136	0.0037	0.0009	0.0002	0.0000	0.0000	0.0000	0.0000
738	0.1363	0.0444	0.0132	0.0036	0.0009	0.0002	0.0000	0.0000	0.0000	0.0000
739	0.1333	0.0433	0.0129	0.0035	0.0009	0.0002	0.0000	0.0000	0.0000	0.0000
740	0.1303	0.0423	0.0126	0.0034	0.0008	0.0002	0.0000	0.0000	0.0000	0.0000
741	0.1274	0.0413	0.0122	0.0033	0.0008	0.0002	0.0000	0.0000	0.0000	0.0000
742	0.1246	0.0403	0.0119	0.0032	0.0008	0.0002	0.0000	0.0000	0.0000	0.0000
743	0.1218	0.0393	0.0116	0.0031	0.0008	0.0002	0.0000	0.0000	0.0000	0.0000
744	0.1191	0.0384	0.0113	0.0030	0.0007	0.0002	0.0000	0.0000	0.0000	0.0000
745	0.1165	0.0375	0.0110	0.0030	0.0007	0.0002	0.0000	0.0000	0.0000	0.0000
746	0.1139	0.0366	0.0108	0.0029	0.0007	0.0002	0.0000	0.0000	0.0000	0.0000
747	0.1114	0.0357	0.0105	0.0028	0.0007	0.0001	0.0000	0.0000	0.0000	0.0000
748	0.1089	0.0349	0.0102	0.0027	0.0007	0.0001	0.0000	0.0000	0.0000	0.0000
749	0.1065	0.0341	0.0100	0.0026	0.0006	0.0001	0.0000	0.0000	0.0000	0.0000
750	0.1041	0.0332	0.0097	0.0026	0.0006	0.0001	0.0000	0.0000	0.0000	0.0000
751	0.1018	0.0325	0.0095	0.0025	0.0006	0.0001	0.0000	0.0000	0.0000	0.0000
752	0.0996	0.0317	0.0092	0.0024	0.0006	0.0001	0.0000	0.0000	0.0000	0.0000
753	0.0973	0.0309	0.0090	0.0024	0.0006	0.0001	0.0000	0.0000	0.0000	0.0000
754	0.0952	0.0302	0.0088	0.0023	0.0005	0.0001	0.0000	0.0000	0.0000	0.0000
755	0.0931	0.0295	0.0085	0.0022	0.0005	0.0001	0.0000	0.0000	0.0000	0.0000
756	0.0910	0.0288	0.0083	0.0022	0.0005	0.0001	0.0000	0.0000	0.0000	0.0000
757	0.0890	0.0281	0.0081	0.0021	0.0005	0.0001	0.0000	0.0000	0.0000	0.0000
758	0.0870	0.0274	0.0079	0.0021	0.0005	0.0001	0.0000	0.0000	0.0000	0.0000
759	0.0851	0.0268	0.0077	0.0020	0.0005	0.0001	0.0000	0.0000	0.0000	0.0000
760	0.0832	0.0261	0.0075	0.0020	0.0005	0.0001	0.0000	0.0000	0.0000	0.0000
761	0.0814	0.0255	0.0073	0.0019	0.0004	0.0001	0.0000	0.0000	0.0000	0.0000
762	0.0795	0.0249	0.0071	0.0018	0.0004	0.0001	0.0000	0.0000	0.0000	0.0000
763	0.0778	0.0243	0.0069	0.0018	0.0004	0.0001	0.0000	0.0000	0.0000	0.0000
764	0.0761	0.0237	0.0068	0.0018	0.0004	0.0001	0.0000	0.0000	0.0000	0.0000
765	0.0744	0.0232	0.0066	0.0017	0.0004	0.0001	0.0000	0.0000	0.0000	0.0000
766	0.0727	0.0226	0.0064	0.0017	0.0004	0.0001	0.0000	0.0000	0.0000	0.0000
767	0.0711	0.0221	0.0063	0.0016	0.0004	0.0001	0.0000	0.0000	0.0000	0.0000
768	0.0695	0.0216	0.0061	0.0016	0.0004	0.0001	0.0000	0.0000	0.0000	0.0000
769	0.0680	0.0211	0.0059	0.0015	0.0004	0.0001	0.0000	0.0000	0.0000	0.0000
770	0.0665	0.0206	0.0058	0.0015	0.0003	0.0001	0.0000	0.0000	0.0000	0.0000
771	0.0650	0.0201	0.0057	0.0014	0.0003	0.0001	0.0000	0.0000	0.0000	0.0000
772	0.0636	0.0196	0.0055	0.0014	0.0003	0.0001	0.0000	0.0000	0.0000	0.0000
773	0.0622	0.0191	0.0054	0.0014	0.0003	0.0001	0.0000	0.0000	0.0000	0.0000
774	0.0608	0.0187	0.0052	0.0013	0.0003	0.0001	0.0000	0.0000	0.0000	0.0000
775	0.0594	0.0182	0.0051	0.0013	0.0003	0.0001	0.0000	0.0000	0.0000	0.0000
776	0.0581	0.0178	0.0050	0.0013	0.0003	0.0001	0.0000	0.0000	0.0000	0.0000
777	0.0568	0.0174	0.0048	0.0012	0.0003	0.0001	0.0000	0.0000	0.0000	0.0000
778	0.0556	0.0170	0.0047	0.0012	0.0003	0.0001	0.0000	0.0000	0.0000	0.0000
779	0.0543	0.0166	0.0046	0.0012	0.0003	0.0001	0.0000	0.0000	0.0000	0.0000
780	0.0531	0.0162	0.0045	0.0011	0.0003	0.0001	0.0000	0.0000	0.0000	0.0000
781	0.0519	0.0158	0.0044	0.0011	0.0002	0.0000	0.0000	0.0000	0.0000	0.0000
782	0.0508	0.0154	0.0043	0.0011	0.0002	0.0000	0.0000	0.0000	0.0000	0.0000
783	0.0497	0.0150	0.0041	0.0010	0.0002	0.0000	0.0000	0.0000	0.0000	0.0000
784	0.0486	0.0147	0.0040	0.0010	0.0002	0.0000	0.0000	0.0000	0.0000	0.0000
785	0.0475	0.0143	0.0039	0.0010	0.0002	0.0000	0.0000	0.0000	0.0000	0.0000
786	0.0464	0.0140	0.0038	0.0010	0.0002	0.0000	0.0000	0.0000	0.0000	0.0000
787	0.0454	0.0137	0.0037	0.0009	0.0002	0.0000	0.0000	0.0000	0.0000	0.0000
788	0.0444	0.0133	0.0036	0.0009	0.0002	0.0000	0.0000	0.0000	0.0000	0.0000
789	0.0434	0.0130	0.0036	0.0009	0.0002	0.0000	0.0000	0.0000	0.0000	0.0000
790	0.0424	0.0127	0.0035	0.0009	0.0002	0.0000	0.0000	0.0000	0.0000	0.0000
791	0.0415	0.0124	0.0034	0.0008	0.0002	0.0000	0.0000	0.0000	0.0000	0.0000
792	0.0406	0.0121	0.0033	0.0008	0.0002	0.0000	0.0000	0.0000	0.0000	0.0000
793	0.0397	0.0118	0.0032	0.0008	0.0002	0.0000	0.0000	0.0000	0.0000	0.0000
794	0.0388	0.0115	0.0031	0.0008	0.0002	0.0000	0.0000	0.0000	0.0000	0.0000
795	0.0379	0.0113	0.0030	0.0007	0.0002	0.0000	0.0000	0.0000	0.0000	0.0000
796	0.0371	0.0110	0.0030	0.0007	0.0002	0.0000	0.0000	0.0000	0.0000	0.0000
797	0.0363	0.0107	0.0029	0.0007	0.0002	0.0000	0.0000	0.0000	0.0000	0.0000
798	0.0355	0.0105	0.0028	0.0007	0.0001	0.0000	0.0000	0.0000	0.0000	0.0000
799	0.0347	0.0102	0.0027	0.0007	0.0001	0.0000	0.0000	0.0000	0.0000	0.0000
800	0.0339	0.0100	0.0027	0.0006	0.0001	0.0000	0.0000	0.0000	0.0000	0.0000
801	0.0332	0.0098	0.0026	0.0006	0.0001	0.0000	0.0000	0.0000	0.0000	0.0000
802	0.0324	0.0095	0.0025	0.0006	0.0001	0.0000	0.0000	0.0000	0.0000	0.0000
803	0.0317	0.0093	0.0025	0.0006	0.0001	0.0000	0.0000	0.0000	0.0000	0.0000
804	0.0310	0.0091	0.0024	0.0006	0.0001	0.0000	0.0000	0.0000	0.0000	0.0000
805	0.0303	0.0089	0.0024	0.0006	0.0001	0.0000	0.0000	0.0000	0.0000	0.0000
806	0.0296	0.0086	0.0023	0.0005	0.0001	0.0000	0.0000	0.0000	0.0000	0.0000
807	0.0290	0.0084	0.0022	0.0005	0.0001	0.0000	0.0000	0.0000	0.0000	0.0000
808	0.0283	0.0082	0.0022	0.0005	0.0001	0.0000	0.0000	0.0000	0.0000	0.0000
809	0.0277	0.0080	0.0021	0.0005	0.0001	0.0000	0.0000	0.0000	0.0000	0.0000
810	0.0271	0.0079	0.0021	0.0005	0.0001	0.0000	0.0000	0.0000	0.0000	0.0000
811	0.0265	0.0077	0.0020	0.0005	0.0001	0.0000	0.0000	0.0000	0.0000	0.0000
812	0.0259	0.0075	0.0020	0.0005	0.0001	0.0000	0.0000	0.0000	0.0000	0.0000
813	0.0253	0.0073	0.0019	0.0005	0.0001	0.0000	0.0000	0.0000	0.0000	0.0000
814	0.0248	0.0071	0.0019	0.0004	0.0001	0.0000	0.0000	0.0000	0.0000	0.0000
815	0.0242	0.0070	0.0018	0.0004	0.0001	0.0000	0.0000	0.0000	0.0000	0.0000
816	0.0237	0.0068	0.0018	0.0004	0.0001	0.0000	0.0000	0.0000	0.0000	0.0000
817	0.0232	0.0066	0.0017	0.0004	0.0001	0.0000	0.0000	0.0000	0.0000	0.0000
818	0.0226	0.0065	0.0017	0.0004	0.0001	0.0000	0.0000	0.0000	0.0000	0.0000
819	0.0221	0.0063	0.0016	0.0004	0.0001	0.0000	0.0000	0.0000	0.0000	0.0000
820	0.0217	0.0062	0.0016	0.0004	0.0001	0.0000	0.0000	0.0000	0.0000	0.0000
821	0.0212	0.0060	0.0016	0.0004	0.0001	0.0000	0.0000	0.0000	0.0000	0.0000
822	0.0207	0.0059	0.0015	0.0004	0.0001	0.0000	0.0000	0.0000	0.0000	0.0000
823	0.0202	0.0057	0.0015	0.0003	0.0001	0.0000	0.0000	0.0000	0.0000	0.0000
824	0.0198	0.0056	0.0014	0.0003	0.0001	0.0000	0.0000	0.0000	0.0000	0.0000
825	0.0194	0.0055	0.0014	0.0003	0.0001	0.0000	0.0000	0.0000	0.0000	0.0000
826	0.0189	0.0053	0.0014	0.0003	0.0001	0.0000	0.0000	0.0000	0.0000	0.0000
827	0.0185	0.0052	0.0013	0.0003	0.0001	0.0000	0.0000	0.0000	0.0000	0.0000
828	0.0181	0.0051	0.0013	0.0003	0.0001	0.0000	0.0000	0.0000	0.0000	0.0000
829	0.0177	0.0050	0.0013	0.0003	0.0001	0.0000	0.0000	0.0000	0.0000	0.0000
830	0.0173	0.0049	0.0012	0.0003	0.0001	0.0000	0.0000	0.0000	0.0000	0.0000
831	0.0169	0.0047	0.0012	0.0003	0.0001	0.0000	0.0000	0.0000	0.0000	0.0000
832	0.0165	0.0046	0.0012	0.0003	0.0001	0.0000	0.0000	0.0000	0.0000	0.0000
833	0.0162	0.0045	0.0011	0.0003	0.0001	0.0000	0.0000	0.0000	0.0000	0.0000
834	0.0158	0.0044	0.0011	0.0003	0.0001	0.0000	0.0000	0.0000	0.0000	0.0000
835	0.0155	0.0043	0.0011	0.0002	0.0000	0.0000	0.0000	0.0000	0.0000	0.0000
836	0.0151	0.0042	0.0011	0.0002	0.0000	0.0000	0.0000	0.0000	0.0000	0.0000
837	0.0148	0.0041	0.0010	0.0002	0.0000	0.0000	0.0000	0.0000	0.0000	0.0000
838	0.0145	0.0040	0.0010	0.0002	0.0000	0.0000	0.0000	0.0000	0.0000	0.0000
839	0.0141	0.0039	0.0010	0.0002	0.0000	0.0000	0.0000	0.0000	0.0000	0.0000
840	0.0138	0.0038	0.0010	0.0002	0.0000	0.0000	0.0000	0.0000	0.0000	0.0000
841	0.0135	0.0037	0.0009	0.0002	0.0000	0.0000	0.0000	0.0000	0.0000	0.0000
842	0.0132	0.0036	0.0009	0.0002	0.0000	0.0000	0.0000	0.0000	0.0000	0.0000
843	0.0129	0.0036	0.0009	0.0002	0.0000	0.0000	0.0000	0.0000	0.0000	0.0000
844	0.0126	0.0035	0.0009	0.0002	0.0000	0.0000	0.0000	0.0000	0.0000	0.0000
845	0.0124	0.0034	0.0008	0.0002	0.0000	0.0000	0.0000	0.0000	0.0000	0.0000
846	0.0121	0.0033	0.0008	0.0002	0.0000	0.0000	0.0000	0.0000	0.0000	0.0000
847	0.0118	0.0032	0.0008	0.0002	0.0000	0.0000	0.0000	0.0000	0.0000	0.0000
848	0.0116	0.0032	0.0008	0.0002	0.0000	0.0000	0.0000	0.0000	0.0000	0.0000
849	0.0113	0.0031	0.0008	0.0002	0.0000	0.0000	0.0000	0.0000	0.0000	0.0000
850	0.0110	0.0030	0.0007	0.0002	0.0000	0.0000	0.0000	0.0000	0.0000	0.0000
851	0.0108	0.0029	0.0007	0.0002	0.0000	0.0000	0.0000	0.0000	0.0000	0.0000
852	0.0106	0.0029	0.0007	0.0002	0.0000	0.0000	0.0000	0.0000	0.0000	0.0000
853	0.0103	0.0028	0.0007	0.0001	0.0000	0.0000	0.0000	0.0000	0.0000	0.0000
854	0.0101	0.0027	0.0007	0.0001	0.0000	0.0000	0.0000	0.0000	0.0000	0.0000
855	0.0099	0.0027	0.0006	0.0001	0.0000	0.0000	0.0000	0.0000	0.0000	0.0000
856	0.0097	0.0026	0.0006	0.0001	0.0000	0.0000	0.0000	0.0000	0.0000	0.0000
857	0.0094	0.0025	0.0006	0.0001	0.0000	0.0000	0.0000	0.0000	0.0000	0.0000
858	0.0092	0.0025	0.0006	0.0001	0.0000	0.0000	0.0000	0.0000	0.0000	0.0000
859	0.0090	0.0024	0.0006	0.0001	0.0000	0.0000	0.0000	0.0000	0.0000	0.0000
860	0.0088	0.0024	0.0006	0.0001	0.0000	0.0000	0.0000	0.0000	0.0000	0.0000
861	0.0086	0.0023	0.0006	0.0001	0.0000	0.0000	0.0000	0.0000	0.0000	0.0000
862	0.0084	0.0022	0.0005	0.0001	0.0000	0.0000	0.0000	0.0000	0.0000	0.0000
863	0.0083	0.0022	0.0005	0.0001	0.0000	0.0000	0.0000	0.0000	0.0000	0.0000
864	0.0081	0.0021	0.0005	0.0001	0.0000	0.0000	0.0000	0.0000	0.0000	0.0000
865	0.0079	0.0021	0.0005	0.0001	0.0000	0.0000	0.0000	0.0000	0.0000	0.0000
866	0.0077	0.0020	0.0005	0.0001	0.0000	0.0000	0.0000	0.0000	0.0000	0.0000
867	0.0075	0.0020	0.0005	0.0001	0.0000	0.0000	0.0000	0.0000	0.0000	0.0000
868	0.0074	0.0019	0.0005	0.0001	0.0000	0.0000	0.0000	0.0000	0.0000	0.0000
869	0.0072	0.0019	0.0005	0.0001	0.0000	0.0000	0.0000	0.0000	0.0000	0.0000
870	0.0071	0.0019	0.0004	0.0001	0.0000	0.0000	0.0000	0.0000	0.0000	0.0000
871	0.0069	0.0018	0.0004	0.0001	0.0000	0.0000	0.0000	0.0000	0.0000	0.0000
872	0.0067	0.0018	0.0004	0.0001	0.0000	0.0000	0.0000	0.0000	0.0000	0.0000
873	0.0066	0.0017	0.0004	0.0001	0.0000	0.0000	0.0000	0.0000	0.0000	0.0000
874	0.0064	0.0017	0.0004	0.0001	0.0000	0.0000	0.0000	0.0000	0.0000	0.0000
875	0.0063	0.0016	0.0004	0.0001	0.0000	0.0000	0.0000	0.0000	0.0000	0.0000
876	0.0062	0.0016	0.0004	0.0001	0.0000	0.0000	0.0000	0.0000	0.0000	0.0000
877	0.0060	0.0016	0.0004	0.0001	0.0000	0.0000	0.0000	0.0000	0.0000	0.0000
878	0.0059	0.0015	0.0004	0.0001	0.0000	0.0000	0.0000	0.0000	0.0000	0.0000
879	0.0058	0.0015	0.0003	0.0001	0.0000	0.0000	0.0000	0.0000	0.0000	0.0000
880	0.0056	0.0015	0.0003	0.0001	0.0000	0.0000	0.0000	0.0000	0.0000	0.0000
881	0.0055	0.0014	0.0003	0.0001	0.0000	0.0000	0.0000	0.0000	0.0000	0.0000
882	0.0054	0.0014	0.0003	0.0001	0.0000	0.0000	0.0000	0.0000	0.0000	0.0000
883	0.0053	0.0014	0.0003	0.0001	0.0000	0.0000	0.0000	0.0000	0.0000	0.0000
884	0.0052	0.0013	0.0003	0.0001	0.0000	0.0000	0.0000	0.0000	0.0000	0.0000
885	0.0050	0.0013	0.0003	0.0001	0.0000	0.0000	0.0000	0.0000	0.0000	0.0000
886	0.0049	0.0013	0.0003	0.0001	0.0000	0.0000	0.0000	0.0000	0.0000	0.0000
887	0.0048	0.0012	0.0003	0.0001	0.0000	0.0000	0.0000	0.0000	0.0000	0.0000
888	0.0047	0.0012	0.0003	0.0001	0.0000	0.0000	0.0000	0.0000	0.0000	0.0000
889	0.0046	0.0012	0.0003	0.0001	0.0000	0.0000	0.0000	0.0000	0.0000	0.0000
890	0.0045	0.0011	0.0003	0.0001	0.0000	0.0000	0.0000	0.0000	0.0000	0.0000
891	0.0044	0.0011	0.0003	0.0001	0.0000	0.0000	0.0000	0.0000	0.0000	0.0000
892	0.0043	0.0011	0.0002	0.0001	0.0000	0.0000	0.0000	0.0000	0.0000	0.0000
893	0.0042	0.0011	0.0002	0.0000	0.0000	0.0000	0.0000	0.0000	0.0000	0.0000
894	0.0041	0.0010	0.0002	0.0000	0.0000	0.0000	0.0000	0.0000	0.0000	0.0000
895	0.0040	0.0010	0.0002	0.0000	0.0000	0.0000	0.0000	0.0000	0.0000	0.0000
896	0.0039	0.0010	0.0002	0.0000	0.0000	0.0000	0.0000	0.0000	0.0000	0.0000
897	0.0038	0.0010	0.0002	0.0000	0.0000	0.0000	0.0000	0.0000	0.0000	0.0000
898	0.0038	0.0009	0.0002	0.0000	0.0000	0.0000	0.0000	0.0000	0.0000	0.0000
899	0.0037	0.0009	0.0002	0.0000	0.0000	0.0000	0.0000	0.0000	0.0000	0.0000
900	0.0036	0.0009	0.0002	0.0000	0.0000	0.0000	0.0000	0.0000	0.0000	0.0000
901	0.0035	0.0009	0.0002	0.0000	0.0000	0.0000	0.0000	0.0000	0.0000	0.0000
902	0.0034	0.0009	0.0002	0.0000	0.0000	0.0000	0.0000	0.0000	0.0000	0.0000
903	0.0034	0.0008	0.0002	0.0000	0.0000	0.0000	0.0000	0.0000	0.0000	0.0000
904	0.0033	0.0008	0.0002	0.0000	0.0000	0.0000	0.0000	0.0000	0.0000	0.0000
905	0.0032	0.0008	0.0002	0.0000	0.0000	0.0000	0.0000	0.0000	0.0000	0.0000
906	0.0031	0.0008	0.0002	0.0000	0.0000	0.0000	0.0000	0.0000	0.0000	0.0000
907	0.0031	0.0008	0.0002	0.0000	0.0000	0.0000	0.0000	0.0000	0.0000	0.0000
908	0.0030	0.0007	0.0002	0.0000	0.0000	0.0000	0.0000	0.0000	0.0000	0.0000
909	0.0029	0.0007	0.0002	0.0000	0.0000	0.0000	0.0000	0.0000	0.0000	0.0000
910	0.0029	0.0007	0.0002	0.0000	0.0000	0.0000	0.0000	0.0000	0.0000	0.0000
911	0.0028	0.0007	0.0002	0.0000	0.0000	0.0000	0.0000	0.0000	0.0000	0.0000
912	0.0027	0.0007	0.0001	0.0000	0.0000	0.0000	0.0000	0.0000	0.0000	0.0000
913	0.0027	0.0007	0.0001	0.0000	0.0000	0.0000	0.0000	0.0000	0.0000	0.0000
914	0.0026	0.0006	0.0001	0.0000	0.0000	0.0000	0.0000	0.0000	0.0000	0.0000
915	0.0026	0.0006	0.0001	0.0000	0.0000	0.0000	0.0000	0.0000	0.0000	0.0000
916	0.0025	0.0006	0.0001	0.0000	0.0000	0.0000	0.0000	0.0000	0.0000	0.0000
917	0.0025	0.0006	0.0001	0.0000	0.0000	0.0000	0.0000	0.0000	0.0000	0.0000
918	0.0024	0.0006	0.0001	0.0000	0.0000	0.0000	0.0000	0.0000	0.0000	0.0000
919	0.0023	0.0006	0.0001	0.0000	0.0000	0.0000	0.0000	0.0000	0.0000	0.0000
920	0.0023	0.0006	0.0001	0.0000	0.0000	0.0000	0.0000	0.0000	0.0000	0.0000
921	0.0022	0.0005	0.0001	0.0000	0.0000	0.0000	0.0000	0.0000	0.0000	0.0000
922	0.0022	0.0005	0.0001	0.0000	0.0000	0.0000	0.0000	0.0000	0.0000	0.0000
923	0.0021	0.0005	0.0001	0.0000	0.0000	0.0000	0.0000	0.0000	0.0000	0.0000
924	0.0021	0.0005	0.0001	0.0000	0.0000	0.0000	0.0000	0.0000	0.0000	0.0000
925	0.0021	0.0005	0.0001	0.0000	0.0000	0.0000	0.0000	0.0000	0.0000	0.0000
926	0.0020	0.0005	0.0001	0.0000	0.0000	0.0000	0.0000	0.0000	0.0000	0.0000
927	0.0020	0.0005	0.0001	0.0000	0.0000	0.0000	0.0000	0.0000	0.0000	0.0000
928	0.0019	0.0005	0.0001	0.0000	0.0000	0.0000	0.0000	0.0000	0.0000	0.0000
929	0.0019	0.0004	0.0001	0.0000	0.0000	0.0000	0.0000	0.0000	0.0000	0.0000
930	0.0018	0.0004	0.0001	0.0000	0.0000	0.0000	0.0000	0.0000	0.0000	0.0000
931	0.0018	0.0004	0.0001	0.0000	0.0000	0.0000	0.0000	0.0000	0.0000	0.0000
932	0.0018	0.0004	0.0001	0.0000	0.0000	0.0000	0.0000	0.0000	0.0000	0.0000
933	0.0017	0.0004	0.0001	0.0000	0.0000	0.0000	0.0000	0.0000	0.0000	0.0000
934	0.0017	0.0004	0.0001	0.0000	0.0000	0.0000	0.0000	0.0000	0.0000	0.0000
935	0.0016	0.0004	0.0001	0.0000	0.0000	0.0000	0.0000	0.0000	0.0000	0.0000
936	0.0016	0.0004	0.0001	0.0000	0.0000	0.0000	0.0000	0.0000	0.0000	0.0000
937	0.0016	0.0004	0.0001	0.0000	0.0000	0.0000	0.0000	0.0000	0.0000	0.0000
938	0.0015	0.0004	0.0001	0.0000	0.0000	0.0000	0.0000	0.0000	0.0000	0.0000
939	0.0015	0.0004	0.0001	0.0000	0.0000	0.0000	0.0000	0.0000	0.0000	0.0000
940	0.0015	0.0003	0.0001	0.0000	0.0000	0.0000	0.0000	0.0000	0.0000	0.0000
941	0.0014	0.0003	0.0001	0.0000	0.0000	0.0000	0.0000	0.0000	0.0000	0.0000
942	0.0014	0.0003	0.0001	0.0000	0.0000	0.0000	0.0000	0.0000	0.0000	0.0000
943	0.0014	0.0003	0.0001	0.0000	0.0000	0.0000	0.0000	0.0000	0.0000	0.0000
944	0.0013	0.0003	0.0001	0.0000	0.0000	0.0000	0.0000	0.0000	0.0000	0.0000
945	0.0013	0.0003	0.0001	0.0000	0.0000	0.0000	0.0000	0.0000	0.0000	0.0000
946	0.0013	0.0003	0.0001	0.0000	0.0000	0.0000	0.0000	0.0000	0.0000	0.0000
947	0.0013	0.0003	0.0001	0.0000	0.0000	0.0000	0.0000	0.0000	0.0000	0.0000
948	0.0012	0.0003	0.0001	0.0000	0.0000	0.0000	0.0000	0.0000	0.0000	0.0000
949	0.0012	0.0003	0.0001	0.0000	0.0000	0.0000	0.0000	0.0000	0.0000	0.0000
950	0.0012	0.0003	0.0001	0.0000	0.0000	0.0000	0.0000	0.0000	0.0000	0.0000
951	0.0011	0.0003	0.0001	0.0000	0.0000	0.0000	0.0000	0.0000	0.0000	0.0000
952	0.0011	0.0003	0.0001	0.0000	0.0000	0.0000	0.0000	0.0000	0.0000	0.0000
953	0.0011	0.0003	0.0001	0.0000	0.0000	0.0000	0.0000	0.0000	0.0000	0.0000
954	0.0011	0.0002	0.0001	0.0000	0.0000	0.0000	0.0000	0.0000	0.0000	0.0000
955	0.0010	0.0002	0.0000	0.0000	0.0000	0.0000	0.0000	0.0000	0.0000	0.0000
956	0.0010	0.0002	0.0000	0.0000	0.0000	0.0000	0.0000	0.0000	0.0000	0.0000
957	0.0010	0.0002	0.0000	0.0000	0.0000	0.0000	0.0000	0.0000	0.0000	0.0000
958	0.0010	0.0002	0.0000	0.0000	0.0000	0.0000	0.0000	0.0000	0.0000	0.0000
959	0.0010	0.0002	0.0000	0.0000	0.0000	0.0000	0.0000	0.0000	0.0000	0.0000
960	0.0009	0.0002	0.0000	0.0000	0.0000	0.0000	0.0000	0.0000	0.0000	0.0000
961	0.0009	0.0002	0.0000	0.0000	0.0000	0.0000	0.0000	0.0000	0.0000	0.0000
962	0.0009	0.0002	0.0000	0.0000	0.0000	0.0000	0.0000	0.0000	0.0000	0.0000
963	0.0009	0.0002	0.0000	0.0000	0.0000	0.0000	0.0000	0.0000	0.0000	0.0000
964	0.0009	0.0002	0.0000	0.0000	0.0000	0.0000	0.0000	0.0000	0.0000	0.0000
965	0.0008	0.0002	0.0000	0.0000	0.0000	0.0000	0.0000	0.0000	0.0000	0.0000
966	0.0008	0.0002	0.0000	0.0000	0.0000	0.0000	0.0000	0.0000	0.0000	0.0000
967	0.0008	0.0002	0.0000	0.0000	0.0000	0.0000	0.0000	0.0000	0.0000	0.0000
968	0.0008	0.0002	0.0000	0.0000	0.0000	0.0000	0.0000	0.0000	0.0000	0.0000
969	0.0008	0.0002	0.0000	0.0000	0.0000	0.0000	0.0000	0.0000	0.0000	0.0000
970	0.0007	0.0002	0.0000	0.0000	0.0000	0.0000	0.0000	0.0000	0.0000	0.0000
971	0.0007	0.0002	0.0000	0.0000	0.0000	0.0000	0.0000	0.0000	0.0000	0.0000
972	0.0007	0.0002	0.0000	0.0000	0.0000	0.0000	0.0000	0.0000	0.0000	0.0000
973	0.0007	0.0002	0.0000	0.0000	0.0000	0.0000	0.0000	0.0000	0.0000	0.0000
974	0.0007	0.0002	0.0000	0.0000	0.0000	0.0000	0.0000	0.0000	0.0000	0.0000
975	0.0007	0.0001	0.0000	0.0000	0.0000	0.0000	0.0000	0.0000	0.0000	0.0000
976	0.0007	0.0001	0.0000	0.0000	0.0000	0.0000	0.0000	0.0000	0.0000	0.0000
977	0.0006	0.0001	0.0000	0.0000	0.0000	0.0000	0.0000	0.0000	0.0000	0.0000
978	0.0006	0.0001	0.0000	0.0000	0.0000	0.0000	0.0000	0.0000	0.0000	0.0000
979	0.0006	0.0001	0.0000	0.0000	0.0000	0.0000	0.0000	0.0000	0.0000	0.0000
980	0.0006	0.0001	0.0000	0.0000	0.0000	0.0000	0.0000	0.0000	0.0000	0.0000
981	0.0006	0.0001	0.0000	0.0000	0.0000	0.0000	0.0000	0.0000	0.0000	0.0000
982	0.0006	0.0001	0.0000	0.0000	0.0000	0.0000	0.0000	0.0000	0.0000	0.0000
983	0.0006	0.0001	0.0000	0.0000	0.0000	0.0000	0.0000	0.0000	0.0000	0.0000
984	0.0005	0.0001	0.0000	0.0000	0.0000	0.0000	0.0000	0.0000	0.0000	0.0000
985	0.0005	0.0001	0.0000	0.0000	0.0000	0.0000	0.0000	0.0000	0.0000	0.0000
986	0.0005	0.0001	0.0000	0.0000	0.0000	0.0000	0.0000	0.0000	0.0000	0.0000
987	0.0005	0.0001	0.0000	0.0000	0.0000	0.0000	0.0000	0.0000	0.0000	0.0000
988	0.0005	0.0001	0.0000	0.0000	0.0000	0.0000	0.0000	0.0000	0.0000	0.0000
989	0.0005	0.0001	0.0000	0.0000	0.0000	0.0000	0.0000	0.0000	0.0000	0.0000
990	0.0005	0.0001	0.0000	0.0000	0.0000	0.0000	0.0000	0.0000	0.0000	0.0000
991	0.0005	0.0001	0.0000	0.0000	0.0000	0.0000	0.0000	0.0000	0.0000	0.0000
992	0.0005	0.0001	0.0000	0.0000	0.0000	0.0000	0.0000	0.0000	0.0000	0.0000
993	0.0004	0.0001	0.0000	0.0000	0.0000	0.0000	0.0000	0.0000	0.0000	0.0000
994	0.0004	0.0001	0.0000	0.0000	0.0000	0.0000	0.0000	0.0000	0.0000	0.0000
995	0.0004	0.0001	0.0000	0.0000	0.0000	0.0000	0.0000	0.0000	0.0000	0.0000
996	0.0004	0.0001	0.0000	0.0000	0.0000	0.0000	0.0000	0.0000	0.0000	0.0000
997	0.0004	0.0001	0.0000	0.0000	0.0000	0.0000	0.0000	0.0000	0.0000	0.0000
998	0.0004	0.0001	0.0000	0.0000	0.0000	0.0000	0.0000	0.0000	0.0000	0.0000
999	0.0004	0.0001	0.0000	0.0000	0.0000	0.0000	0.0000	0.0000	0.0000	0.0000
