s	phi1.0	phi0.9	phi0.8	phi0.7	phi0.6	phi0.5	phi0.4	phi0.3	phi0.2	phi0.1
0	950134.8532	1041083.0614	1137855.9307	1240480.8011	1348940.3097	1463168.3878	1583046.5300	1708400.4188	1838996.9883	1974542.0121
1	939536.0609	1028641.2099	1123287.8306	1223466.7276	1329120.5101	1440139.4593	1556357.7005	1677549.7703	1803427.6716	1933638.5086
2	929055.4987	1016348.0494	1108906.2474	1206686.0142	1309591.9202	1417472.9850	1530118.8221	1647256.2292	1768546.3257	1893582.3392
3	918691.8475	1004201.8028	1094708.7934	1190135.4601	1290350.2612	1395163.2602	1504322.3091	1617509.7352	1734339.6442	1854355.9509
4	908443.8033	992200.7145	1080693.1110	1173811.9087	1271391.3174	1373204.6701	1478960.7035	1588300.4095	1700794.5777	1815942.1544
5	898310.0764	980343.0497	1066856.8730	1157712.2463	1252710.9348	1351591.6880	1454026.6733	1559618.5518	1667898.3297	1778324.1165
6	888289.3916	968627.0944	1053197.7819	1141833.4022	1234305.0205	1330318.8744	1429513.0097	1531454.6371	1635638.3509	1741485.3528
7	878380.4880	957051.1549	1039713.5697	1126172.3477	1216169.5419	1309380.8754	1405412.6259	1503799.3122	1604002.3347	1705409.7203
8	868582.1186	945613.5580	1026401.9975	1110726.0956	1198300.5255	1288772.4213	1381718.5542	1476643.3929	1572978.2126	1670081.4103
9	858893.0504	934312.6504	1013260.8548	1095491.6999	1180694.0561	1268488.3254	1358423.9445	1449977.8607	1542554.1496	1635484.9417
10	849312.0641	923146.7985	1000287.9597	1080466.2547	1163346.2762	1248523.4825	1335522.0624	1423793.8603	1512718.5395	1601605.1541
11	839837.9541	912114.3883	987481.1581	1065646.8941	1146253.3849	1228872.8680	1313006.2866	1398082.6960	1483460.0007	1568427.2012
12	830469.5282	901213.8250	974838.3234	1051030.7916	1129411.6372	1209531.5361	1290870.1079	1372835.8292	1454767.3715	1535936.5441
13	821205.6075	890443.5329	962357.3564	1036615.1592	1112817.3431	1190494.6190	1269107.1264	1348044.8756	1426629.7064	1504118.9452
14	812045.0262	879801.9553	950036.1846	1022397.2475	1096466.8667	1171757.3256	1247711.0505	1323701.6021	1399036.2714	1472960.4618
15	802986.6315	869287.5538	937872.7622	1008374.3445	1080356.6256	1153314.9399	1226675.6944	1299797.9245	1371976.5402	1442447.4401
16	794029.2835	858898.8086	925865.0695	994543.7756	1064483.0902	1135162.8205	1205994.9766	1276325.9045	1345440.1900	1412566.5090
17	785171.8552	848634.2179	914011.1127	980902.9027	1048842.7825	1117296.3988	1185662.9183	1253277.7470	1319417.0978	1383304.5745
18	776413.2318	838492.2981	902308.9235	967449.1241	1033432.2757	1099711.1782	1165673.6413	1230645.7980	1293897.3362	1354648.8138
19	767752.3112	828471.5831	890756.5587	954179.8736	1018248.1935	1082402.7329	1146021.3667	1208422.5414	1268871.1701	1326586.6697
20	759188.0035	818570.6243	879352.1001	941092.6203	1003287.2090	1065366.7066	1126700.4129	1186600.5969	1244329.0524	1299105.8453
21	750719.2310	808787.9907	868093.6542	928184.8679	988546.0442	1048598.8117	1107705.1941	1165172.7177	1220261.6209	1272194.2981
22	742344.9280	799122.2681	856979.3515	915454.1545	974021.4693	1032094.8281	1089030.2186	1144131.7875	1196659.6942	1245840.2355
23	734064.0407	789572.0593	846007.3464	902898.0518	959710.3021	1015850.6021	1070670.0875	1123470.8188	1173514.2687	1220032.1089
24	725875.5271	780135.9838	835175.8172	890514.1650	945609.4070	999862.0453	1052619.4927	1103182.9501	1150816.5151	1194758.6088
25	717778.3566	770812.6777	824482.9653	878300.1320	931715.6944	984125.1337	1034873.2157	1083261.4440	1128557.7744	1170008.6605
26	709771.5104	761600.7932	813927.0152	866253.6231	918026.1203	968635.9067	1017426.1260	1063699.6846	1106729.5554	1145771.4181
27	701853.9808	752498.9988	803506.2141	854372.3406	904537.6853	953390.4659	1000273.1795	1044491.1754	1085323.5312	1122036.2609
28	694024.7717	743505.9787	793218.8318	842654.0183	891247.4340	938384.9743	983409.4172	1025629.5375	1064331.5357	1098792.7878
29	686282.8976	734620.4332	783063.1599	831096.4212	878152.4547	923615.6555	966829.9637	1007108.5070	1043745.5610	1076030.8135
30	678627.3845	725841.0776	773037.5124	819697.3446	865249.8781	909078.7921	950530.0259	988921.9330	1023557.7539	1053740.3635
31	671057.2689	717166.6430	763140.2243	808454.6145	852536.8773	894770.7257	934504.8912	971063.7760	1003760.4132	1031911.6699
32	663571.5983	708595.8755	753369.6524	797366.0864	840010.6670	880687.8551	918749.9268	953528.1053	984345.9866	1010535.1672
33	656169.4307	700127.5361	743724.1742	786429.6453	827668.5026	866826.6360	903260.5778	936309.0974	965307.0679	989601.4882
34	648849.8345	691760.4008	734202.1882	775643.2052	815507.6800	853183.5797	888032.3662	919401.0338	946636.3942	969101.4595
35	641611.8887	683493.2600	724802.1132	765004.7089	803525.5347	839755.2527	873060.8893	902798.2996	928326.8429	949026.0979
36	634454.6824	675324.9188	715522.3885	754512.1270	791719.4415	826538.2752	858341.8190	886495.3810	910371.4293	929366.6063
37	627377.3151	667254.1964	706361.4732	744163.4583	780086.8136	813529.3208	843870.8997	870486.8638	892763.3038	910114.3696
38	620378.8961	659279.9262	697317.8461	733956.7290	768625.1023	800725.1154	829643.9480	854767.4318	875495.7493	891260.9514
39	613458.5448	651400.9555	688390.0057	723889.9922	757331.7965	788122.4364	815656.8507	839331.8646	858562.1786	872798.0901
40	606615.3902	643616.1454	679576.4693	713961.3278	746204.4217	775718.1121	801905.5640	824175.0360	841956.1318	854717.6950
41	599848.5713	635924.3705	670875.7738	704168.8421	735240.5399	763509.0205	788386.1124	809291.9125	825671.2741	837011.8432
42	593157.2366	628324.5190	662286.4742	694510.6673	724437.7490	751492.0887	775094.5874	794677.5516	809701.3931	819672.7759
43	586540.5439	620815.4925	653807.1444	684984.9612	713793.6820	739664.2925	762027.1463	780327.0999	794040.3966	802692.8950
44	579997.6607	613396.2053	645436.3764	675589.9069	703306.0069	728022.6549	749180.0112	766235.7915	778682.3104	786064.7598
45	573527.7637	606065.5851	637172.7804	666323.7124	692972.4258	716564.2460	736549.4680	752398.9470	763621.2756	769781.0837
46	567130.0386	598822.5722	629014.9841	657184.6104	682790.6746	705286.1820	724131.8651	738811.9710	748851.5466	753834.7311
47	560803.6803	591666.1197	620961.6330	648170.8576	672758.5225	694185.6243	711923.6125	725470.3515	734367.4893	738218.7141
48	554547.8929	584595.1930	613011.3899	639280.7348	662873.7715	683259.7792	699921.1807	712369.6576	720163.5782	722926.1898
49	548361.8890	577608.7700	605162.9346	630512.5464	653134.2558	672505.8970	688121.0999	699505.5389	706234.3947	707950.4569
50	542244.8903	570705.8409	597414.9641	621864.6199	643537.8415	661921.2709	676519.9584	686873.7230	692574.6253	693284.9528
51	536196.1269	563885.4078	589766.1917	613335.3058	634082.4261	651503.2372	665114.4024	674470.0151	679179.0589	678923.2510
52	530214.8377	557146.4849	582215.3474	604922.9773	624765.9378	641249.1738	653901.1345	662290.2959	666042.5855	664859.0582
53	524300.2700	550488.0980	574761.1774	596626.0299	615586.3354	631156.4999	642876.9128	650330.5207	653160.1937	651086.2114
54	518451.6795	543909.2846	567402.4441	588442.8810	606541.6077	621222.6754	632038.5501	638586.7175	640526.9692	637598.6751
55	512668.3304	537409.0938	560137.9254	580371.9698	597629.7730	611445.2003	621382.9132	627054.9863	628138.0927	624390.5390
56	506949.4947	530986.5859	552966.4152	572411.7568	588848.8786	601821.6136	610906.9213	615731.4975	615988.8380	611456.0152
57	501294.4528	524640.8326	545886.7227	564560.7238	580197.0008	592349.4933	600607.5457	604612.4907	604074.5705	598789.4358
58	495702.4932	518370.9166	538897.6723	556817.3733	571672.2439	583026.4556	590481.8090	593694.2731	592390.7451	586385.2501
59	490172.9121	512175.9316	531998.1035	549180.2283	563272.7400	573850.1539	580526.7837	582973.2190	580932.9047	574238.0226
60	484705.0137	506054.9820	525186.8707	541647.8322	554996.6490	564818.2788	570739.5916	572445.7679	569696.6783	562342.4302
61	479298.1099	500007.1831	518462.8428	534218.7482	546842.1574	555928.5571	561117.4034	562108.4237	558677.7796	550693.2602
62	473951.5204	494031.6608	511824.9035	526891.5594	538807.4787	547178.7515	551657.4372	551957.7534	547872.0050	539285.4079
63	468664.5722	488127.5511	505271.9505	519664.8682	530890.8525	538566.6597	542356.9580	541990.3860	537275.2324	528113.8743
64	463436.6002	482294.0007	498802.8957	512537.2961	523090.5442	530090.1145	533213.2770	532203.0114	526883.4194	517173.7638
65	458266.9464	476530.1663	492416.6649	505507.4838	515404.8448	521746.9822	524223.7508	522592.3793	516692.6016	506460.2826
66	453154.9604	470835.2148	486112.1978	498574.0903	507832.0703	513535.1632	515385.7805	513155.2979	506698.8915	495968.7358
67	448099.9987	465208.3229	479888.4475	491735.7933	500370.5616	505452.5908	506696.8108	503888.6333	496898.4767	485694.5260
68	443101.4253	459648.6772	473744.3806	484991.2883	493018.6839	497497.2305	498154.3299	494789.3080	487287.6185	475633.1510
69	438158.6112	454155.4742	467678.9769	478339.2890	485774.8263	489667.0804	489755.8680	485854.3002	477862.6505	465780.2017
70	433270.9344	448727.9198	461691.2292	471778.5266	478637.4017	481960.1697	481498.9971	477080.6427	468619.9774	456131.3606
71	428437.7799	443365.2294	455780.1434	465307.7497	471604.8464	474374.5586	473381.3300	468465.4217	459556.0733	446682.3995
72	423658.5393	438066.6278	449944.7379	458925.7240	464675.6194	466908.3381	465400.5200	460005.7761	450667.4804	437429.1778
73	418932.6114	432831.3491	444184.0437	452631.2324	457848.2027	459559.6291	457554.2597	451698.8965	441950.8080	428367.6406
74	414259.4014	427658.6366	438497.1044	446423.0742	451121.1003	452326.5820	449840.2807	443542.0243	433402.7308	419493.8171
75	409638.3212	422547.7425	432882.9756	440300.0653	444492.8383	445207.3765	442256.3529	435532.4506	425019.9879	410803.8188
76	405068.7894	417497.9281	427340.7251	434261.0378	437961.9644	438200.2207	434800.2838	427667.5155	416799.3814	402293.8376
77	400550.2309	412508.4633	421869.4327	428304.8398	431527.0479	431303.3511	427469.9176	419944.6069	408737.7754	393960.1444
78	396082.0771	407578.6270	416468.1899	422430.3354	425186.6787	424515.0319	420263.1353	412361.1603	400832.0945	385799.0873
79	391663.7657	402707.7066	411136.0999	416636.4039	418939.4676	417833.5546	413177.8532	404914.6571	393079.3228	377807.0900
80	387294.7408	397894.9979	405872.2772	410921.9403	412784.0461	411257.2377	406212.0231	397602.6243	385476.5029	369980.6505
81	382974.4525	393139.8053	400675.8478	405285.8546	406719.0653	404784.4260	399363.6309	390422.6338	378020.7344	362316.3392
82	378702.3572	388441.4414	395545.9489	399727.0718	400743.1964	398413.4903	392630.6969	383372.3011	370709.1731	354810.7973
83	374477.9173	383799.2270	390481.7287	394244.5316	394855.1302	392142.8274	386011.2744	376449.2847	363539.0298	347460.7361
84	370300.6011	379212.4912	385482.3463	388837.1884	389053.5766	385970.8590	379503.4499	369651.2856	356507.5691	340262.9347
85	366169.8831	374680.5708	380546.9715	383504.0108	383337.2644	379896.0316	373105.3417	362976.0461	349612.1089	333214.2388
86	362085.2435	370202.8109	375674.7849	378243.9814	377704.9413	373916.8165	366815.1003	356421.3495	342850.0185	326311.5597
87	358046.1681	365778.5641	370864.9775	373056.0971	372155.3731	368031.7087	360630.9070	349985.0190	336218.7184	319551.8727
88	354052.1488	361407.1909	366116.7506	367939.3683	366687.3439	362239.2272	354550.9741	343664.9171	329715.6789	312932.2156
89	350102.6830	357088.0594	361429.3158	362892.8190	361299.6558	356537.9140	348573.5436	337458.9448	323338.4192	306449.6876
90	346197.2736	352820.5453	356801.8947	357915.4868	355991.1283	350926.3342	342696.8876	331365.0413	317084.5065	300101.4479
91	342335.4292	348604.0318	352233.7191	353006.4222	350760.5983	345403.0756	336919.3071	325381.1828	310951.5550	293884.7149
92	338516.6638	344437.9092	347724.0303	348164.6888	345606.9197	339966.7479	331239.1317	319505.3820	304937.2253	287796.7642
93	334740.4969	340321.5755	343272.0796	343389.3633	340528.9634	334615.9831	325654.7193	313735.6877	299039.2228	281834.9280
94	331006.4533	336254.4355	338877.1278	338679.5348	335525.6169	329349.4344	320164.4553	308070.1837	293255.2977	275996.5939
95	327314.0631	332235.9015	334538.4450	334034.3049	330595.7839	324165.7764	314766.7526	302506.9885	287583.2435	270279.2035
96	323662.8617	328265.3924	330255.3109	329452.7876	325738.3843	319063.7044	309460.0506	297044.2547	282020.8965	264680.2513
97	320052.3895	324342.3343	326027.0142	324934.1091	320952.3537	314041.9343	304242.8151	291680.1681	276566.1347	259197.2838
98	316482.1923	320466.1603	321852.8529	320477.4075	316236.6437	309099.2023	299113.5378	286412.9472	271216.8772	253827.8985
99	312951.8208	316636.3098	317732.1338	316081.8327	311590.2210	304234.2643	294070.7358	281240.8429	265971.0834	248569.7423
100	309460.8308	312852.2295	313664.1728	311746.5463	307012.0676	299445.8960	289112.9512	276162.1375	260826.7521	243420.5111
101	306008.7829	309113.3722	309648.2944	307470.7214	302501.1803	294732.8922	284238.7506	271175.1445	255781.9209	238377.9485
102	302595.2427	305419.1975	305683.8317	303253.5425	298056.5709	290094.0668	279446.7250	266278.2076	250834.6653	233439.8448
103	299219.7807	301769.1715	301770.1265	299094.2052	293677.2656	285528.2523	274735.4888	261469.7006	245983.0980	228604.0360
104	295881.9721	298162.7664	297906.5289	294991.9162	289362.3048	281034.2995	270103.6802	256748.0266	241225.3682	223868.4032
105	292581.3969	294599.4610	294092.3974	290945.8930	285110.7431	276611.0773	265549.9599	252111.6175	236559.6610	219230.8711
106	289317.6397	291078.7402	290327.0987	286955.3638	280921.6491	272257.4727	261073.0115	247558.9338	231984.1965	214689.4075
107	286090.2899	287600.0952	286610.0075	283019.5676	276794.1049	267972.3897	256671.5407	243088.4633	227497.2292	210242.0223
108	282898.9413	284163.0229	282940.5067	279137.7536	272727.2061	263754.7501	252344.2750	238698.7215	223097.0474	205886.7666
109	279743.1923	280767.0267	279317.9868	275309.1814	268720.0617	259603.4922	248089.9633	234388.2505	218781.9726	201621.7320
110	276622.6458	277411.6156	275741.8466	271533.1208	264771.7938	255517.5713	243907.3757	230155.6190	214550.3587	197445.0494
111	273536.9092	274096.3046	272211.4920	267808.8516	260881.5372	251495.9591	239795.3031	225999.4212	210400.5914	193354.8887
112	270485.5940	270820.6145	268726.3371	264135.6634	257048.4397	247537.6434	235752.5565	221918.2768	206331.0875	189349.4574
113	267468.3164	267584.0717	265285.8029	260512.8555	253271.6614	243641.6279	231777.9672	217910.8306	202340.2948	185427.0004
114	264484.6967	264386.2084	261889.3183	256939.7370	249550.3747	239806.9321	227870.3861	213975.7517	198426.6908	181585.7988
115	261534.3593	261226.5624	258536.3193	253415.6264	245883.7644	236032.5910	224028.6836	210111.7333	194588.7825	177824.1693
116	258616.9331	258104.6769	255226.2491	249939.8515	242271.0271	232317.6544	220251.7489	206317.4921	190825.1058	174140.4637
117	255732.0509	255020.1006	251958.5581	246511.7492	238711.3713	228661.1876	216538.4901	202591.7681	187134.2250	170533.0676
118	252879.3497	251972.3878	248732.7037	243130.6659	235204.0171	225062.2703	212887.8338	198933.3240	183514.7322	167000.4004
119	250058.4704	248961.0978	245548.1504	239795.9564	231748.1959	221519.9965	209298.7244	195340.9449	179965.2464	163540.9139
120	247269.0582	245985.7953	242404.3692	236506.9849	228343.1507	218033.4750	205770.1244	191813.4377	176484.4137	160153.0922
121	244510.7620	243046.0503	239300.8382	233263.1240	224988.1353	214601.8280	202301.0137	188349.6309	173070.9062	156835.4506
122	241783.2347	240141.4378	236237.0421	230063.7549	221682.4147	211224.1921	198890.3892	184948.3743	169723.4217	153586.5355
123	239086.1330	237271.5379	233212.4721	226908.2674	218425.2646	207899.7170	195537.2649	181608.5382	166440.6833	150404.9231
124	236419.1177	234435.9359	230226.6261	223796.0597	215215.9714	204627.5661	192240.6715	178329.0136	163221.4385	147289.2192
125	233781.8530	231634.2218	227279.0081	220726.5381	212053.8319	201406.9159	188999.6559	175108.7114	160064.4594	144238.0584
126	231174.0071	228865.9906	224369.1289	217699.1171	208938.1533	198236.9558	185813.2811	171946.5620	156968.5417	141250.1038
127	228595.2518	226130.8422	221496.5051	214713.2194	205868.2530	195116.8879	182680.6259	168841.5154	153932.5042	138324.0460
128	226045.2626	223428.3812	218660.6599	211768.2754	202843.4583	192045.9270	179600.7846	165792.5404	150955.1888	135458.6027
129	223523.7187	220758.2170	215861.1224	208863.7234	199863.1065	189023.3003	176572.8668	162798.6243	148035.4598	132652.5184
130	221030.3027	218119.9635	213097.4277	205999.0094	196926.5446	186048.2469	173595.9972	159858.7731	145172.2032	129904.5633
131	218564.7009	215513.2395	210369.1168	203173.5869	194033.1292	183120.0181	170669.3151	156972.0103	142364.3269	127213.5333
132	216126.6029	212937.6681	207675.7369	200386.9172	191182.2264	180237.8770	167791.9743	154137.3772	139610.7597	124578.2492
133	213715.7020	210392.8771	205016.8405	197638.4686	188373.2115	177401.0981	164963.1431	151353.9325	136910.4511	121997.5562
134	211331.6948	207878.4985	202391.9864	194927.7169	185605.4691	174608.9675	162182.0037	148620.7519	134262.3711	119470.3233
135	208974.2813	205394.1690	199800.7385	192254.1451	182878.3927	171860.7825	159447.7518	145936.9276	131665.5094	116995.4432
136	206643.1649	202939.5293	197242.6667	189617.2432	180191.3850	169155.8514	156759.5972	143301.5683	129118.8755	114571.8313
137	204338.0521	200514.2248	194717.3462	187016.5083	177543.8570	166493.4935	154116.7626	140713.7989	126621.4977	112198.4256
138	202058.6530	198117.9047	192224.3577	184451.4443	174935.2289	163873.0386	151518.4839	138172.7600	124172.4235	109874.1860
139	199804.6807	195750.2228	189763.2871	181921.5620	172364.9290	161293.8272	148964.0101	135677.6077	121770.7185	107598.0941
140	197575.8515	193410.8367	187333.7260	179426.3788	169832.3941	158755.2103	146452.6025	133227.5134	119415.4665	105369.1524
141	195371.8850	191099.4084	184935.2708	176965.4188	167337.0695	156256.5489	143983.5351	130821.6633	117105.7691	103186.3842
142	193192.5038	188815.6036	182567.5233	174538.2127	164878.4083	153797.2141	141556.0941	128459.2587	114840.7452	101048.8330
143	191037.4337	186559.0923	180230.0903	172144.2974	162455.8719	151376.5870	139169.5777	126139.5148	112619.5306	98955.5621
144	188906.4035	184329.5482	177922.5837	169783.2163	160068.9295	148994.0584	136823.2960	123861.6613	110441.2782	96905.6543
145	186799.1450	182126.6492	175644.6205	167454.5191	157717.0581	146649.0286	134516.5706	121624.9418	108305.1568	94898.2112
146	184715.3931	179950.0767	173395.8222	165157.7617	155399.7425	144340.9074	132248.7347	119428.6134	106210.3516	92932.3531
147	182654.8855	177799.5162	171175.8156	162892.5059	153116.4748	142069.1139	130019.1325	117271.9468	104156.0635	91007.2187
148	180617.3630	175674.6568	168984.2320	160658.3198	150866.7549	139833.0763	127827.1196	115154.2257	102141.5088	89121.9642
149	178602.5691	173575.1912	166820.7074	158454.7770	148650.0899	137632.2319	125672.0622	113074.7468	100165.9190	87275.7637
150	176610.2503	171500.8161	164684.8828	156281.4574	146465.9940	135466.0268	123553.3372	111032.8196	98228.5405	85467.8080
151	174640.1559	169451.2317	162576.4033	154137.9465	144313.9887	133333.9158	121470.3321	109027.7660	96328.6341	83697.3049
152	172692.0380	167426.1415	160494.9189	152023.8353	142193.6026	131235.3622	119422.4447	107058.9200	94465.4752	81963.4785
153	170765.6514	165425.2529	158440.0840	149938.7206	140104.3710	129169.8380	117409.0830	105125.6279	92638.3529	80265.5691
154	168860.7538	163448.2767	156411.5575	147882.2048	138045.8362	127136.8232	115429.6649	103227.2475	90846.5702	78602.8327
155	166977.1053	161494.9271	154409.0023	145853.8955	136017.5472	125135.8062	113483.6181	101363.1485	89089.4437	76974.5405
156	165114.4690	159564.9217	152432.0861	143853.4059	134019.0596	123166.2834	111570.3800	99532.7118	87366.3029	75379.9792
157	163272.6105	157657.9816	150480.4806	141880.3545	132049.9354	121227.7591	109689.3975	97735.3295	85676.4906	73818.4499
158	161451.2981	155773.8311	148553.8617	139934.3649	130109.7434	119319.7453	107840.1267	95970.4047	84019.3622	72289.2683
159	159650.3024	153912.1978	146651.9096	138015.0659	128198.0583	117441.7620	106022.0331	94237.3512	82394.2854	70791.7644
160	157869.3969	152072.8127	144774.3084	136122.0914	126314.4614	115593.3363	104234.5911	92535.5936	80800.6404	69325.2820
161	156108.3575	150255.4098	142920.7463	134255.0804	124458.5399	113774.0032	102477.2838	90864.5667	79237.8191	67889.1784
162	154366.9625	148459.7264	141090.9155	132413.6768	122629.8872	111983.3048	100749.6032	89223.7155	77705.2255	66482.8243
163	152644.9929	146685.5031	139284.5123	130597.5294	120828.1027	110220.7903	99051.0498	87612.4952	76202.2748	65105.6034
164	150942.2319	144932.4833	137501.2367	128806.2917	119052.7915	108486.0161	97381.1326	86030.3706	74728.3937	63756.9123
165	149258.4653	143200.4136	135740.7926	127039.6221	117303.5648	106778.5457	95739.3689	84476.8164	73283.0200	62436.1599
166	147593.4811	141489.0436	134002.8876	125297.1836	115580.0392	105097.9493	94125.2838	82951.3166	71865.6023	61142.7675
167	145947.0699	139798.1260	132287.2333	123578.6439	113881.8371	103443.8040	92538.4109	81453.3645	70475.5998	59876.1683
168	144319.0246	138127.4163	130593.5446	121883.6752	112208.5865	101815.6934	90978.2914	79982.4628	69112.4823	58635.8072
169	142709.1401	136476.6731	128921.5405	120211.9542	110559.9208	100213.2078	89444.4741	78538.1229	67775.7299	57421.1407
170	141117.2139	134845.6577	127270.9432	118563.1621	108935.4787	98635.9438	87936.5157	77119.8652	66464.8324	56231.6366
171	139543.0458	133234.1344	125641.4787	116936.9843	107334.9042	97083.5045	86453.9802	75727.2187	65179.2900	55066.7736
172	137986.4375	131641.8701	124032.8764	115333.1106	105757.8468	95555.4992	84996.4390	74359.7209	63918.6121	53926.0413
173	136447.1933	130068.6349	122444.8692	113751.2353	104203.9609	94051.5433	83563.4707	73016.9177	62682.3179	52808.9397
174	134925.1194	128514.2011	120877.1935	112191.0564	102672.9061	92571.2582	82154.6611	71698.3631	61469.9357	51714.9793
175	133420.0243	126978.3442	119329.5889	110652.2766	101164.3468	91114.2715	80769.6028	70403.6192	60281.0030	50643.6809
176	131931.7186	125460.8421	117801.7985	109134.6022	99677.9526	89680.2164	79407.8954	69132.2561	59115.0663	49594.5748
177	130460.0150	123961.4755	116293.5685	107637.7437	98213.3977	88268.7321	78069.1452	67883.8515	57971.6808	48567.2015
178	129004.7284	122480.0277	114804.6486	106161.4158	96770.3614	86879.4632	76752.9653	66657.9908	56850.4103	47561.1106
179	127565.6755	121016.2844	113334.7915	104705.3367	95348.5274	85512.0601	75458.9750	65454.2670	55750.8271	46575.8613
180	126142.6753	119570.0341	111883.7532	103269.2288	93947.5843	84166.1787	74186.8003	64272.2803	54672.5116	45611.0219
181	124735.5487	118141.0678	110451.2926	101852.8181	92567.2250	82841.4803	72936.0734	63111.6382	53615.0527	44666.1696
182	123344.1187	116729.1789	109037.1720	100455.8345	91207.1471	81537.6313	71706.4327	61971.9551	52578.0467	43740.8903
183	121968.2101	115334.1633	107641.1566	99078.0115	89867.0527	80254.3038	70497.5227	60852.8528	51561.0982	42834.7786
184	120607.6498	113955.8194	106263.0145	97719.0864	88546.6481	78991.1747	69308.9939	59753.9593	50563.8193	41947.4374
185	119262.2667	112593.9479	104902.5169	96378.7998	87245.6441	77747.9260	68140.5028	58674.9100	49585.8294	41078.4779
186	117931.8913	111248.3519	103559.4380	95056.8963	85963.7555	76524.2450	66991.7113	57615.3463	48626.7554	40227.5192
187	116616.3564	109918.8369	102233.5546	93753.1236	84700.7015	75319.8235	65862.2876	56574.9164	47686.2316	39394.1885
188	115315.4963	108605.2109	100924.6466	92467.2330	83456.2054	74134.3586	64751.9050	55553.2749	46763.8991	38578.1206
189	114029.1473	107307.2838	99632.4968	91198.9794	82229.9946	72967.5518	63660.2424	54550.0823	45859.4061	37778.9579
190	112757.1476	106024.8680	98356.8905	89948.1207	81021.8003	71819.1094	62586.9844	53565.0057	44972.4075	36996.3502
191	111499.3371	104757.7783	97097.6159	88714.4185	79831.3578	70688.7425	61531.8207	52597.7177	44102.5650	36229.9546
192	110255.5576	103505.8314	95854.4640	87497.6374	78658.4063	69576.1666	60494.4461	51647.8972	43249.5467	35479.4352
193	109025.6524	102268.8463	94627.2283	86297.5452	77502.6889	68481.1015	59474.5607	50715.2288	42413.0272	34744.4632
194	107809.4669	101046.6443	93415.7050	85113.9132	76363.9522	67403.2718	58471.8698	49799.4027	41592.6874	34024.7164
195	106606.8480	99839.0487	92219.6930	83946.5156	75241.9469	66342.4061	57486.0834	48900.1148	40788.2144	33319.8795
196	105417.6444	98645.8849	91038.9937	82795.1296	74136.4270	65298.2375	56516.9165	48017.0664	39999.3012	32629.6436
197	104241.7063	97466.9805	89873.4110	81659.5357	73047.1504	64270.5031	55564.0889	47149.9643	39225.6470	31953.7062
198	103078.8860	96302.1650	88722.7514	80539.5173	71973.8784	63258.9443	54627.3252	46298.5204	38466.9565	31291.7712
199	101929.0369	95151.2700	87586.8238	79434.8607	70916.3758	62263.3066	53706.3546	45462.4522	37722.9404	30643.5484
200	100792.0144	94014.1293	86465.4397	78345.3553	69874.4110	61283.3392	52800.9107	44641.4818	36993.3149	30008.7539
201	99667.6754	92890.5783	85358.4127	77270.7932	68847.7556	60318.7957	51910.7319	43835.3367	36277.8015	29387.1094
202	98555.8785	91780.4548	84265.5591	76210.9695	67836.1848	59369.4331	51035.5607	43043.7491	35576.1274	28778.3425
203	97456.4838	90683.5982	83186.6975	75165.6821	66839.4768	58435.0127	50175.1442	42266.4562	34888.0248	28182.1865
204	96369.3528	89599.8501	82121.6487	74134.7314	65857.4133	57515.2992	49329.2336	41503.1997	34213.2313	27598.3802
205	95294.3488	88529.0536	81070.2358	73117.9211	64889.7791	56610.0611	48497.5843	40753.7264	33551.4895	27026.6676
206	94231.3366	87471.0542	80032.2842	72115.0569	63936.3623	55719.0707	47679.9560	40017.7871	32902.5468	26466.7984
207	93180.1823	86425.6987	79007.6217	71125.9478	62996.9538	54842.1036	46876.1121	39295.1377	32266.1558	25918.5270
208	92140.7536	85392.8361	77996.0780	70150.4050	62071.3480	53978.9392	46085.8204	38585.5379	31642.0737	25381.6134
209	91112.9198	84372.3172	76997.4853	69188.2425	61159.3420	53129.3602	45308.8523	37888.7523	31030.0624	24855.8221
210	90096.5516	83363.9943	76011.6777	68239.2767	60260.7360	52293.1528	44544.9833	37204.5494	30429.8885	24340.9229
211	89091.5209	82367.7218	75038.4914	67303.3266	59375.3330	51470.1066	43793.9924	36532.7019	29841.3229	23836.6900
212	88097.7015	81383.3556	74077.7650	66380.2138	58502.9392	50660.0143	43055.6626	35872.9868	29264.1411	23342.9025
213	87114.9681	80410.7535	73129.3389	65469.7621	57643.3633	49862.6721	42329.7805	35225.1850	28698.1231	22859.3441
214	86143.1971	79449.7748	72193.0555	64571.7979	56796.4171	49077.8794	41616.1361	34589.0813	28143.0528	22385.8027
215	85182.2663	78500.2806	71268.7596	63686.1500	55961.9150	48305.4386	40914.5231	33964.4645	27598.7185	21922.0710
216	84232.0548	77562.1337	70356.2974	62812.6493	55139.6740	47545.1553	40224.7388	33351.1272	27064.9125	21467.9457
217	83292.4428	76635.1985	69455.5177	61951.1293	54329.5142	46796.8381	39546.5836	32748.8656	26541.4312	21023.2278
218	82363.3123	75719.3410	68566.2707	61101.4256	53531.2579	46060.2988	38879.8615	32157.4798	26028.0750	20587.7224
219	81444.5463	74814.4287	67688.4089	60263.3762	52744.7303	45335.3520	38224.3799	31576.7734	25524.6479	20161.2387
220	80536.0291	73920.3310	66821.7864	59436.8213	51969.7590	44621.8151	37579.9490	31006.5535	25030.9580	19743.5898
221	79637.6465	73036.9185	65966.2594	58621.6032	51206.1743	43919.5087	36946.3828	30446.6307	24546.8169	19334.5927
222	78749.2853	72164.0635	65121.6858	57817.5663	50453.8088	43228.2559	36323.4979	29896.8192	24072.0399	18934.0681
223	77870.8339	71301.6400	64287.9254	57024.5574	49712.4977	42547.8828	35711.1144	29356.9362	23606.4459	18541.8406
224	77002.1817	70449.5231	63464.8397	56242.4252	48982.0787	41878.2181	35109.0551	28826.8026	23149.8572	18157.7382
225	76143.2193	69607.5898	62652.2921	55471.0205	48262.3915	41219.0934	34517.1461	28306.2422	22702.0998	17781.5927
226	75293.8386	68775.7183	61850.1476	54710.1961	47553.2787	40570.3426	33935.2161	27795.0822	22263.0027	17413.2392
227	74453.9328	67953.7885	61058.2730	53959.8070	46854.5847	39931.8027	33363.0970	27293.1529	21832.3985	17052.5164
228	73623.3962	67141.6814	60276.5369	53219.7100	46166.1566	39303.3127	32800.6233	26800.2875	21410.1229	16699.2660
229	72802.1243	66339.2797	59504.8095	52489.7639	45487.8434	38684.7146	32247.6324	26316.3223	20996.0149	16353.3334
230	71990.0137	65546.4673	58742.9626	51769.8296	44819.4966	38075.8527	31703.9645	25841.0967	20589.9164	16014.5669
231	71186.9622	64763.1298	57990.8697	51059.7697	44160.9697	37476.5737	31169.4624	25374.4529	20191.6725	15682.8181
232	70392.8688	63989.1539	57248.4059	50359.4488	43512.1185	36886.7268	30643.9716	24916.2357	19801.1314	15357.9417
233	69607.6336	63224.4276	56515.4480	49668.7332	42872.8008	36306.1635	30127.3401	24466.2932	19418.1440	15039.7952
234	68831.1576	62468.8405	55791.8742	48987.4913	42242.8764	35734.7378	29619.4185	24024.4758	19042.5642	14728.2392
235	68063.3433	61722.2833	55077.5645	48315.5932	41622.2075	35172.3058	29120.0601	23590.6368	18674.2487	14423.1373
236	67304.0940	60984.6482	54372.4001	47652.9106	41010.6580	34618.7260	28629.1204	23164.6322	18313.0571	14124.3557
237	66553.3142	60255.8284	53676.2640	46999.3171	40408.0939	34073.8590	28146.4576	22746.3205	17958.8516	13831.7635
238	65810.9093	59535.7186	52989.0406	46354.6882	39814.3831	33537.5677	27671.9321	22335.5627	17611.4970	13545.2324
239	65076.7860	58824.2148	52310.6159	45718.9008	39229.3957	33009.7171	27205.4066	21932.2225	17270.8608	13264.6370
240	64350.8518	58121.2141	51640.8770	45091.8336	38653.0035	32490.1745	26746.7464	21536.1659	16936.8131	12989.8542
241	63633.0155	57426.6148	50979.7130	44473.3672	38085.0800	31978.8089	26295.8188	21147.2614	16609.2264	12720.7637
242	62923.1867	56740.3166	50327.0138	43863.3834	37525.5011	31475.4918	25852.4935	20765.3797	16287.9759	12457.2475
243	62221.2760	56062.2203	49682.6713	43261.7660	36974.1439	30980.0964	25416.6423	20390.3942	15972.9388	12199.1902
244	61527.1952	55392.2278	49046.5784	42668.4002	36430.8877	30492.4981	24988.1391	20022.1803	15663.9951	11946.4786
245	60840.8569	54730.2423	48418.6294	42083.1729	35895.6136	30012.5742	24566.8602	19660.6156	15361.0269	11699.0021
246	60162.1747	54076.1682	47798.7201	41505.9723	35368.2041	29540.2038	24152.6836	19305.5801	15063.9187	11456.6521
247	59491.0632	53429.9107	47186.7476	40936.6885	34848.5438	29075.2681	23745.4897	18956.9560	14772.5570	11219.3225
248	58827.4380	52791.3767	46582.6103	40375.2128	34336.5188	28617.6500	23345.1608	18614.6273	14486.8307	10986.9093
249	58171.2156	52160.4736	45986.2077	39821.4381	33832.0170	28167.2344	22951.5811	18278.4805	14206.6308	10759.3107
250	57522.3134	51537.1104	45397.4410	39275.2589	33334.9277	27723.9080	22564.6368	17948.4039	13931.8505	10536.4269
251	56880.6497	50921.1970	44816.2124	38736.5709	32845.1420	27287.5591	22184.2160	17624.2879	13662.3849	10318.1602
252	56246.1438	50312.6442	44242.4253	38205.2713	32362.5527	26858.0780	21810.2088	17306.0249	13398.1313	10104.4150
253	55618.7158	49711.3642	43675.9844	37681.2590	31887.0541	26435.3565	21442.5071	16993.5091	13138.9887	9895.0976
254	54998.2868	49117.2700	43116.7958	37164.4338	31418.5419	26019.2882	21081.0045	16686.6368	12884.8584	9690.1163
255	54384.7787	48530.2757	42564.7665	36654.6972	30956.9134	25609.7685	20725.5966	16385.3061	12635.6434	9489.3813
256	53778.1143	47950.2965	42019.8049	36151.9521	30502.0676	25206.6942	20376.1805	16089.4168	12391.2487	9292.8046
257	53178.2173	47377.2486	41481.8205	35656.1024	30053.9048	24809.9639	20032.6553	15798.8708	12151.5810	9100.3001
258	52585.0122	46811.0491	40950.7240	35167.0537	29612.3268	24419.4779	19694.9216	15513.5715	11916.5488	8911.7834
259	51998.4243	46251.6162	40426.4272	34684.7126	29177.2369	24035.1377	19362.8818	15233.4242	11686.0626	8727.1719
260	51418.3798	45698.8690	39908.8430	34208.9872	28748.5396	23656.8467	19036.4400	14958.3359	11460.0343	8546.3847
261	50844.8057	45152.7277	39397.8855	33739.7867	28326.1412	23284.5096	18715.5016	14688.2152	11238.3778	8369.3426
262	50277.6299	44613.1131	38893.4698	33277.0216	27909.9490	22918.0328	18399.9741	14422.9724	11021.0086	8195.9680
263	49716.7809	44079.9475	38395.5123	32820.6037	27499.8718	22557.3239	18089.7660	14162.5193	10807.8436	8026.1849
264	49162.1882	43553.1536	37903.9301	32370.4458	27095.8199	22202.2923	17784.7878	13906.7696	10598.8016	7859.9190
265	48613.7820	43032.6554	37418.6417	31926.4622	26697.7046	21852.8486	17484.9513	13655.6383	10393.8028	7697.0973
266	48071.4934	42518.3776	36939.5666	31488.5682	26305.4388	21508.9048	17190.1698	13409.0420	10192.7691	7537.6485
267	47535.2539	42010.2459	36466.6251	31056.6801	25918.9365	21170.3744	16900.3580	13166.8987	9995.6237	7381.5028
268	47004.9963	41508.1868	35999.7387	30630.7157	25538.1131	20837.1721	16615.4322	12929.1281	9802.2914	7228.5918
269	46480.6537	41012.1277	35538.8299	30210.5938	25162.8850	20509.2141	16335.3100	12695.6512	9612.6984	7078.8483
270	45962.1601	40521.9970	35083.8222	29796.2341	24793.1701	20186.4179	16059.9105	12466.3905	9426.7726	6932.2069
271	45449.4504	40037.7237	34634.6400	29387.5576	24428.8874	19868.7022	15789.1539	12241.2699	9244.4428	6788.6032
272	44942.4600	39559.2380	34191.2087	28984.4864	24069.9570	19555.9871	15522.9621	12020.2145	9065.6396	6647.9743
273	44441.1250	39086.4705	33753.4547	28586.9436	23716.3003	19248.1938	15261.2581	11803.1510	8890.2948	6510.2586
274	43945.3825	38619.3531	33321.3054	28194.8534	23367.8399	18945.2448	15003.9661	11590.0072	8718.3415	6375.3957
275	43455.1700	38157.8181	32894.6889	27808.1410	23024.4993	18647.0641	14751.0119	11380.7125	8549.7140	6243.3266
276	42970.4258	37701.7989	32473.5344	27426.7327	22686.2035	18353.5764	14502.3223	11175.1972	8384.3480	6113.9934
277	42491.0890	37251.2294	32057.7720	27050.5556	22352.8781	18064.7079	14257.8254	10973.3932	8222.1805	5987.3393
278	42017.0992	36806.0447	31647.3327	26679.5380	22024.4502	17780.3860	14017.4505	10775.2334	8063.1496	5863.3089
279	41548.3968	36366.1804	31242.1482	26313.6093	21700.8479	17500.5390	13781.1281	10580.6520	7907.1947	5741.8479
280	41084.9228	35931.5728	30842.1514	25952.6995	21382.0003	17225.0966	13548.7899	10389.5844	7754.2561	5622.9030
281	40626.6188	35502.1591	30447.2758	25596.7398	21067.8374	16953.9894	13320.3687	10201.9671	7604.2757	5506.4221
282	40173.4273	35077.8773	30057.4558	25245.6624	20758.2905	16687.1491	13095.7985	10017.7379	7457.1961	5392.3542
283	39725.2911	34658.6660	29672.6268	24899.4002	20453.2917	16424.5087	12875.0144	9836.8355	7312.9613	5280.6492
284	39282.1539	34244.4647	29292.7247	24557.8873	20152.7742	16166.0020	12657.9525	9659.1999	7171.5162	5171.2582
285	38843.9599	33835.2135	28917.6866	24221.0584	19856.6722	15911.5640	12444.5501	9484.7721	7032.8070	5064.1334
286	38410.6540	33430.8531	28547.4501	23888.8495	19564.9208	15661.1305	12234.7455	9313.4941	6896.7806	4959.2276
287	37982.1816	33031.3252	28181.9539	23561.1970	19277.4560	15414.6387	12028.4780	9145.3091	6763.3851	4856.4950
288	37558.4888	32636.5721	27821.1371	23238.0384	18994.2149	15172.0264	11825.6880	8980.1612	6632.5698	4755.8906
289	37139.5224	32246.5365	27464.9399	22919.3123	18715.1355	14933.2326	11626.3169	8817.9956	6504.2847	4657.3703
290	36725.2295	31861.1623	27113.3031	22604.9577	18440.1565	14698.1973	11430.3070	8658.7584	6378.4808	4560.8908
291	36315.5581	31480.3936	26766.1683	22294.9146	18169.2177	14466.8611	11237.6016	8502.3967	6255.1102	4466.4099
292	35910.4566	31104.1754	26423.4780	21989.1241	17902.2599	14239.1660	11048.1451	8348.8587	6134.1258	4373.8863
293	35509.8741	30732.4533	26085.1752	21687.5277	17639.2243	14015.0546	10861.8827	8198.0933	6015.4814	4283.2793
294	35113.7600	30365.1737	25751.2037	21390.0678	17380.0536	13794.4705	10678.7605	8050.0504	5899.1318	4194.5493
295	34722.0646	30002.2833	25421.5081	21096.6879	17124.6908	13577.3582	10498.7256	7904.6809	5785.0326	4107.6574
296	34334.7386	29643.7299	25096.0336	20807.3319	16873.0800	13363.6630	10321.7260	7761.9366	5673.1402	4022.5655
297	33951.7332	29289.4614	24774.7262	20521.9446	16625.1661	13153.3312	10147.7104	7621.7699	5563.4121	3939.2363
298	33573.0003	28939.4268	24457.5325	20240.4715	16380.8947	12946.3098	9976.6286	7484.1344	5455.8063	3857.6333
299	33198.4921	28593.5753	24144.3999	19962.8591	16140.2124	12742.5468	9808.4310	7348.9844	5350.2818	3777.7207
300	32828.1616	28251.8572	23835.2764	19689.0544	15903.0665	12541.9908	9643.0691	7216.2749	5246.7982	3699.4635
301	32461.9622	27914.2228	23530.1106	19419.0050	15669.4048	12344.5913	9480.4951	7085.9619	5145.3163	3622.8275
302	32099.8477	27580.6235	23228.8519	19152.6596	15439.1764	12150.2988	9320.6620	6958.0021	5045.7971	3547.7791
303	31741.7726	27251.0109	22931.4502	18889.9673	15212.3306	11959.0642	9163.5235	6832.3531	4948.2029	3474.2853
304	31387.6918	26925.3376	22637.8563	18630.8780	14988.8179	11770.8395	9009.0342	6708.9730	4852.4963	3402.3139
305	31037.5609	26603.5563	22348.0212	18375.3423	14768.5892	11585.5773	8857.1495	6587.8210	4758.6408	3331.8335
306	30691.3357	26285.6205	22061.8969	18123.3115	14551.5963	11403.2310	8707.8254	6468.8568	4666.6006	3262.8131
307	30348.9726	25971.4844	21779.4359	17874.7374	14337.7916	11223.7546	8561.0188	6352.0408	4576.3406	3195.2225
308	30010.4286	25661.1025	21500.5913	17629.5727	14127.1284	11047.1030	8416.6872	6237.3344	4487.8264	3129.0321
309	29675.6611	25354.4299	21225.3167	17387.7706	13919.5603	10873.2317	8274.7890	6124.6993	4401.0243	3064.2128
310	29344.6279	25051.4224	20953.5666	17149.2850	13715.0421	10702.0970	8135.2830	6014.0982	4315.9010	3000.7363
311	29017.2874	24752.0360	20685.2957	16914.0704	13513.5288	10533.6558	7998.1290	5905.4944	4232.4242	2938.5747
312	28693.5984	24456.2276	20420.4594	16682.0820	13314.9764	10367.8657	7863.2873	5798.8517	4150.5619	2877.7009
313	28373.5201	24163.9543	20159.0140	16453.2754	13119.3412	10204.6850	7730.7189	5694.1349	4070.2830	2818.0880
314	28057.0124	23875.1739	19900.9158	16227.6070	12926.5805	10044.0726	7600.3855	5591.3090	3991.5569	2759.7101
315	27744.0353	23589.8448	19646.1221	16005.0339	12736.6519	9885.9881	7472.2494	5490.3400	3914.3534	2702.5415
316	27434.5495	23307.9255	19394.5905	15785.5135	12549.5140	9730.3918	7346.2736	5391.1943	3838.6432	2646.5572
317	27128.5160	23029.3755	19146.2793	15569.0040	12365.1257	9577.2443	7222.4216	5293.8390	3764.3973	2591.7326
318	26825.8963	22754.1543	18901.1473	15355.4641	12183.4465	9426.5073	7100.6577	5198.2417	3691.5875	2538.0437
319	26526.6524	22482.2223	18659.1538	15144.8530	12004.4368	9278.1427	6980.9466	5104.3708	3620.1859	2485.4670
320	26230.7465	22213.5401	18420.2585	14937.1306	11828.0572	9132.1132	6863.2537	5012.1950	3550.1654	2433.9795
321	25938.1415	21948.0689	18184.4218	14732.2573	11654.2692	8988.3822	6747.5450	4921.6838	3481.4992	2383.5585
322	25648.8005	21685.7703	17951.6046	14530.1939	11483.0345	8846.9133	6633.7871	4832.8070	3414.1611	2334.1821
323	25362.6871	21426.6064	17721.7681	14330.9020	11314.3158	8707.6710	6521.9471	4745.5352	3348.1254	2285.8285
324	25079.7653	21170.5398	17494.8743	14134.3436	11148.0761	8570.6202	6411.9925	4659.8393	3283.3670	2238.4765
325	24799.9995	20917.5334	17270.8854	13940.4810	10984.2789	8435.7265	6303.8918	4575.6910	3219.8611	2192.1055
326	24523.3545	20667.5506	17049.7643	13749.2774	10822.8884	8302.9559	6197.6135	4493.0622	3157.5836	2146.6951
327	24249.7955	20420.5553	16831.4742	13560.6963	10663.8691	8172.2750	6093.1269	4411.9255	3096.5106	2102.2253
328	23979.2881	20176.5118	16615.9789	13374.7018	10507.1863	8043.6509	5990.4019	4332.2541	3036.6188	2058.6768
329	23711.7982	19935.3849	16403.2426	13191.2583	10352.8056	7917.0512	5889.4088	4254.0213	2977.8854	2016.0304
330	23447.2921	19697.1396	16193.2300	13010.3308	10200.6933	7792.4441	5790.1183	4177.2013	2920.2881	1974.2675
331	23185.7366	19461.7416	15985.9062	12831.8849	10050.8158	7669.7981	5692.5018	4101.7686	2863.8048	1933.3697
332	22927.0988	19229.1568	15781.2368	12655.8865	9903.1405	7549.0826	5596.5311	4027.6980	2808.4139	1893.3191
333	22671.3461	18999.3516	15579.1878	12482.3020	9757.6350	7430.2669	5502.1783	3954.9650	2754.0945	1854.0981
334	22418.4463	18772.2928	15379.7257	12311.0984	9614.2674	7313.3213	5409.4162	3883.5454	2700.8256	1815.6897
335	22168.3677	18547.9475	15182.8173	12142.2430	9473.0062	7198.2164	5318.2180	3813.4155	2648.5871	1778.0769
336	21921.0787	18326.2833	14988.4299	11975.7035	9333.8206	7084.9230	5228.5573	3744.5521	2597.3589	1741.2432
337	21676.5481	18107.2682	14796.5313	11811.4483	9196.6801	6973.4128	5140.4082	3676.9322	2547.1216	1705.1726
338	21434.7454	17890.8706	14607.0897	11649.4459	9061.5545	6863.6577	5053.7453	3610.5334	2497.8559	1669.8492
339	21195.6399	17677.0590	14420.0734	11489.6655	8928.4143	6755.6300	4968.5434	3545.3336	2449.5432	1635.2575
340	20959.2017	17465.8028	14235.4516	11332.0766	8797.2303	6649.3026	4884.7780	3481.3113	2402.1649	1601.3825
341	20725.4010	17257.0712	14053.1934	11176.6491	8667.9737	6544.6487	4802.4247	3418.4450	2355.7029	1568.2091
342	20494.2083	17050.8341	13873.2688	11023.3534	8540.6164	6441.6419	4721.4599	3356.7140	2310.1396	1535.7230
343	20265.5946	16847.0617	13695.6477	10872.1603	8415.1302	6340.2564	4641.8601	3296.0978	2265.4576	1503.9098
344	20039.5311	16645.7246	13520.3008	10723.0409	8291.4878	6240.4666	4563.6022	3236.5762	2221.6398	1472.7557
345	19815.9893	16446.7937	13347.1988	10575.9668	8169.6621	6142.2474	4486.6637	3178.1294	2178.6696	1442.2469
346	19594.9412	16250.2402	13176.3131	10430.9099	8049.6264	6045.5740	4411.0224	3120.7381	2136.5304	1412.3701
347	19376.3588	16056.0356	13007.6152	10287.8426	7931.3543	5950.4222	4336.6562	3064.3832	2095.2063	1383.1122
348	19160.2148	15864.1520	12841.0773	10146.7376	7814.8199	5856.7680	4263.5439	3009.0459	2054.6814	1354.4605
349	18946.4818	15674.5615	12676.6715	10007.5679	7699.9978	5764.5879	4191.6641	2954.7079	2014.9404	1326.4022
350	18735.1331	15487.2368	12514.3706	9870.3070	7586.8628	5673.8586	4120.9962	2901.3512	1975.9681	1298.9252
351	18526.1419	15302.1508	12354.1477	9734.9287	7475.3900	5584.5572	4051.5197	2848.9580	1937.7495	1272.0174
352	18319.4820	15119.2767	12195.9761	9601.4073	7365.5551	5496.6614	3983.2145	2797.5109	1900.2701	1245.6670
353	18115.1275	14938.5882	12039.8296	9469.7172	7257.3340	5410.1490	3916.0608	2746.9929	1863.5157	1219.8625
354	17913.0525	14760.0590	11885.6823	9339.8333	7150.7030	5324.9982	3850.0394	2697.3871	1827.4721	1194.5925
355	17713.2317	14583.6634	11733.5085	9211.7309	7045.6387	5241.1876	3785.1309	2648.6771	1792.1257	1169.8460
356	17515.6399	14409.3759	11583.2831	9085.3854	6942.1180	5158.6961	3721.3168	2600.8468	1757.4630	1145.6121
357	17320.2522	14237.1713	11434.9810	8960.7729	6840.1184	5077.5030	3658.5786	2553.8802	1723.4707	1121.8803
358	17127.0441	14067.0247	11288.5776	8837.8696	6739.6175	4997.5878	3596.8980	2507.7617	1690.1358	1098.6400
359	16935.9913	13898.9114	11144.0486	8716.6519	6640.5932	4918.9303	3536.2573	2462.4760	1657.4457	1075.8812
360	16747.0696	13732.8073	11001.3701	8597.0969	6543.0238	4841.5109	3476.6390	2418.0081	1625.3879	1053.5939
361	16560.2554	13568.6883	10860.5183	8479.1816	6446.8881	4765.3099	3418.0258	2374.3432	1593.9502	1031.7682
362	16375.5251	13406.5306	10721.4698	8362.8836	6352.1648	4690.3083	3360.4008	2331.4668	1563.1205	1010.3947
363	16192.8554	13246.3108	10584.2016	8248.1807	6258.8333	4616.4872	3303.7473	2289.3647	1532.8871	989.4639
364	16012.2235	13088.0059	10448.6909	8135.0511	6166.8731	4543.8279	3248.0489	2248.0229	1503.2385	968.9667
365	15833.6065	12931.5928	10314.9151	8023.4731	6076.2640	4472.3122	3193.2895	2207.4276	1474.1633	948.8941
366	15656.9820	12777.0489	10182.8520	7913.4255	5986.9863	4401.9221	3139.4533	2167.5654	1445.6505	929.2374
367	15482.3277	12624.3521	10052.4798	7804.8872	5899.0203	4332.6399	3086.5248	2128.4231	1417.6891	909.9878
368	15309.6217	12473.4800	9923.7768	7697.8377	5812.3468	4264.4481	3034.4886	2089.9876	1390.2686	891.1370
369	15138.8423	12324.4110	9796.7215	7592.2564	5726.9468	4197.3296	2983.3297	2052.2462	1363.3785	872.6767
370	14969.9679	12177.1236	9671.2930	7488.1232	5642.8015	4131.2675	2933.0333	2015.1863	1337.0084	854.5989
371	14802.9773	12031.5963	9547.4703	7385.4183	5559.8926	4066.2451	2883.5848	1978.7956	1311.1484	836.8955
372	14637.8495	11887.8082	9425.2329	7284.1220	5478.2018	4002.2462	2834.9700	1943.0621	1285.7886	819.5588
373	14474.5637	11745.7386	9304.5606	7184.2151	5397.7113	3939.2545	2787.1748	1907.9739	1260.9193	802.5813
374	14313.0994	11605.3667	9185.4332	7085.6785	5318.4035	3877.2542	2740.1854	1873.5193	1236.5309	785.9555
375	14153.4362	11466.6725	9067.8311	6988.4934	5240.2609	3816.2298	2693.9881	1839.6869	1212.6143	769.6741
376	13995.5540	11329.6357	8951.7346	6892.6413	5163.2664	3756.1658	2648.5698	1806.4655	1189.1603	753.7299
377	13839.4331	11194.2367	8837.1245	6798.1038	5087.4033	3697.0472	2603.9171	1773.8439	1166.1600	738.1161
378	13685.0536	11060.4558	8723.9818	6704.8630	5012.6547	3638.8591	2560.0173	1741.8115	1143.6044	722.8257
379	13532.3963	10928.2737	8612.2876	6612.9011	4939.0045	3581.5868	2516.8575	1710.3575	1121.4852	707.8520
380	13381.4419	10797.6713	8502.0235	6522.2004	4866.4363	3525.2159	2474.4254	1679.4715	1099.7938	693.1886
381	13232.1714	10668.6297	8393.1712	6432.7438	4794.9344	3469.7322	2432.7087	1649.1433	1078.5219	678.8289
382	13084.5660	10541.1302	8285.7124	6344.5142	4724.4831	3415.1218	2391.6953	1619.3627	1057.6615	664.7666
383	12938.6071	10415.1545	8179.6295	6257.4947	4655.0669	3361.3710	2351.3733	1590.1199	1037.2045	650.9957
384	12794.2765	10290.6843	8074.9048	6171.6687	4586.6706	3308.4661	2311.7312	1561.4052	1017.1432	637.5100
385	12651.5558	10167.7017	7971.5208	6087.0199	4519.2793	3256.3938	2272.7573	1533.2090	997.4699	624.3037
386	12510.4272	10046.1887	7869.4605	6003.5321	4452.8781	3205.1412	2234.4406	1505.5220	978.1772	611.3710
387	12370.8729	9926.1280	7768.7069	5921.1894	4387.4526	3154.6952	2196.7698	1478.3350	959.2576	598.7062
388	12232.8753	9807.5021	7669.2433	5839.9761	4322.9883	3105.0432	2159.7341	1451.6389	940.7039	586.3037
389	12096.4171	9690.2939	7571.0531	5759.8767	4259.4712	3056.1727	2123.3228	1425.4249	922.5091	574.1582
390	11961.4811	9574.4864	7474.1200	5680.8759	4196.8874	3008.0713	2087.5254	1399.6843	904.6662	562.2642
391	11828.0503	9460.0630	7378.4280	5602.9587	4135.2231	2960.7270	2052.3314	1374.4085	887.1684	550.6167
392	11696.1079	9347.0070	7283.9611	5526.1101	4074.4648	2914.1279	2017.7309	1349.5891	870.0091	539.2104
393	11565.6373	9235.3021	7190.7037	5450.3156	4014.5992	2868.2622	1983.7136	1325.2180	853.1816	528.0404
394	11436.6222	9124.9321	7098.6403	5375.5606	3955.6133	2823.1184	1950.2699	1301.2869	836.6797	517.1019
395	11309.0462	9015.8812	7007.7556	5301.8310	3897.4940	2778.6851	1917.3900	1277.7880	820.4969	506.3899
396	11182.8933	8908.1336	6918.0345	5229.1126	3840.2286	2734.9511	1885.0644	1254.7135	804.6271	495.8998
397	11058.1477	8801.6736	6829.4621	5157.3917	3783.8046	2691.9055	1853.2838	1232.0556	789.0642	485.6270
398	10934.7936	8696.4859	6742.0237	5086.6544	3728.2097	2649.5374	1822.0390	1209.8069	773.8024	475.5670
399	10812.8156	8592.5553	6655.7048	5016.8873	3673.4316	2607.8361	1791.3210	1187.9599	758.8357	465.7154
400	10692.1982	8489.8668	6570.4911	4948.0771	3619.4584	2566.7911	1761.1208	1166.5075	744.1586	456.0679
401	10572.9263	8388.4055	6486.3683	4880.2108	3566.2782	2526.3922	1731.4298	1145.4425	729.7653	446.6203
402	10454.9849	8288.1567	6403.3226	4813.2752	3513.8793	2486.6291	1702.2393	1124.7578	715.6504	437.3684
403	10338.3591	8189.1060	6321.3401	4747.2577	3462.2504	2447.4919	1673.5410	1104.4467	701.8085	428.3081
404	10223.0343	8091.2390	6240.4073	4682.1457	3411.3800	2408.9706	1645.3265	1084.5024	688.2343	419.4355
405	10108.9959	7994.5416	6160.5106	4617.9268	3361.2570	2371.0556	1617.5877	1064.9182	674.9227	410.7467
406	9996.2297	7898.9999	6081.6369	4554.5886	3311.8705	2333.7373	1590.3166	1045.6877	661.8686	402.2379
407	9884.7214	7804.5999	6003.7730	4492.1192	3263.2097	2297.0065	1563.5052	1026.8045	649.0669	393.9054
408	9774.4569	7711.3282	5926.9060	4430.5066	3215.2638	2260.8537	1537.1458	1008.2622	636.5128	385.7454
409	9665.4224	7619.1711	5851.0232	4369.7391	3168.0223	2225.2699	1511.2308	990.0548	624.2016	377.7546
410	9557.6043	7528.1153	5776.1119	4309.8050	3121.4750	2190.2462	1485.7527	972.1762	612.1285	369.9292
411	9450.9888	7438.1478	5702.1596	4250.6930	3075.6116	2155.7737	1460.7042	954.6204	600.2889	362.2660
412	9345.5626	7349.2554	5629.1542	4192.3917	3030.4220	2121.8438	1436.0779	937.3817	588.6783	354.7615
413	9241.3125	7261.4254	5557.0835	4134.8901	2985.8964	2088.4480	1411.8669	920.4543	577.2922	347.4124
414	9138.2253	7174.6450	5485.9355	4078.1771	2942.0251	2055.5777	1388.0640	903.8325	566.1264	340.2156
415	9036.2880	7088.9017	5415.6985	4022.2421	2898.7983	2023.2248	1364.6624	887.5109	555.1766	333.1679
416	8935.4879	7004.1832	5346.3607	3967.0742	2856.2066	1991.3811	1341.6553	871.4841	544.4385	326.2662
417	8835.8122	6920.4771	5277.9106	3912.6629	2814.2408	1960.0386	1319.0362	855.7466	533.9082	319.5074
418	8737.2483	6837.7713	5210.3369	3858.9980	2772.8915	1929.1894	1296.7983	840.2934	523.5815	312.8887
419	8639.7840	6756.0540	5143.6284	3806.0691	2732.1498	1898.8257	1274.9354	825.1192	513.4545	306.4071
420	8543.4068	6675.3132	5077.7739	3753.8661	2692.0067	1868.9399	1253.4411	810.2190	503.5235	300.0597
421	8448.1048	6595.5374	5012.7626	3702.3792	2652.4534	1839.5245	1232.3091	795.5879	493.7845	293.8439
422	8353.8658	6516.7150	4948.5836	3651.5985	2613.4812	1810.5721	1211.5334	781.2210	484.2338	287.7567
423	8260.6781	6438.8346	4885.2263	3601.5142	2575.0817	1782.0754	1191.1080	767.1136	474.8679	281.7957
424	8168.5299	6361.8849	4822.6802	3552.1169	2537.2464	1754.0271	1171.0269	753.2609	465.6832	275.9582
425	8077.4097	6285.8548	4760.9349	3503.3971	2499.9669	1726.4204	1151.2844	739.6583	456.6761	270.2416
426	7987.3058	6210.7333	4699.9801	3455.3455	2463.2353	1699.2481	1131.8747	726.3014	447.8432	264.6435
427	7898.2071	6136.5096	4639.8057	3407.9530	2427.0433	1672.5035	1112.7922	713.1857	439.1811	259.1612
428	7810.1023	6063.1730	4580.4017	3361.2105	2391.3831	1646.1798	1094.0315	700.3069	430.6866	253.7926
429	7722.9803	5990.7128	4521.7583	3315.1091	2356.2468	1620.2704	1075.5871	687.6606	422.3564	248.5352
430	7636.8302	5919.1185	4463.8657	3269.6400	2321.6268	1594.7689	1057.4536	675.2427	414.1873	243.3867
431	7551.6410	5848.3799	4406.7143	3224.7946	2287.5154	1569.6687	1039.6258	663.0490	406.1762	238.3448
432	7467.4022	5778.4867	4350.2947	3180.5643	2253.9053	1544.9635	1022.0986	651.0755	398.3201	233.4074
433	7384.1030	5709.4287	4294.5973	3136.9406	2220.7889	1520.6472	1004.8669	639.3183	390.6159	228.5723
434	7301.7330	5641.1960	4239.6131	3093.9152	2188.1592	1496.7136	987.9257	627.7733	383.0608	223.8373
435	7220.2819	5573.7788	4185.3329	3051.4800	2156.0088	1473.1567	971.2701	616.4369	375.6517	219.2004
436	7139.7394	5507.1673	4131.7476	3009.6268	2124.3309	1449.9706	954.8953	605.3051	368.3860	214.6596
437	7060.0953	5441.3518	4078.8483	2968.3476	2093.1184	1427.1494	938.7965	594.3744	361.2608	210.2128
438	6981.3396	5376.3229	4026.6264	2927.6346	2062.3645	1404.6874	922.9692	583.6411	354.2734	205.8581
439	6903.4625	5312.0712	3975.0730	2887.4800	2032.0624	1382.5789	907.4087	573.1015	347.4211	201.5937
440	6826.4541	5248.5873	3924.1797	2847.8762	2002.2056	1360.8183	892.1106	562.7524	340.7014	197.4176
441	6750.3048	5185.8621	3873.9380	2808.8155	1972.7875	1339.4003	877.0704	552.5901	334.1117	193.3280
442	6675.0048	5123.8865	3824.3395	2770.2906	1943.8016	1318.3194	862.2837	542.6113	327.6494	189.3231
443	6600.5449	5062.6516	3775.3760	2732.2941	1915.2415	1297.5702	847.7463	532.8127	321.3121	185.4012
444	6526.9155	5002.1485	3727.0395	2694.8188	1887.1012	1277.1477	833.4540	523.1910	315.0974	181.5606
445	6454.1075	4942.3685	3679.3218	2657.8574	1859.3742	1257.0465	819.4027	513.7432	309.0028	177.7994
446	6382.1117	4883.3028	3632.2150	2621.4030	1832.0547	1237.2618	805.5883	504.4659	303.0262	174.1163
447	6310.9190	4824.9431	3585.7113	2585.4486	1805.1366	1217.7884	792.0067	495.3561	297.1652	170.5094
448	6240.5204	4767.2808	3539.8030	2549.9874	1778.6139	1198.6215	778.6542	486.4109	291.4175	166.9772
449	6170.9072	4710.3077	3494.4825	2515.0125	1752.4810	1179.7563	765.5267	477.6272	285.7810	163.5182
450	6102.0705	4654.0154	3449.7423	2480.5173	1726.7320	1161.1881	752.6206	469.0021	280.2535	160.1308
451	6034.0016	4598.3958	3405.5748	2446.4953	1701.3614	1142.9120	739.9320	460.5327	274.8329	156.8136
452	5966.6921	4543.4410	3361.9729	2412.9398	1676.3635	1124.9236	727.4574	452.2163	269.5172	153.5652
453	5900.1334	4489.1429	3318.9291	2379.8447	1651.7329	1107.2184	715.1931	444.0501	264.3043	150.3840
454	5834.3172	4435.4937	3276.4365	2347.2034	1627.4642	1089.7918	703.1355	436.0314	259.1922	147.2687
455	5769.2352	4382.4857	3234.4879	2315.0099	1603.5521	1072.6394	691.2812	428.1574	254.1790	144.2180
456	5704.8791	4330.1112	3193.0764	2283.2579	1579.9913	1055.7571	679.6268	420.4257	249.2627	141.2305
457	5641.2410	4278.3625	3152.1951	2251.9414	1556.7767	1039.1404	668.1689	412.8335	244.4415	138.3048
458	5578.3127	4227.2324	3111.8371	2221.0544	1533.9032	1022.7853	656.9041	405.3785	239.7136	135.4398
459	5516.0864	4176.7133	3071.9959	2190.5910	1511.3658	1006.6876	645.8293	398.0581	235.0772	132.6341
460	5454.5542	4126.7979	3032.6648	2160.5455	1489.1595	990.8433	634.9411	390.8699	230.5304	129.8865
461	5393.7085	4077.4791	2993.8373	2130.9121	1467.2795	975.2483	624.2366	383.8115	226.0715	127.1958
462	5333.5414	4028.7496	2955.5068	2101.6852	1445.7209	959.8988	613.7125	376.8805	221.6989	124.5609
463	5274.0456	3980.6025	2917.6671	2072.8591	1424.4792	944.7909	603.3658	370.0747	217.4109	121.9806
464	5215.2134	3933.0309	2880.3119	2044.4283	1403.5495	929.9207	593.1936	363.3919	213.2058	119.4537
465	5157.0374	3886.0277	2843.4349	2016.3875	1382.9273	915.2846	583.1928	356.8297	209.0820	116.9792
466	5099.5105	3839.5863	2807.0301	1988.7314	1362.6081	900.8789	573.3607	350.3859	205.0380	114.5559
467	5042.6252	3793.6999	2771.0914	1961.4545	1342.5875	886.6999	563.6943	344.0586	201.0722	112.1828
468	4986.3746	3748.3619	2735.6128	1934.5518	1322.8611	872.7440	554.1909	337.8455	197.1832	109.8589
469	4930.7514	3703.5657	2700.5884	1908.0180	1303.4244	859.0078	544.8477	331.7446	193.3693	107.5831
470	4875.7486	3659.3048	2666.0125	1881.8482	1284.2734	845.4879	535.6620	325.7539	189.6292	105.3545
471	4821.3595	3615.5729	2631.8792	1856.0373	1265.4037	832.1806	526.6312	319.8714	185.9615	103.1720
472	4767.5770	3572.3637	2598.1830	1830.5804	1246.8113	819.0829	517.7527	314.0951	182.3647	101.0348
473	4714.3945	3529.6708	2564.9181	1805.4727	1228.4921	806.1913	509.0238	308.4231	178.8374	98.9418
474	4661.8052	3487.4882	2532.0792	1780.7094	1210.4420	793.5026	500.4421	302.8535	175.3784	96.8922
475	4609.8026	3445.8096	2499.6607	1756.2857	1192.6572	781.0136	492.0050	297.3845	171.9863	94.8850
476	4558.3801	3404.6292	2467.6572	1732.1970	1175.1336	768.7211	483.7102	292.0143	168.6598	92.9194
477	4507.5312	3363.9409	2436.0635	1708.4387	1157.8675	756.6222	475.5553	286.7411	165.3976	90.9946
478	4457.2495	3323.7389	2404.8743	1685.0062	1140.8551	744.7136	467.5378	281.5630	162.1985	89.1096
479	4407.5287	3284.0173	2374.0845	1661.8952	1124.0927	732.9925	459.6555	276.4785	159.0613	87.2636
480	4358.3625	3244.7704	2343.6888	1639.1011	1107.5766	721.4559	451.9061	271.4858	155.9848	85.4559
481	4309.7448	3205.9926	2313.6823	1616.6197	1091.3031	710.1008	444.2874	266.5832	152.9678	83.6857
482	4261.6694	3167.6782	2284.0599	1594.4466	1075.2687	698.9245	436.7971	261.7692	150.0092	81.9521
483	4214.1303	3129.8217	2254.8168	1572.5776	1059.4699	687.9241	429.4330	257.0421	147.1077	80.2544
484	4167.1215	3092.4176	2225.9482	1551.0086	1043.9033	677.0968	422.1932	252.4004	144.2624	78.5919
485	4120.6371	3055.4605	2197.4491	1529.7354	1028.5654	666.4399	415.0753	247.8425	141.4721	76.9638
486	4074.6713	3018.9450	2169.3149	1508.7540	1013.4528	655.9507	408.0775	243.3669	138.7358	75.3695
487	4029.2181	2982.8660	2141.5409	1488.0604	998.5623	645.6267	401.1977	238.9722	136.0524	73.8082
488	3984.2721	2947.2182	2114.1225	1467.6506	983.8905	635.4651	394.4338	234.6568	133.4210	72.2792
489	3939.8273	2911.9963	2087.0552	1447.5207	969.4343	625.4635	387.7840	230.4193	130.8404	70.7819
490	3895.8784	2877.1954	2060.3344	1427.6669	955.1906	615.6192	381.2463	226.2583	128.3097	69.3156
491	3852.4197	2842.8104	2033.9557	1408.0855	941.1561	605.9300	374.8188	222.1725	125.8280	67.8797
492	3809.4458	2808.8364	2007.9147	1388.7726	927.3278	596.3932	368.4997	218.1605	123.3942	66.4736
493	3766.9513	2775.2683	1982.2071	1369.7246	913.7027	587.0065	362.2871	214.2209	121.0076	65.0966
494	3724.9308	2742.1014	1956.8287	1350.9378	900.2778	577.7675	356.1792	210.3524	118.6671	63.7480
495	3683.3791	2709.3309	1931.7752	1332.4088	887.0501	568.6740	350.1743	206.5538	116.3719	62.4275
496	3642.2908	2676.9521	1907.0425	1314.1338	874.0168	559.7236	344.2707	202.8238	114.1210	61.1343
497	3601.6609	2644.9601	1882.6264	1296.1096	861.1750	550.9141	338.4666	199.1612	111.9138	59.8678
498	3561.4843	2613.3506	1858.5229	1278.3325	848.5219	542.2432	332.7603	195.5647	109.7492	58.6277
499	3521.7558	2582.1187	1834.7280	1260.7993	836.0547	533.7088	327.1503	192.0332	107.6264	57.4132
500	3482.4704	2551.2602	1811.2378	1243.5065	823.7706	525.3087	321.6348	188.5654	105.5447	56.2238
501	3443.6233	2520.7704	1788.0483	1226.4509	811.6671	517.0408	316.2123	185.1602	103.5033	55.0591
502	3405.2096	2490.6450	1765.1557	1209.6293	799.7414	508.9031	310.8812	181.8166	101.5014	53.9185
503	3367.2243	2460.8796	1742.5562	1193.0384	787.9909	500.8934	305.6400	178.5333	99.5382	52.8016
504	3329.6628	2431.4699	1720.2461	1176.6750	776.4130	493.0098	300.4872	175.3093	97.6130	51.7078
505	3292.5203	2402.4117	1698.2216	1160.5361	765.0053	485.2503	295.4212	172.1435	95.7250	50.6366
506	3255.7921	2373.7008	1676.4790	1144.6185	753.7652	477.6129	290.4407	169.0349	93.8735	49.5877
507	3219.4736	2345.3330	1655.0149	1128.9192	742.6902	470.0957	285.5441	165.9825	92.0578	48.5604
508	3183.5602	2317.3043	1633.8255	1113.4353	731.7779	462.6968	280.7301	162.9851	90.2772	47.5545
509	3148.0475	2289.6104	1612.9075	1098.1638	721.0260	455.4144	275.9972	160.0419	88.5311	46.5694
510	3112.9309	2262.2476	1592.2572	1083.1017	710.4321	448.2466	271.3441	157.1518	86.8188	45.6047
511	3078.2060	2235.2118	1571.8714	1068.2462	699.9938	441.1916	266.7695	154.3140	85.1396	44.6600
512	3043.8685	2208.4990	1551.7465	1053.5944	689.7089	434.2476	262.2720	151.5273	83.4928	43.7348
513	3009.9141	2182.1055	1531.8794	1039.1436	679.5751	427.4130	257.8503	148.7910	81.8779	42.8288
514	2976.3383	2156.0275	1512.2665	1024.8910	669.5902	420.6859	253.5031	146.1041	80.2943	41.9416
515	2943.1372	2130.2611	1492.9048	1010.8339	659.7520	414.0647	249.2293	143.4657	78.7412	41.0728
516	2910.3064	2104.8026	1473.7910	996.9696	650.0583	407.5477	245.0275	140.8750	77.2183	40.2219
517	2877.8418	2079.6484	1454.9219	983.2955	640.5071	401.1333	240.8965	138.3310	75.7247	39.3887
518	2845.7393	2054.7947	1436.2943	969.8089	631.0962	394.8198	236.8352	135.8330	74.2601	38.5728
519	2813.9950	2030.2382	1417.9053	956.5073	621.8236	388.6057	232.8424	133.3801	72.8238	37.7737
520	2782.6048	2005.9750	1399.7517	943.3881	612.6873	382.4894	228.9169	130.9715	71.4152	36.9912
521	2751.5647	1982.0019	1381.8305	930.4488	603.6851	376.4694	225.0575	128.6064	70.0339	36.2249
522	2720.8709	1958.3152	1364.1388	917.6871	594.8153	370.5441	221.2632	126.2840	68.6794	35.4745
523	2690.5195	1934.9117	1346.6735	905.1004	586.0757	364.7121	217.5329	124.0036	67.3510	34.7396
524	2660.5066	1911.7878	1329.4319	892.6863	577.4646	358.9718	213.8655	121.7643	66.0483	34.0200
525	2630.8286	1888.9402	1312.4111	880.4424	568.9800	353.3219	210.2599	119.5654	64.7708	33.3152
526	2601.4816	1866.3658	1295.6081	868.3665	560.6200	347.7610	206.7151	117.4063	63.5180	32.6251
527	2572.4619	1844.0611	1279.0203	856.4563	552.3829	342.2875	203.2301	115.2861	62.2895	31.9493
528	2543.7660	1822.0229	1262.6448	844.7094	544.2668	336.9002	199.8038	113.2043	61.0847	31.2874
529	2515.3902	1800.2481	1246.4791	833.1236	536.2700	331.5977	196.4353	111.1600	59.9032	30.6393
530	2487.3309	1778.7336	1230.5202	821.6967	528.3906	326.3787	193.1235	109.1527	58.7446	30.0046
531	2459.5847	1757.4762	1214.7657	810.4266	520.6271	321.2418	189.8676	107.1816	57.6084	29.3830
532	2432.1479	1736.4728	1199.2130	799.3110	512.9776	316.1857	186.6666	105.2461	56.4941	28.7743
533	2405.0172	1715.7204	1183.8593	788.3479	505.4405	311.2093	183.5196	103.3455	55.4014	28.1783
534	2378.1891	1695.2161	1168.7022	777.5351	498.0141	306.3111	180.4256	101.4793	54.3299	27.5945
535	2351.6603	1674.9568	1153.7392	766.8707	490.6968	301.4901	177.3838	99.6467	53.2791	27.0229
536	2325.4275	1654.9396	1138.9677	756.3525	483.4871	296.7449	174.3932	97.8473	52.2485	26.4631
537	2299.4872	1635.1616	1124.3854	745.9786	476.3833	292.0744	171.4531	96.0803	51.2380	25.9149
538	2273.8363	1615.6200	1109.9898	735.7470	469.3838	287.4774	168.5625	94.3453	50.2469	25.3781
539	2248.4716	1596.3119	1095.7784	725.6557	462.4872	282.9528	165.7207	92.6416	49.2751	24.8524
540	2223.3898	1577.2346	1081.7491	715.7028	455.6920	278.4994	162.9268	90.9687	48.3220	24.3375
541	2198.5878	1558.3853	1067.8993	705.8864	448.9966	274.1160	160.1800	89.3259	47.3874	23.8334
542	2174.0625	1539.7612	1054.2269	696.2047	442.3995	269.8017	157.4795	87.7129	46.4708	23.3397
543	2149.8107	1521.3597	1040.7295	686.6557	435.8994	265.5553	154.8245	86.1289	45.5720	22.8562
544	2125.8295	1503.1781	1027.4049	677.2378	429.4948	261.3757	152.2143	84.5736	44.6906	22.3827
545	2102.1158	1485.2139	1014.2509	667.9490	423.1843	257.2619	149.6481	83.0463	43.8262	21.9190
546	2078.6666	1467.4643	1001.2653	658.7876	416.9665	253.2128	147.1252	81.5467	42.9785	21.4650
547	2055.4790	1449.9268	988.4460	649.7518	410.8401	249.2275	144.6448	80.0741	42.1472	21.0203
548	2032.5500	1432.5989	975.7908	640.8400	404.8036	245.3049	142.2062	78.6281	41.3320	20.5849
549	2009.8769	1415.4781	963.2977	632.0505	398.8559	241.4440	139.8087	77.2082	40.5326	20.1584
550	1987.4566	1398.5619	950.9645	623.3814	392.9956	237.6439	137.4516	75.8140	39.7486	19.7408
551	1965.2865	1381.8478	938.7892	614.8313	387.2213	233.9036	135.1343	74.4449	38.9798	19.3319
552	1943.3636	1365.3336	926.7697	606.3985	381.5320	230.2221	132.8561	73.1006	38.2259	18.9314
553	1921.6853	1349.0166	914.9042	598.0813	375.9262	226.5987	130.6162	71.7805	37.4865	18.5393
554	1900.2488	1332.8947	903.1906	589.8782	370.4027	223.0322	128.4142	70.4843	36.7615	18.1552
555	1879.0515	1316.9654	891.6269	581.7876	364.9604	219.5219	126.2492	69.2115	36.0505	17.7791
556	1858.0906	1301.2266	880.2113	573.8080	359.5981	216.0668	124.1207	67.9616	35.3532	17.4108
557	1837.3635	1285.6758	868.9419	565.9378	354.3146	212.6661	122.0282	66.7344	34.6694	17.0501
558	1816.8677	1270.3108	857.8167	558.1755	349.1087	209.3189	119.9709	65.5292	33.9988	16.6969
559	1796.6004	1255.1295	846.8340	550.5198	343.9793	206.0245	117.9483	64.3459	33.3412	16.3511
560	1776.5593	1240.1296	835.9919	542.9690	338.9253	202.7818	115.9598	63.1839	32.6963	16.0123
561	1756.7417	1225.3090	825.2886	535.5218	333.9455	199.5902	114.0048	62.0429	32.0639	15.6806
562	1737.1452	1210.6655	814.7223	528.1767	329.0389	196.4489	112.0828	60.9226	31.4438	15.3558
563	1717.7672	1196.1969	804.2913	520.9324	324.2043	193.3569	110.1931	59.8224	30.8356	15.0377
564	1698.6055	1181.9013	793.9939	513.7875	319.4408	190.3137	108.3354	58.7421	30.2392	14.7262
565	1679.6575	1167.7766	783.8283	506.7405	314.7473	187.3183	106.5089	57.6813	29.6543	14.4211
566	1660.9208	1153.8206	773.7928	499.7902	310.1228	184.3701	104.7133	56.6397	29.0807	14.1224
567	1642.3932	1140.0315	763.8859	492.9352	305.5662	181.4683	102.9479	55.6169	28.5183	13.8298
568	1624.0722	1126.4071	754.1058	486.1743	301.0766	178.6121	101.2123	54.6126	27.9667	13.5433
569	1605.9556	1112.9456	744.4509	479.5060	296.6529	175.8009	99.5059	53.6264	27.4258	13.2628
570	1588.0411	1099.6449	734.9196	472.9293	292.2942	173.0340	97.8283	52.6580	26.8953	12.9880
571	1570.3265	1086.5032	725.5103	466.4427	287.9996	170.3106	96.1790	51.7071	26.3751	12.7190
572	1552.8094	1073.5185	716.2215	460.0451	283.7680	167.6301	94.5575	50.7733	25.8650	12.4555
573	1535.4878	1060.6890	707.0517	453.7353	279.5987	164.9917	92.9634	49.8565	25.3647	12.1975
574	1518.3593	1048.0129	697.9992	447.5120	275.4906	162.3949	91.3961	48.9561	24.8741	11.9448
575	1501.4220	1035.4882	689.0626	441.3740	271.4428	159.8390	89.8552	48.0721	24.3930	11.6974
576	1484.6735	1023.1132	680.2405	435.3203	267.4545	157.3232	88.3404	47.2040	23.9212	11.4551
577	1468.1120	1010.8861	671.5313	429.3495	263.5249	154.8471	86.8510	46.3516	23.4585	11.2178
578	1451.7351	998.8051	662.9336	423.4607	259.6529	152.4100	85.3868	45.5145	23.0048	10.9854
579	1435.5409	986.8686	654.4460	417.6526	255.8379	150.0112	83.9472	44.6926	22.5598	10.7578
580	1419.5274	975.0746	646.0670	411.9242	252.0789	147.6501	82.5320	43.8856	22.1235	10.5350
581	1403.6925	963.4216	637.7954	406.2744	248.3751	145.3263	81.1405	43.0931	21.6956	10.3167
582	1388.0343	951.9079	629.6296	400.7021	244.7258	143.0390	79.7726	42.3149	21.2759	10.1030
583	1372.5507	940.5318	621.5684	395.2062	241.1301	140.7876	78.4277	41.5507	20.8644	9.8937
584	1357.2399	929.2916	613.6104	389.7856	237.5872	138.5718	77.1054	40.8004	20.4609	9.6888
585	1342.0998	918.1857	605.7542	384.4394	234.0963	136.3908	75.8055	40.0636	20.0651	9.4881
586	1327.1286	907.2126	597.9987	379.1666	230.6568	134.2441	74.5275	39.3402	19.6770	9.2915
587	1312.3244	896.3706	590.3425	373.9660	227.2678	132.1312	73.2710	38.6297	19.2965	9.0990
588	1297.6854	885.6582	582.7842	368.8368	223.9286	130.0516	72.0357	37.9322	18.9232	8.9105
589	1283.2097	875.0738	575.3228	363.7780	220.6384	128.0047	70.8213	37.2472	18.5572	8.7260
590	1268.8954	864.6159	567.9569	358.7885	217.3966	125.9900	69.6273	36.5746	18.1983	8.5452
591	1254.7408	854.2830	560.6852	353.8675	214.2024	124.0071	68.4534	35.9141	17.8463	8.3682
592	1240.7442	844.0736	553.5067	349.0139	211.0552	122.0553	67.2994	35.2655	17.5011	8.1948
593	1226.9036	833.9862	546.4201	344.2269	207.9542	120.1343	66.1648	34.6287	17.1626	8.0251
594	1213.2175	824.0193	539.4242	339.5056	204.8987	118.2435	65.0493	34.0034	16.8307	7.8588
595	1199.6840	814.1716	532.5179	334.8491	201.8882	116.3824	63.9526	33.3893	16.5051	7.6960
596	1186.3014	804.4415	525.7000	330.2564	198.9219	114.5507	62.8744	32.7864	16.1859	7.5366
597	1173.0682	794.8277	518.9694	325.7267	195.9991	112.7478	61.8144	32.1943	15.8728	7.3805
598	1159.9826	785.3288	512.3250	321.2591	193.1193	110.9732	60.7723	31.6129	15.5658	7.2276
599	1147.0429	775.9435	505.7657	316.8528	190.2819	109.2266	59.7477	31.0421	15.2648	7.0779
600	1134.2476	766.6703	499.2903	312.5069	187.4861	107.5075	58.7404	30.4815	14.9695	6.9312
601	1121.5950	757.5079	492.8978	308.2207	184.7314	105.8154	57.7501	29.9311	14.6800	6.7877
602	1109.0836	748.4550	486.5872	303.9932	182.0171	104.1500	56.7765	29.3906	14.3960	6.6470
603	1096.7117	739.5103	480.3573	299.8237	179.3428	102.5107	55.8193	28.8598	14.1176	6.5094
604	1084.4779	730.6725	474.2073	295.7114	176.7077	100.8973	54.8782	28.3387	13.8445	6.3745
605	1072.3805	721.9404	468.1359	291.6556	174.1114	99.3093	53.9530	27.8269	13.5768	6.2425
606	1060.4180	713.3125	462.1423	287.6553	171.5532	97.7462	53.0434	27.3244	13.3142	6.1131
607	1048.5890	704.7878	456.2255	283.7099	169.0326	96.2078	52.1491	26.8310	13.0566	5.9865
608	1036.8920	696.3650	450.3844	279.8186	166.5490	94.6936	51.2699	26.3465	12.8041	5.8625
609	1025.3254	688.0428	444.6181	275.9807	164.1019	93.2032	50.4056	25.8707	12.5565	5.7410
610	1013.8879	679.8201	438.9256	272.1954	161.6908	91.7363	49.5558	25.4035	12.3136	5.6221
611	1002.5779	671.6957	433.3059	268.4621	159.3151	90.2924	48.7203	24.9448	12.0754	5.5057
612	991.3941	663.6683	427.7583	264.7799	156.9743	88.8713	47.8989	24.4943	11.8419	5.3916
613	980.3351	655.7369	422.2816	261.1483	154.6679	87.4725	47.0914	24.0520	11.6128	5.2799
614	969.3994	647.9003	416.8751	257.5665	152.3954	86.0958	46.2975	23.6177	11.3882	5.1705
615	958.5857	640.1573	411.5378	254.0337	150.1563	84.7407	45.5169	23.1912	11.1679	5.0634
616	947.8926	632.5069	406.2689	250.5495	147.9500	83.4070	44.7496	22.7724	10.9519	4.9585
617	937.3188	624.9479	401.0673	247.1130	145.7762	82.0942	43.9951	22.3611	10.7401	4.8558
618	926.8630	617.4792	395.9324	243.7237	143.6343	80.8022	43.2534	21.9573	10.5324	4.7552
619	916.5238	610.0998	390.8633	240.3809	141.5239	79.5304	42.5242	21.5608	10.3287	4.6567
620	906.3000	602.8085	385.8590	237.0839	139.4446	78.2787	41.8073	21.1715	10.1289	4.5603
621	896.1902	595.6045	380.9188	233.8321	137.3957	77.0466	41.1024	20.7892	9.9330	4.4658
622	886.1931	588.4865	376.0419	230.6249	135.3770	75.8340	40.4095	20.4138	9.7409	4.3733
623	876.3076	581.4535	371.2273	227.4617	133.3879	74.6404	39.7282	20.0451	9.5525	4.2827
624	866.5324	574.5047	366.4745	224.3419	131.4281	73.4657	39.0584	19.6831	9.3677	4.1940
625	856.8661	567.6388	361.7825	221.2649	129.4970	72.3094	38.3999	19.3277	9.1865	4.1071
626	847.3078	560.8550	357.1505	218.2301	127.5943	71.1713	37.7525	18.9787	9.0088	4.0220
627	837.8560	554.1523	352.5779	215.2369	125.7196	70.0511	37.1161	18.6360	8.8346	3.9387
628	828.5097	547.5297	348.0638	212.2848	123.8724	68.9486	36.4903	18.2994	8.6637	3.8571
629	819.2676	540.9863	343.6075	209.3732	122.0524	67.8634	35.8751	17.9690	8.4961	3.7772
630	810.1287	534.5210	339.2082	206.5015	120.2591	66.7953	35.2703	17.6445	8.3318	3.6989
631	801.0917	528.1330	334.8653	203.6692	118.4921	65.7440	34.6757	17.3259	8.1707	3.6223
632	792.1555	521.8214	330.5780	200.8757	116.7511	64.7092	34.0911	17.0130	8.0126	3.5473
633	783.3189	515.5852	326.3456	198.1205	115.0357	63.6908	33.5163	16.7058	7.8576	3.4738
634	774.5810	509.4235	322.1673	195.4032	113.3455	62.6883	32.9513	16.4041	7.7057	3.4018
635	765.9405	503.3354	318.0426	192.7231	111.6801	61.7017	32.3957	16.1078	7.5566	3.3314
636	757.3964	497.3201	313.9707	190.0797	110.0392	60.7306	31.8496	15.8170	7.4105	3.2624
637	748.9476	491.3767	309.9509	187.4727	108.4225	59.7747	31.3126	15.5313	7.2671	3.1948
638	740.5931	485.5043	305.9825	184.9013	106.8294	58.8339	30.7847	15.2509	7.1266	3.1286
639	732.3317	479.7021	302.0650	182.3653	105.2598	57.9079	30.2657	14.9755	6.9887	3.0638
640	724.1625	473.9693	298.1976	179.8640	103.7132	56.9965	29.7554	14.7050	6.8536	3.0003
641	716.0845	468.3049	294.3798	177.3971	102.1894	56.0994	29.2538	14.4395	6.7210	2.9382
642	708.0965	462.7083	290.6108	174.9639	100.6879	55.2165	28.7606	14.1787	6.5910	2.8773
643	700.1977	457.1785	286.8901	172.5642	99.2085	54.3474	28.2757	13.9227	6.4635	2.8177
644	692.3869	451.7148	283.2170	170.1973	97.7509	53.4920	27.7990	13.6713	6.3385	2.7593
645	684.6633	446.3164	279.5909	167.8630	96.3146	52.6501	27.3303	13.4244	6.2159	2.7022
646	677.0259	440.9826	276.0113	165.5606	94.8995	51.8215	26.8696	13.1820	6.0957	2.6462
647	669.4736	435.7124	272.4775	163.2898	93.5051	51.0058	26.4166	12.9439	5.9778	2.5914
648	662.0056	430.5053	268.9889	161.0502	92.1313	50.2031	25.9712	12.7102	5.8622	2.5377
649	654.6209	425.3604	265.5450	158.8413	90.7776	49.4129	25.5334	12.4807	5.7488	2.4851
650	647.3186	420.2769	262.1452	156.6627	89.4438	48.6352	25.1029	12.2553	5.6376	2.4336
651	640.0977	415.2543	258.7889	154.5139	88.1296	47.8697	24.6797	12.0340	5.5285	2.3832
652	632.9574	410.2916	255.4756	152.3946	86.8348	47.1163	24.2636	11.8167	5.4216	2.3339
653	625.8968	405.3883	252.2047	150.3044	85.5589	46.3747	23.8545	11.6033	5.3168	2.2855
654	618.9149	400.5435	248.9757	148.2429	84.3018	45.6448	23.4524	11.3937	5.2139	2.2382
655	612.0108	395.7567	245.7881	146.2097	83.0632	44.9264	23.0570	11.1880	5.1131	2.1918
656	605.1838	391.0270	242.6412	144.2043	81.8427	44.2193	22.6683	10.9860	5.0142	2.1464
657	598.4330	386.3539	239.5347	142.2264	80.6402	43.5234	22.2861	10.7876	4.9172	2.1019
658	591.7574	381.7367	236.4679	140.2757	79.4554	42.8383	21.9104	10.5928	4.8221	2.0584
659	585.1564	377.1746	233.4403	138.3517	78.2880	42.1641	21.5410	10.4015	4.7288	2.0158
660	578.6289	372.6670	230.4516	136.4541	77.1377	41.5005	21.1778	10.2137	4.6374	1.9740
661	572.1743	368.2133	227.5011	134.5825	76.0043	40.8473	20.8208	10.0292	4.5477	1.9331
662	565.7917	363.8128	224.5884	132.7367	74.8876	40.2044	20.4698	9.8481	4.4597	1.8931
663	559.4802	359.4650	221.7129	130.9161	73.7873	39.5716	20.1247	9.6703	4.3734	1.8538
664	553.2392	355.1690	218.8743	129.1205	72.7031	38.9488	19.7854	9.4956	4.2889	1.8154
665	547.0678	350.9245	216.0720	127.3495	71.6349	38.3358	19.4518	9.3242	4.2059	1.7778
666	540.9652	346.7306	213.3056	125.6028	70.5824	37.7324	19.1239	9.1558	4.1246	1.7410
667	534.9308	342.5869	210.5747	123.8801	69.5453	37.1385	18.8015	8.9904	4.0448	1.7049
668	528.9636	338.4927	207.8787	122.1810	68.5235	36.5540	18.4845	8.8281	3.9665	1.6696
669	523.0630	334.4474	205.2172	120.5052	67.5167	35.9787	18.1728	8.6687	3.8898	1.6350
670	517.2282	330.4504	202.5897	118.8524	66.5247	35.4124	17.8665	8.5121	3.8146	1.6012
671	511.4585	326.5013	199.9960	117.2222	65.5473	34.8551	17.5652	8.3584	3.7408	1.5680
672	505.7531	322.5993	197.4354	115.6144	64.5842	34.3065	17.2691	8.2075	3.6685	1.5355
673	500.1114	318.7440	194.9076	114.0287	63.6353	33.7665	16.9780	8.0593	3.5975	1.5037
674	494.5327	314.9347	192.4122	112.4647	62.7003	33.2351	16.6917	7.9137	3.5279	1.4726
675	489.0162	311.1709	189.9487	110.9222	61.7790	32.7120	16.4103	7.7708	3.4597	1.4420
676	483.5612	307.4522	187.5168	109.4008	60.8713	32.1971	16.1337	7.6305	3.3928	1.4122
677	478.1670	303.7779	185.1160	107.9003	59.9769	31.6904	15.8617	7.4927	3.3271	1.3829
678	472.8330	300.1474	182.7459	106.4204	59.0957	31.1916	15.5943	7.3574	3.2628	1.3543
679	467.5586	296.5604	180.4062	104.9607	58.2274	30.7007	15.3313	7.2245	3.1997	1.3262
680	462.3429	293.0163	178.0964	103.5211	57.3719	30.2175	15.0729	7.0941	3.1378	1.2987
681	457.1855	289.5145	175.8162	102.1013	56.5289	29.7419	14.8188	6.9660	3.0771	1.2718
682	452.0856	286.0545	173.5652	100.7009	55.6984	29.2738	14.5689	6.8402	3.0176	1.2455
683	447.0425	282.6359	171.3431	99.3197	54.8800	28.8130	14.3233	6.7167	2.9592	1.2197
684	442.0557	279.2582	169.1493	97.9574	54.0737	28.3595	14.0818	6.5954	2.9020	1.1944
685	437.1246	275.9208	166.9837	96.6139	53.2792	27.9132	13.8444	6.4763	2.8459	1.1697
686	432.2485	272.6233	164.8458	95.2888	52.4963	27.4738	13.6110	6.3593	2.7908	1.1455
687	427.4267	269.3652	162.7353	93.9818	51.7250	27.0414	13.3815	6.2445	2.7368	1.1217
688	422.6587	266.1461	160.6517	92.6928	50.9650	26.6158	13.1559	6.1317	2.6839	1.0985
689	417.9440	262.9654	158.5949	91.4214	50.2162	26.1969	12.9341	6.0210	2.6320	1.0757
690	413.2818	259.8227	156.5644	90.1675	49.4784	25.7846	12.7161	5.9123	2.5811	1.0534
691	408.6716	256.7176	154.5599	88.9308	48.7514	25.3788	12.5017	5.8055	2.5312	1.0316
692	404.1129	253.6496	152.5810	87.7111	48.0351	24.9793	12.2909	5.7007	2.4822	1.0103
693	399.6050	250.6183	150.6275	86.5080	47.3293	24.5862	12.0837	5.5977	2.4342	0.9893
694	395.1474	247.6232	148.6990	85.3215	46.6339	24.1992	11.8800	5.4966	2.3871	0.9688
695	390.7395	244.6638	146.7952	84.1513	45.9487	23.8183	11.6797	5.3974	2.3409	0.9488
696	386.3808	241.7399	144.9158	82.9971	45.2736	23.4435	11.4828	5.2999	2.2957	0.9291
697	382.0707	238.8509	143.0604	81.8587	44.6084	23.0745	11.2892	5.2042	2.2513	0.9099
698	377.8087	235.9964	141.2288	80.7360	43.9530	22.7113	11.0989	5.1102	2.2077	0.8910
699	373.5942	233.1761	139.4206	79.6286	43.3072	22.3539	10.9118	5.0179	2.1650	0.8726
700	369.4267	230.3894	137.6356	78.5365	42.6709	22.0020	10.7278	4.9273	2.1231	0.8545
701	365.3058	227.6360	135.8734	77.4593	42.0439	21.6557	10.5469	4.8383	2.0821	0.8368
702	361.2308	224.9156	134.1338	76.3969	41.4262	21.3149	10.3691	4.7510	2.0418	0.8194
703	357.2012	222.2277	132.4165	75.3490	40.8175	20.9794	10.1943	4.6652	2.0023	0.8025
704	353.2166	219.5718	130.7211	74.3156	40.2178	20.6492	10.0224	4.5809	1.9636	0.7858
705	349.2765	216.9478	129.0475	73.2963	39.6269	20.3242	9.8535	4.4982	1.9256	0.7696
706	345.3803	214.3551	127.3953	72.2910	39.0446	20.0043	9.6874	4.4170	1.8884	0.7536
707	341.5276	211.7933	125.7642	71.2994	38.4710	19.6895	9.5240	4.3372	1.8518	0.7380
708	337.7178	209.2622	124.1541	70.3215	37.9057	19.3796	9.3635	4.2589	1.8160	0.7227
709	333.9505	206.7613	122.5645	69.3570	37.3488	19.0746	9.2056	4.1820	1.7809	0.7078
710	330.2253	204.2904	120.9953	68.4057	36.8000	18.7744	9.0504	4.1065	1.7464	0.6931
711	326.5416	201.8489	119.4462	67.4675	36.2593	18.4789	8.8978	4.0323	1.7127	0.6787
712	322.8990	199.4366	117.9169	66.5421	35.7266	18.1880	8.7478	3.9595	1.6795	0.6647
713	319.2971	197.0532	116.4072	65.6295	35.2016	17.9018	8.6003	3.8880	1.6471	0.6509
714	315.7353	194.6982	114.9168	64.7293	34.6844	17.6200	8.4553	3.8178	1.6152	0.6374
715	312.2133	192.3714	113.4455	63.8415	34.1748	17.3427	8.3128	3.7488	1.5840	0.6242
716	308.7305	190.0724	111.9931	62.9659	33.6727	17.0697	8.1726	3.6811	1.5533	0.6113
717	305.2866	187.8009	110.5592	62.1022	33.1779	16.8011	8.0349	3.6147	1.5233	0.5986
718	301.8811	185.5565	109.1437	61.2505	32.6905	16.5366	7.8994	3.5494	1.4938	0.5862
719	298.5137	183.3389	107.7463	60.4104	32.2101	16.2764	7.7662	3.4853	1.4649	0.5741
720	295.1837	181.1479	106.3668	59.5818	31.7369	16.0202	7.6353	3.4224	1.4366	0.5622
721	291.8909	178.9830	105.0050	58.7646	31.2706	15.7680	7.5066	3.3606	1.4088	0.5505
722	288.6349	176.8440	103.6606	57.9586	30.8111	15.5199	7.3800	3.2999	1.3816	0.5391
723	285.4151	174.7306	102.3334	57.1636	30.3584	15.2756	7.2556	3.2403	1.3548	0.5280
724	282.2313	172.6424	101.0233	56.3796	29.9124	15.0352	7.1333	3.1818	1.3286	0.5170
725	279.0830	170.5792	99.7298	55.6063	29.4729	14.7985	7.0130	3.1243	1.3029	0.5063
726	275.9698	168.5406	98.4530	54.8436	29.0398	14.5656	6.8948	3.0679	1.2777	0.4958
727	272.8914	166.5264	97.1925	54.0914	28.6131	14.3364	6.7785	3.0125	1.2530	0.4856
728	269.8473	164.5362	95.9481	53.3495	28.1927	14.1107	6.6643	2.9581	1.2288	0.4755
729	266.8371	162.5699	94.7197	52.6178	27.7785	13.8886	6.5519	2.9047	1.2050	0.4657
730	263.8605	160.6270	93.5070	51.8961	27.3704	13.6700	6.4414	2.8522	1.1817	0.4560
731	260.9172	158.7074	92.3098	51.1843	26.9682	13.4549	6.3328	2.8007	1.1589	0.4466
732	258.0066	156.8107	91.1279	50.4823	26.5720	13.2431	6.2261	2.7501	1.1364	0.4373
733	255.1285	154.9367	89.9612	49.7899	26.1816	13.0347	6.1211	2.7005	1.1145	0.4282
734	252.2826	153.0851	88.8094	49.1070	25.7969	12.8295	6.0179	2.6517	1.0929	0.4194
735	249.4684	151.2556	87.6724	48.4334	25.4178	12.6276	5.9165	2.6038	1.0718	0.4107
736	246.6855	149.4479	86.5499	47.7691	25.0444	12.4289	5.8167	2.5568	1.0510	0.4022
737	243.9337	147.6619	85.4418	47.1140	24.6764	12.2332	5.7186	2.5106	1.0307	0.3939
738	241.2127	145.8972	84.3479	46.4678	24.3138	12.0407	5.6222	2.4653	1.0108	0.3857
739	238.5219	144.1536	83.2680	45.8304	23.9566	11.8512	5.5274	2.4208	0.9912	0.3777
740	235.8612	142.4308	82.2019	45.2018	23.6046	11.6647	5.4343	2.3771	0.9720	0.3699
741	233.2302	140.7287	81.1494	44.5818	23.2578	11.4811	5.3426	2.3341	0.9532	0.3622
742	230.6285	139.0468	80.1105	43.9704	22.9161	11.3004	5.2526	2.2920	0.9348	0.3547
743	228.0558	137.3851	79.0848	43.3673	22.5794	11.1225	5.1640	2.2506	0.9167	0.3474
744	225.5118	135.7432	78.0723	42.7725	22.2476	10.9475	5.0770	2.2100	0.8990	0.3402
745	222.9962	134.1210	77.0727	42.1858	21.9207	10.7752	4.9914	2.1700	0.8816	0.3331
746	220.5087	132.5181	76.0859	41.6072	21.5986	10.6056	4.9072	2.1309	0.8646	0.3262
747	218.0489	130.9344	75.1118	41.0365	21.2813	10.4386	4.8245	2.0924	0.8478	0.3195
748	215.6166	129.3696	74.1501	40.4737	20.9686	10.2743	4.7431	2.0546	0.8314	0.3128
749	213.2114	127.8236	73.2008	39.9186	20.6605	10.1126	4.6632	2.0175	0.8154	0.3064
750	210.8330	126.2960	72.2636	39.3711	20.3570	9.9535	4.5846	1.9811	0.7996	0.3000
751	208.4811	124.7866	71.3384	38.8311	20.0579	9.7968	4.5073	1.9453	0.7841	0.2938
752	206.1555	123.2953	70.4250	38.2985	19.7632	9.6426	4.4313	1.9102	0.7690	0.2877
753	203.8558	121.8218	69.5234	37.7732	19.4728	9.4909	4.3566	1.8757	0.7541	0.2818
754	201.5818	120.3659	68.6333	37.2551	19.1867	9.3415	4.2831	1.8418	0.7395	0.2759
755	199.3332	118.9275	67.7545	36.7441	18.9048	9.1945	4.2109	1.8085	0.7252	0.2702
756	197.1096	117.5062	66.8871	36.2401	18.6270	9.0497	4.1399	1.7759	0.7112	0.2646
757	194.9108	116.1019	66.0307	35.7431	18.3533	8.9073	4.0701	1.7438	0.6974	0.2591
758	192.7366	114.7143	65.1853	35.2528	18.0837	8.7671	4.0015	1.7123	0.6839	0.2538
759	190.5866	113.3434	64.3507	34.7693	17.8179	8.6291	3.9340	1.6814	0.6707	0.2485
760	188.4606	111.9889	63.5269	34.2924	17.5562	8.4933	3.8677	1.6510	0.6577	0.2434
761	186.3583	110.6505	62.7135	33.8221	17.2982	8.3596	3.8025	1.6212	0.6450	0.2383
762	184.2795	109.3281	61.9106	33.3582	17.0440	8.2281	3.7384	1.5919	0.6325	0.2334
763	182.2238	108.0216	61.1179	32.9007	16.7936	8.0986	3.6754	1.5632	0.6203	0.2285
764	180.1911	106.7306	60.3354	32.4494	16.5469	7.9711	3.6134	1.5350	0.6083	0.2238
765	178.1811	105.4551	59.5630	32.0043	16.3037	7.8456	3.5525	1.5072	0.5965	0.2192
766	176.1935	104.1948	58.8004	31.5654	16.0642	7.7222	3.4926	1.4800	0.5850	0.2146
767	174.2280	102.9496	58.0475	31.1324	15.8282	7.6006	3.4337	1.4533	0.5737	0.2102
768	172.2845	101.7192	57.3043	30.7054	15.5956	7.4810	3.3758	1.4271	0.5626	0.2058
769	170.3627	100.5036	56.5707	30.2843	15.3665	7.3632	3.3189	1.4013	0.5517	0.2016
770	168.4623	99.3025	55.8464	29.8689	15.1407	7.2474	3.2630	1.3760	0.5410	0.1974
771	166.5831	98.1158	55.1314	29.4592	14.9182	7.1333	3.2080	1.3511	0.5306	0.1933
772	164.7248	96.9432	54.4255	29.0552	14.6990	7.0210	3.1539	1.3267	0.5203	0.1893
773	162.8873	95.7846	53.7287	28.6567	14.4831	6.9105	3.1007	1.3028	0.5102	0.1854
774	161.0703	94.6399	53.0408	28.2636	14.2703	6.8017	3.0484	1.2793	0.5004	0.1815
775	159.2735	93.5089	52.3617	27.8760	14.0606	6.6947	2.9970	1.2562	0.4907	0.1778
776	157.4968	92.3914	51.6913	27.4936	13.8540	6.5893	2.9465	1.2335	0.4812	0.1741
777	155.7400	91.2872	51.0295	27.1165	13.6505	6.4856	2.8968	1.2112	0.4719	0.1705
778	154.0027	90.1963	50.3762	26.7446	13.4499	6.3835	2.8480	1.1893	0.4628	0.1670
779	152.2848	89.1183	49.7312	26.3778	13.2523	6.2831	2.8000	1.1678	0.4538	0.1635
780	150.5860	88.0533	49.0945	26.0160	13.0576	6.1842	2.7528	1.1468	0.4450	0.1601
781	148.9062	87.0010	48.4659	25.6592	12.8657	6.0868	2.7064	1.1260	0.4364	0.1568
782	147.2452	85.9612	47.8454	25.3072	12.6767	5.9910	2.6607	1.1057	0.4280	0.1535
783	145.6026	84.9339	47.2329	24.9601	12.4904	5.8967	2.6159	1.0857	0.4197	0.1504
784	143.9784	83.9189	46.6281	24.6178	12.3069	5.8039	2.5718	1.0661	0.4116	0.1472
785	142.3724	82.9160	46.0311	24.2801	12.1261	5.7126	2.5284	1.0469	0.4036	0.1442
786	140.7842	81.9251	45.4418	23.9471	11.9479	5.6227	2.4858	1.0280	0.3958	0.1412
787	139.2137	80.9460	44.8600	23.6187	11.7724	5.5342	2.4439	1.0094	0.3882	0.1383
788	137.6608	79.9786	44.2857	23.2947	11.5994	5.4471	2.4027	0.9912	0.3807	0.1354
789	136.1252	79.0228	43.7187	22.9752	11.4290	5.3613	2.3622	0.9733	0.3733	0.1326
790	134.6067	78.0784	43.1589	22.6601	11.2610	5.2770	2.3223	0.9557	0.3661	0.1299
791	133.1052	77.1453	42.6064	22.3493	11.0956	5.1939	2.2832	0.9385	0.3590	0.1272
792	131.6204	76.2234	42.0609	22.0428	10.9325	5.1122	2.2447	0.9215	0.3521	0.1245
793	130.1521	75.3124	41.5224	21.7404	10.7719	5.0317	2.2069	0.9049	0.3452	0.1220
794	128.7003	74.4124	40.9907	21.4422	10.6136	4.9525	2.1697	0.8885	0.3386	0.1194
795	127.2646	73.5231	40.4659	21.1481	10.4577	4.8746	2.1331	0.8725	0.3320	0.1170
796	125.8450	72.6444	39.9478	20.8581	10.3040	4.7978	2.0971	0.8567	0.3256	0.1145
797	124.4412	71.7762	39.4364	20.5720	10.1527	4.7223	2.0618	0.8413	0.3193	0.1122
798	123.0530	70.9185	38.9315	20.2898	10.0035	4.6480	2.0270	0.8261	0.3131	0.1098
799	121.6804	70.0709	38.4330	20.0116	9.8565	4.5748	1.9928	0.8111	0.3071	0.1076
800	120.3230	69.2335	37.9410	19.7371	9.7117	4.5028	1.9592	0.7965	0.3011	0.1053
801	118.9808	68.4061	37.4552	19.4664	9.5690	4.4320	1.9262	0.7821	0.2953	0.1032
802	117.6536	67.5886	36.9757	19.1994	9.4284	4.3622	1.8937	0.7680	0.2896	0.1010
803	116.3412	66.7809	36.5023	18.9360	9.2899	4.2936	1.8618	0.7541	0.2840	0.0989
804	115.0434	65.9828	36.0349	18.6763	9.1534	4.2260	1.8304	0.7405	0.2785	0.0969
805	113.7600	65.1942	35.5736	18.4202	9.0189	4.1595	1.7995	0.7271	0.2731	0.0949
806	112.4911	64.4151	35.1181	18.1675	8.8864	4.0940	1.7692	0.7140	0.2678	0.0929
807	111.2362	63.6453	34.6685	17.9183	8.7558	4.0296	1.7394	0.7011	0.2626	0.0910
808	109.9954	62.8847	34.2246	17.6726	8.6272	3.9661	1.7101	0.6884	0.2576	0.0891
809	108.7684	62.1331	33.7864	17.4302	8.5004	3.9037	1.6812	0.6760	0.2526	0.0873
810	107.5550	61.3906	33.3539	17.1911	8.3755	3.8423	1.6529	0.6638	0.2477	0.0854
811	106.3553	60.6569	32.9268	16.9553	8.2524	3.7818	1.6250	0.6518	0.2429	0.0837
812	105.1689	59.9320	32.5053	16.7228	8.1312	3.7223	1.5976	0.6401	0.2382	0.0819
813	103.9957	59.2158	32.0891	16.4934	8.0117	3.6637	1.5707	0.6285	0.2336	0.0802
814	102.8356	58.5081	31.6783	16.2672	7.8940	3.6060	1.5442	0.6171	0.2291	0.0786
815	101.6885	57.8089	31.2727	16.0441	7.7780	3.5493	1.5182	0.6060	0.2247	0.0770
816	100.5542	57.1180	30.8723	15.8240	7.6637	3.4934	1.4926	0.5951	0.2203	0.0754
817	99.4325	56.4354	30.4770	15.6070	7.5511	3.4384	1.4674	0.5843	0.2160	0.0738
818	98.3233	55.7609	30.0868	15.3929	7.4402	3.3843	1.4427	0.5738	0.2119	0.0723
819	97.2265	55.0945	29.7016	15.1818	7.3309	3.3311	1.4184	0.5634	0.2078	0.0708
820	96.1419	54.4361	29.3213	14.9736	7.2232	3.2786	1.3944	0.5532	0.2038	0.0693
821	95.0695	53.7856	28.9459	14.7682	7.1170	3.2270	1.3709	0.5432	0.1998	0.0679
822	94.0090	53.1428	28.5753	14.5656	7.0125	3.1762	1.3478	0.5334	0.1959	0.0665
823	92.9603	52.5077	28.2095	14.3659	6.9094	3.1262	1.3251	0.5238	0.1922	0.0651
824	91.9233	51.8802	27.8483	14.1688	6.8079	3.0770	1.3028	0.5143	0.1884	0.0637
825	90.8979	51.2601	27.4918	13.9745	6.7079	3.0286	1.2808	0.5050	0.1848	0.0624
826	89.8839	50.6475	27.1398	13.7828	6.6093	2.9809	1.2592	0.4959	0.1812	0.0611
827	88.8813	50.0423	26.7923	13.5938	6.5122	2.9340	1.2380	0.4870	0.1777	0.0599
828	87.8898	49.4442	26.4493	13.4073	6.4165	2.8878	1.2171	0.4782	0.1743	0.0586
829	86.9094	48.8533	26.1107	13.2234	6.3222	2.8424	1.1966	0.4695	0.1709	0.0574
830	85.9399	48.2695	25.7764	13.0421	6.2294	2.7977	1.1764	0.4611	0.1676	0.0562
831	84.9812	47.6926	25.4463	12.8632	6.1378	2.7536	1.1566	0.4527	0.1644	0.0551
832	84.0333	47.1226	25.1206	12.6868	6.0476	2.7103	1.1371	0.4446	0.1612	0.0539
833	83.0959	46.5595	24.7989	12.5127	5.9588	2.6676	1.1179	0.4365	0.1581	0.0528
834	82.1689	46.0031	24.4814	12.3411	5.8712	2.6256	1.0991	0.4286	0.1550	0.0517
835	81.2523	45.4533	24.1680	12.1719	5.7850	2.5843	1.0805	0.4209	0.1520	0.0506
836	80.3460	44.9101	23.8586	12.0049	5.7000	2.5436	1.0623	0.4133	0.1491	0.0496
837	79.4497	44.3734	23.5531	11.8403	5.6162	2.5036	1.0444	0.4058	0.1462	0.0486
838	78.5634	43.8431	23.2515	11.6779	5.5337	2.4642	1.0268	0.3985	0.1434	0.0475
839	77.6871	43.3191	22.9539	11.5177	5.4524	2.4254	1.0095	0.3913	0.1406	0.0466
840	76.8205	42.8014	22.6600	11.3597	5.3723	2.3872	0.9925	0.3843	0.1379	0.0456
841	75.9635	42.2899	22.3699	11.2039	5.2934	2.3497	0.9757	0.3773	0.1352	0.0447
842	75.1162	41.7845	22.0835	11.0502	5.2156	2.3127	0.9593	0.3705	0.1326	0.0437
843	74.2782	41.2851	21.8007	10.8987	5.1390	2.2763	0.9431	0.3638	0.1300	0.0428
844	73.4497	40.7917	21.5216	10.7492	5.0634	2.2405	0.9272	0.3572	0.1275	0.0419
845	72.6303	40.3042	21.2461	10.6018	4.9890	2.2052	0.9116	0.3508	0.1250	0.0411
846	71.8201	39.8226	20.9740	10.4564	4.9157	2.1705	0.8962	0.3445	0.1226	0.0402
847	71.0190	39.3466	20.7055	10.3129	4.8435	2.1363	0.8811	0.3382	0.1202	0.0394
848	70.2267	38.8764	20.4404	10.1715	4.7724	2.1027	0.8662	0.3321	0.1179	0.0386
849	69.4434	38.4118	20.1787	10.0320	4.7022	2.0696	0.8516	0.3261	0.1156	0.0378
850	68.6687	37.9528	19.9204	9.8944	4.6331	2.0370	0.8373	0.3202	0.1134	0.0370
851	67.9027	37.4992	19.6653	9.7587	4.5651	2.0050	0.8232	0.3145	0.1112	0.0362
852	67.1453	37.0510	19.4135	9.6248	4.4980	1.9734	0.8093	0.3088	0.1091	0.0355
853	66.3963	36.6082	19.1650	9.4928	4.4319	1.9424	0.7956	0.3032	0.1070	0.0347
854	65.6556	36.1707	18.9196	9.3626	4.3668	1.9118	0.7822	0.2977	0.1049	0.0340
855	64.9232	35.7385	18.6774	9.2342	4.3026	1.8817	0.7690	0.2923	0.1029	0.0333
856	64.1990	35.3114	18.4383	9.1075	4.2394	1.8521	0.7561	0.2871	0.1009	0.0326
857	63.4828	34.8894	18.2022	8.9826	4.1771	1.8229	0.7433	0.2819	0.0989	0.0319
858	62.7747	34.4724	17.9691	8.8594	4.1157	1.7942	0.7308	0.2768	0.0970	0.0313
859	62.0744	34.0604	17.7391	8.7379	4.0553	1.7660	0.7185	0.2718	0.0951	0.0306
860	61.3820	33.6534	17.5120	8.6181	3.9957	1.7382	0.7064	0.2669	0.0933	0.0300
861	60.6973	33.2512	17.2878	8.4999	3.9370	1.7108	0.6945	0.2621	0.0915	0.0294
862	60.0202	32.8538	17.0664	8.3833	3.8791	1.6839	0.6827	0.2573	0.0897	0.0288
863	59.3507	32.4612	16.8479	8.2683	3.8221	1.6574	0.6712	0.2527	0.0880	0.0282
864	58.6886	32.0732	16.6322	8.1549	3.7660	1.6313	0.6599	0.2481	0.0863	0.0276
865	58.0339	31.6899	16.4193	8.0430	3.7107	1.6057	0.6488	0.2436	0.0846	0.0270
866	57.3866	31.3112	16.2091	7.9327	3.6561	1.5804	0.6379	0.2392	0.0830	0.0265
867	56.7464	30.9370	16.0015	7.8239	3.6024	1.5555	0.6271	0.2349	0.0814	0.0259
868	56.1134	30.5673	15.7967	7.7166	3.5495	1.5310	0.6165	0.2307	0.0798	0.0254
869	55.4875	30.2020	15.5944	7.6108	3.4973	1.5069	0.6061	0.2265	0.0782	0.0248
870	54.8685	29.8410	15.3948	7.5064	3.4459	1.4832	0.5959	0.2224	0.0767	0.0243
871	54.2564	29.4844	15.1977	7.4034	3.3953	1.4599	0.5859	0.2184	0.0753	0.0238
872	53.6512	29.1321	15.0031	7.3019	3.3454	1.4369	0.5760	0.2145	0.0738	0.0233
873	53.0527	28.7839	14.8110	7.2017	3.2963	1.4143	0.5663	0.2106	0.0724	0.0229
874	52.4609	28.4399	14.6214	7.1030	3.2478	1.3920	0.5567	0.2068	0.0710	0.0224
875	51.8757	28.1000	14.4342	7.0055	3.2001	1.3701	0.5473	0.2031	0.0696	0.0219
876	51.2970	27.7642	14.2494	6.9095	3.1531	1.3485	0.5381	0.1994	0.0682	0.0215
877	50.7248	27.4324	14.0669	6.8147	3.1068	1.3273	0.5290	0.1958	0.0669	0.0210
878	50.1590	27.1046	13.8868	6.7212	3.0611	1.3064	0.5201	0.1923	0.0656	0.0206
879	49.5995	26.7806	13.7090	6.6290	3.0162	1.2859	0.5114	0.1888	0.0644	0.0202
880	49.0462	26.4606	13.5335	6.5381	2.9718	1.2656	0.5027	0.1854	0.0631	0.0197
881	48.4991	26.1444	13.3602	6.4484	2.9282	1.2457	0.4943	0.1820	0.0619	0.0193
882	47.9580	25.8319	13.1892	6.3600	2.8851	1.2261	0.4859	0.1787	0.0607	0.0189
883	47.4231	25.5232	13.0203	6.2728	2.8428	1.2068	0.4777	0.1755	0.0595	0.0185
884	46.8941	25.2182	12.8536	6.1867	2.8010	1.1878	0.4697	0.1723	0.0584	0.0182
885	46.3710	24.9168	12.6891	6.1019	2.7598	1.1691	0.4618	0.1692	0.0572	0.0178
886	45.8537	24.6190	12.5266	6.0182	2.7193	1.1507	0.4540	0.1662	0.0561	0.0174
887	45.3422	24.3248	12.3662	5.9356	2.6793	1.1326	0.4463	0.1632	0.0551	0.0170
888	44.8364	24.0341	12.2079	5.8542	2.6400	1.1148	0.4388	0.1602	0.0540	0.0167
889	44.3362	23.7469	12.0516	5.7739	2.6012	1.0972	0.4314	0.1573	0.0529	0.0163
890	43.8417	23.4631	11.8973	5.6947	2.5630	1.0800	0.4241	0.1545	0.0519	0.0160
891	43.3526	23.1827	11.7450	5.6166	2.5253	1.0630	0.4170	0.1517	0.0509	0.0157
892	42.8690	22.9056	11.5946	5.5396	2.4882	1.0462	0.4100	0.1490	0.0499	0.0154
893	42.3908	22.6319	11.4462	5.4636	2.4516	1.0298	0.4030	0.1463	0.0490	0.0150
894	41.9179	22.3614	11.2996	5.3887	2.4156	1.0136	0.3962	0.1436	0.0480	0.0147
895	41.4503	22.0942	11.1549	5.3148	2.3801	0.9976	0.3896	0.1410	0.0471	0.0144
896	40.9880	21.8301	11.0121	5.2419	2.3452	0.9819	0.3830	0.1385	0.0462	0.0141
897	40.5307	21.5692	10.8711	5.1700	2.3107	0.9665	0.3765	0.1360	0.0453	0.0138
898	40.0786	21.3115	10.7319	5.0991	2.2767	0.9512	0.3702	0.1335	0.0444	0.0135
899	39.6315	21.0568	10.5945	5.0291	2.2433	0.9363	0.3640	0.1311	0.0436	0.0133
900	39.1895	20.8051	10.4589	4.9601	2.2103	0.9215	0.3578	0.1288	0.0427	0.0130
901	38.7523	20.5565	10.3250	4.8921	2.1779	0.9070	0.3518	0.1264	0.0419	0.0127
902	38.3200	20.3108	10.1928	4.8250	2.1459	0.8928	0.3459	0.1241	0.0411	0.0125
903	37.8925	20.0681	10.0623	4.7588	2.1143	0.8787	0.3400	0.1219	0.0403	0.0122
904	37.4699	19.8283	9.9335	4.6936	2.0833	0.8649	0.3343	0.1197	0.0395	0.0119
905	37.0519	19.5913	9.8063	4.6292	2.0527	0.8513	0.3287	0.1175	0.0387	0.0117
906	36.6386	19.3572	9.6807	4.5657	2.0225	0.8379	0.3231	0.1154	0.0380	0.0115
907	36.2299	19.1258	9.5568	4.5031	1.9928	0.8247	0.3177	0.1133	0.0373	0.0112
908	35.8257	18.8972	9.4344	4.4413	1.9635	0.8117	0.3123	0.1113	0.0365	0.0110
909	35.4261	18.6714	9.3137	4.3804	1.9346	0.7989	0.3070	0.1093	0.0358	0.0108
910	35.0309	18.4483	9.1944	4.3203	1.9062	0.7863	0.3019	0.1073	0.0351	0.0105
911	34.6401	18.2278	9.0767	4.2611	1.8782	0.7740	0.2968	0.1054	0.0345	0.0103
912	34.2537	18.0100	8.9605	4.2026	1.8506	0.7618	0.2918	0.1035	0.0338	0.0101
913	33.8716	17.7947	8.8458	4.1450	1.8234	0.7498	0.2869	0.1016	0.0331	0.0099
914	33.4938	17.5821	8.7325	4.0881	1.7966	0.7380	0.2820	0.0998	0.0325	0.0097
915	33.1201	17.3719	8.6207	4.0321	1.7702	0.7264	0.2773	0.0980	0.0319	0.0095
916	32.7507	17.1643	8.5103	3.9768	1.7442	0.7149	0.2726	0.0962	0.0312	0.0093
917	32.3854	16.9592	8.4014	3.9222	1.7186	0.7037	0.2680	0.0945	0.0306	0.0091
918	32.0241	16.7565	8.2938	3.8684	1.6933	0.6926	0.2635	0.0927	0.0300	0.0089
919	31.6669	16.5563	8.1876	3.8154	1.6685	0.6817	0.2590	0.0911	0.0295	0.0087
920	31.3136	16.3584	8.0828	3.7630	1.6440	0.6710	0.2547	0.0894	0.0289	0.0085
921	30.9643	16.1629	7.9793	3.7114	1.6198	0.6604	0.2504	0.0878	0.0283	0.0084
922	30.6189	15.9697	7.8771	3.6605	1.5960	0.6500	0.2462	0.0862	0.0278	0.0082
923	30.2774	15.7789	7.7763	3.6103	1.5726	0.6398	0.2420	0.0847	0.0273	0.0080
924	29.9396	15.5903	7.6767	3.5608	1.5494	0.6297	0.2379	0.0831	0.0267	0.0079
925	29.6056	15.4040	7.5785	3.5119	1.5267	0.6198	0.2339	0.0816	0.0262	0.0077
926	29.2754	15.2199	7.4814	3.4638	1.5042	0.6101	0.2300	0.0802	0.0257	0.0075
927	28.9488	15.0380	7.3856	3.4163	1.4821	0.6005	0.2261	0.0787	0.0252	0.0074
928	28.6259	14.8583	7.2911	3.3694	1.4604	0.5910	0.2223	0.0773	0.0247	0.0072
929	28.3066	14.6807	7.1977	3.3232	1.4389	0.5817	0.2185	0.0759	0.0242	0.0071
930	27.9908	14.5053	7.1056	3.2776	1.4178	0.5726	0.2148	0.0745	0.0238	0.0069
931	27.6786	14.3319	7.0146	3.2327	1.3969	0.5635	0.2112	0.0732	0.0233	0.0068
932	27.3698	14.1607	6.9248	3.1883	1.3764	0.5547	0.2077	0.0719	0.0229	0.0066
933	27.0645	13.9914	6.8361	3.1446	1.3562	0.5459	0.2042	0.0706	0.0224	0.0065
934	26.7626	13.8242	6.7486	3.1015	1.3363	0.5374	0.2007	0.0693	0.0220	0.0064
935	26.4641	13.6590	6.6622	3.0589	1.3166	0.5289	0.1973	0.0680	0.0216	0.0062
936	26.1688	13.4958	6.5769	3.0170	1.2973	0.5206	0.1940	0.0668	0.0211	0.0061
937	25.8769	13.3345	6.4927	2.9756	1.2782	0.5124	0.1907	0.0656	0.0207	0.0060
938	25.5883	13.1751	6.4096	2.9348	1.2594	0.5043	0.1875	0.0644	0.0203	0.0059
939	25.3028	13.0177	6.3275	2.8945	1.2409	0.4964	0.1844	0.0633	0.0199	0.0057
940	25.0206	12.8621	6.2465	2.8548	1.2227	0.4886	0.1813	0.0621	0.0196	0.0056
941	24.7415	12.7084	6.1665	2.8157	1.2047	0.4809	0.1782	0.0610	0.0192	0.0055
942	24.4655	12.5565	6.0876	2.7770	1.1870	0.4733	0.1752	0.0599	0.0188	0.0054
943	24.1926	12.4064	6.0096	2.7390	1.1696	0.4659	0.1722	0.0588	0.0184	0.0053
944	23.9227	12.2582	5.9327	2.7014	1.1524	0.4585	0.1693	0.0577	0.0181	0.0052
945	23.6558	12.1117	5.8567	2.6643	1.1355	0.4513	0.1665	0.0567	0.0177	0.0051
946	23.3920	11.9669	5.7818	2.6278	1.1188	0.4442	0.1637	0.0557	0.0174	0.0050
947	23.1310	11.8239	5.7077	2.5918	1.1024	0.4372	0.1609	0.0547	0.0171	0.0049
948	22.8730	11.6826	5.6347	2.5562	1.0862	0.4303	0.1582	0.0537	0.0167	0.0048
949	22.6178	11.5430	5.5625	2.5211	1.0702	0.4236	0.1555	0.0527	0.0164	0.0047
950	22.3655	11.4050	5.4913	2.4866	1.0545	0.4169	0.1529	0.0518	0.0161	0.0046
951	22.1161	11.2687	5.4210	2.4525	1.0390	0.4103	0.1503	0.0508	0.0158	0.0045
952	21.8693	11.1341	5.3516	2.4188	1.0237	0.4039	0.1478	0.0499	0.0155	0.0044
953	21.6254	11.0010	5.2831	2.3856	1.0087	0.3975	0.1453	0.0490	0.0152	0.0043
954	21.3842	10.8695	5.2154	2.3529	0.9939	0.3913	0.1429	0.0481	0.0149	0.0042
955	21.1456	10.7396	5.1487	2.3207	0.9793	0.3851	0.1405	0.0473	0.0146	0.0041
956	20.9097	10.6113	5.0827	2.2888	0.9649	0.3790	0.1381	0.0464	0.0143	0.0040
957	20.6765	10.4845	5.0177	2.2574	0.9507	0.3731	0.1358	0.0456	0.0140	0.0039
958	20.4458	10.3592	4.9534	2.2265	0.9367	0.3672	0.1335	0.0447	0.0138	0.0039
959	20.2178	10.2354	4.8900	2.1959	0.9230	0.3614	0.1312	0.0439	0.0135	0.0038
960	19.9922	10.1131	4.8274	2.1658	0.9094	0.3557	0.1290	0.0431	0.0132	0.0037
961	19.7692	9.9922	4.7656	2.1361	0.8960	0.3501	0.1268	0.0424	0.0130	0.0036
962	19.5487	9.8728	4.7046	2.1068	0.8829	0.3446	0.1247	0.0416	0.0127	0.0035
963	19.3306	9.7548	4.6443	2.0779	0.8699	0.3392	0.1226	0.0408	0.0125	0.0035
964	19.1150	9.6382	4.5849	2.0494	0.8571	0.3339	0.1205	0.0401	0.0122	0.0034
965	18.9018	9.5230	4.5262	2.0213	0.8445	0.3286	0.1185	0.0394	0.0120	0.0033
966	18.6909	9.4092	4.4682	1.9936	0.8321	0.3234	0.1165	0.0387	0.0118	0.0033
967	18.4824	9.2968	4.4110	1.9662	0.8199	0.3183	0.1145	0.0380	0.0115	0.0032
968	18.2762	9.1857	4.3545	1.9393	0.8078	0.3133	0.1126	0.0373	0.0113	0.0031
969	18.0724	9.0759	4.2988	1.9127	0.7960	0.3084	0.1107	0.0366	0.0111	0.0031
970	17.8708	8.9674	4.2438	1.8864	0.7843	0.3035	0.1088	0.0360	0.0109	0.0030
971	17.6714	8.8603	4.1894	1.8606	0.7728	0.2988	0.1070	0.0353	0.0107	0.0029
972	17.4743	8.7544	4.1358	1.8350	0.7614	0.2941	0.1052	0.0347	0.0105	0.0029
973	17.2794	8.6498	4.0828	1.8099	0.7502	0.2894	0.1034	0.0340	0.0103	0.0028
974	17.0866	8.5464	4.0306	1.7851	0.7392	0.2849	0.1017	0.0334	0.0101	0.0028
975	16.8960	8.4442	3.9790	1.7606	0.7283	0.2804	0.1000	0.0328	0.0099	0.0027
976	16.7075	8.3433	3.9280	1.7364	0.7176	0.2760	0.0983	0.0322	0.0097	0.0026
977	16.5212	8.2436	3.8777	1.7126	0.7071	0.2716	0.0966	0.0316	0.0095	0.0026
978	16.3369	8.1451	3.8281	1.6891	0.6967	0.2674	0.0950	0.0311	0.0093	0.0025
979	16.1546	8.0478	3.7791	1.6659	0.6865	0.2632	0.0934	0.0305	0.0091	0.0025
980	15.9744	7.9516	3.7307	1.6431	0.6764	0.2590	0.0918	0.0300	0.0090	0.0024
981	15.7962	7.8566	3.6829	1.6206	0.6664	0.2549	0.0903	0.0294	0.0088	0.0024
982	15.6200	7.7627	3.6358	1.5983	0.6566	0.2509	0.0887	0.0289	0.0086	0.0023
983	15.4458	7.6699	3.5892	1.5764	0.6470	0.2470	0.0872	0.0284	0.0084	0.0023
984	15.2735	7.5782	3.5433	1.5548	0.6375	0.2431	0.0858	0.0279	0.0083	0.0022
985	15.1031	7.4877	3.4979	1.5335	0.6281	0.2393	0.0843	0.0274	0.0081	0.0022
986	14.9346	7.3982	3.4531	1.5124	0.6189	0.2355	0.0829	0.0269	0.0080	0.0021
987	14.7680	7.3098	3.4089	1.4917	0.6098	0.2318	0.0815	0.0264	0.0078	0.0021
988	14.6033	7.2224	3.3653	1.4712	0.6008	0.2281	0.0801	0.0259	0.0077	0.0021
989	14.4404	7.1361	3.3222	1.4511	0.5920	0.2246	0.0788	0.0254	0.0075	0.0020
990	14.2793	7.0508	3.2796	1.4311	0.5833	0.2210	0.0775	0.0250	0.0074	0.0020
991	14.1200	6.9665	3.2376	1.4115	0.5747	0.2175	0.0762	0.0245	0.0072	0.0019
992	13.9625	6.8833	3.1962	1.3922	0.5663	0.2141	0.0749	0.0241	0.0071	0.0019
993	13.8068	6.8010	3.1553	1.3731	0.5580	0.2107	0.0736	0.0236	0.0069	0.0019
994	13.6528	6.7197	3.1149	1.3542	0.5498	0.2074	0.0724	0.0232	0.0068	0.0018
995	13.5005	6.6394	3.0750	1.3357	0.5417	0.2042	0.0711	0.0228	0.0067	0.0018
996	13.3499	6.5601	3.0356	1.3173	0.5337	0.2010	0.0699	0.0224	0.0065	0.0017
997	13.2009	6.4817	2.9968	1.2993	0.5259	0.1978	0.0688	0.0220	0.0064	0.0017
998	13.0537	6.4042	2.9584	1.2815	0.5182	0.1947	0.0676	0.0216	0.0063	0.0017
999	12.9081	6.3277	2.9205	1.2639	0.5106	0.1916	0.0665	0.0212	0.0062	0.0016
