s	phi-2.0	phi-2.1	phi-2.2	phi-2.3	phi-2.4	phi-2.5	phi-2.6	phi-2.7	phi-2.8	phi-2.9
0	3013969.5174	2957829.5487	2895390.4723	2827094.6312	2753418.5754	2674867.5353	2591969.6719	2505270.1928	2415325.4255	2322696.9389
1	2852864.1296	2794306.4531	2729838.9068	2659919.5147	2585037.5741	2505707.9638	2422465.2668	2335857.7993	2246441.6398	2154774.7470
2	2700370.2908	2639823.7036	2573753.1874	2502629.9957	2426953.6493	2347246.1036	2264045.7688	2177901.4792	2089366.5043	1998992.6936
3	2556027.6887	2493881.5062	2426592.0796	2354641.5073	2278537.0994	2198805.4276	2115986.2697	2030626.5452	1943274.3375	1854473.0927
4	2419400.6161	2356007.6980	2287845.2952	2215404.0499	2139196.7312	2059752.1926	1977609.2671	1893310.6963	1807397.1909	1720401.7116
5	2290076.6558	2225756.2194	2157031.7231	2084400.1472	2008377.5050	1929492.7335	1848281.5646	1765280.4752	1681020.8126	1596023.1835
6	2167665.4351	2102705.6714	2033697.7610	1961142.9228	1885558.3237	1807470.9288	1727411.3744	1645907.9655	1563480.8920	1480636.7520
7	2051797.4483	1986457.9516	1917415.7426	1845174.2909	1770249.9571	1693165.8263	1614445.6091	1534607.7119	1454159.5686	1373592.3225
8	1942122.9404	1876636.9669	1807782.4545	1736063.2539	1661993.0932	1586089.4190	1508867.3512	1430833.8490	1352482.1837	1274286.7998
9	1838310.8522	1772887.4164	1704417.7380	1633404.3002	1560356.5082	1485784.5617	1410193.4872	1334077.4242	1257914.2597	1182160.6903
10	1740047.8203	1674873.6419	1606963.1709	1536815.8977	1464935.3494	1391823.0191	1317972.4975	1243863.9014	1169958.6906	1096694.9496
11	1647037.2317	1582278.5420	1515080.8251	1445939.0753	1375349.5221	1303803.6378	1231782.3902	1159750.8340	1088153.1291	1017408.0583
12	1558998.3281	1494802.5461	1428452.0941	1360436.0891	1291242.1758	1221350.6334	1151228.7697	1081325.6944	1012067.5557	943853.3089
13	1475665.3585	1412162.6456	1346776.5886	1279989.1670	1212278.2826	1144111.9863	1075943.0324	1008203.8513	941302.0189	875616.2893
14	1396786.7772	1334091.4777	1269771.0949	1204299.3277	1138143.3026	1071757.9385	1005580.6799	940026.6830	875484.5325	812312.5478
15	1322124.4841	1260336.4608	1197168.5929	1133085.2700	1068541.9312	1003979.5864	939819.7426	876459.8187	814269.1200	753585.4271
16	1251453.1066	1190658.9773	1128717.3299	1066082.3264	1003196.9227	940487.5613	878359.3065	817191.4987	757333.9965	699104.0548
17	1184559.3185	1124833.6015	1064179.9479	1003041.4805	941847.9859	881010.7945	820918.1360	761931.0449	704379.8765	648561.4794
18	1121241.1970	1062647.3702	1003332.6604	943728.4407	884250.7472	825295.3594	767233.3873	710407.4358	655128.4013	601672.9407
19	1061307.6121	1003899.0939	945964.4766	887922.7700	830175.7774	773103.3882	717059.4056	662367.9771	609320.6757	558174.2658
20	1004577.6507	948398.7059	891876.4697	835417.0665	779407.6778	724212.0558	670166.6007	617577.0621	566715.9064	517820.3804
21	950880.0698	895966.6473	840881.0868	786016.1926	731744.2218	678412.6285	626340.3970	575815.0164	527090.1373	480383.9280
22	900052.7799	846433.2860	792801.4990	739536.5498	686995.5498	635509.5733	585380.2509	536877.0206	490235.0714	445653.9894
23	851942.3557	799638.3680	747470.9881	695805.3965	644983.4127	595319.7225	547098.7338	500572.1058	455956.9762	413434.8938
24	806403.5728	755430.4990	704732.3684	654660.2056	605540.4621	557671.4922	511320.6742	466722.2165	424075.6655	383545.1168
25	763298.9695	713666.6544	664437.4417	615948.0610	568509.5834	522404.1493	477882.3559	435161.3382	394423.5520	355816.2575
26	722498.4320	674211.7167	626446.4834	579525.0889	533743.2701	489367.1256	446630.7694	405734.6823	366844.7661	330092.0896
27	683878.8012	636938.0384	590627.7581	545255.9233	501103.0363	458419.3750	417422.9111	378297.9276	341194.3373	306227.6817
28	647323.5013	601725.0290	556857.0626	513013.2026	470458.8648	429428.7712	390125.1294	352716.5123	317337.4314	284088.5801
29	612722.1880	568458.7647	525017.2954	482677.0968	441688.6896	402271.5434	364612.5130	328864.9738	295148.6422	263550.0517
30	579970.4149	537031.6201	494998.0507	454134.8616	414677.9095	376831.7484	340768.3192	306626.3336	274511.3320	244496.3811
31	548969.3188	507341.9198	466695.2352	427280.4197	389318.9313	353000.7750	318483.4399	285891.5237	255317.0187	226820.2187
32	519625.3210	479293.6094	440010.7077	402013.9666	365510.7417	330676.8808	297655.9022	266558.8516	237464.8054	210421.9760
33	491849.8447	452795.9450	414851.9382	378241.5994	343158.5047	309764.7576	278190.4018	248533.5012	220860.8502	195209.2640
34	465559.0480	427763.1994	391131.6875	355874.9680	322173.1837	290175.1245	259997.8670	231727.0683	205417.8725	181096.3736
35	440673.5704	404114.3848	368767.7045	334830.9469	302471.1872	271824.3467	242995.0508	216057.1269	191054.6950	168003.7916
36	417118.2935	381772.9909	347682.4411	315031.3258	283974.0354	254634.0786	227104.1506	201446.8245	177695.8159	155857.7538
37	394822.1143	360666.7370	327802.7831	296402.5194	266608.0479	238530.9292	212252.4513	187824.5059	165271.0131	144589.8285
38	373717.7304	340727.3388	309059.7968	278875.2937	250304.0502	223446.1486	198371.9936	175123.3613	153714.9743	134136.5315
39	353741.4368	321890.2867	291388.4901	262384.5087	234997.0980	209315.3349	185399.2620	163281.0986	142966.9540	124438.9683
40	334832.9339	304094.6378	274727.5868	246868.8764	220626.2185	196078.1589	173274.8950	152239.6381	132970.4541	115442.5021
41	316935.1452	287282.8183	259019.3144	232270.7328	207134.1676	183678.1066	161943.4129	141944.8278	123672.9270	107096.4465
42	299994.0450	271400.4373	244209.2039	218535.8241	194467.2019	172062.2380	151352.9642	132346.1773	115025.4992	99353.7790
43	283958.4957	256396.1110	230245.9003	205613.1043	182574.8647	161180.9611	141455.0883	123396.6106	106982.7148	92170.8770
44	268780.0928	242221.2963	217080.9854	193454.5460	171409.7848	150987.8199	132204.4937	115052.2351	99502.2959	85507.2717
45	254413.0195	228830.1338	204668.8091	182014.9621	160927.4878	141439.2967	123558.8508	107272.1264	92544.9210	79325.4198
46	240813.9078	216179.2994	192966.3316	171251.8373	151086.2193	132494.6254	115478.5983	100018.1273	86074.0180	73590.4924
47	227941.7079	204227.8642	181932.9741	161125.1703	141846.7782	124115.6183	107926.7618	93254.6611	80055.5719	68270.1785
48	215757.5644	192937.1620	171530.4778	151597.3254	133172.3606	116266.5026	100868.7851	86948.5567	74457.9460	63334.5032
49	204224.6985	182270.6643	161722.7716	142632.8924	125028.4134	108913.7677	94272.3717	81068.8863	69251.7160	58755.6584
50	193308.2977	172193.8621	152475.8468	134198.5548	117382.4966	102026.0224	88107.3373	75586.8133	64409.5146	54507.8469
51	182975.4101	162674.1542	143757.6392	126262.9665	110204.1538	95573.8606	82345.4713	70475.4512	59905.8885	50567.1360
52	173194.8453	153680.7417	135537.9181	118796.6349	103464.7913	89529.7358	76960.4083	65709.7318	55717.1638	46911.3236
53	163937.0799	145184.5285	127788.1811	111771.8112	97137.5641	83867.8435	71927.5067	61266.2817	51821.3221	43519.8125
54	155174.1688	137158.0269	120481.5558	105162.3878	91197.2684	78564.0114	67223.7367	57123.3085	48197.8845	40373.4949
55	146879.6607	129575.2691	113592.7059	98943.8006	85620.2423	73595.5954	62827.5743	53260.4930	44827.8039	37454.6441
56	139028.5180	122411.7227	107097.7442	93092.9383	80384.2705	68941.3839	58718.9033	49658.8904	41693.3653	34746.8152
57	131597.0416	115644.2118	100974.1490	87588.0561	75468.4963	64581.5063	54878.9229	46300.8369	38778.0922	32234.7521
58	124562.7991	109250.8415	95200.6865	82408.6952	70853.3386	60497.3489	51290.0618	43169.8630	36066.6600	29904.3016
59	117904.5573	103210.9276	89757.3368	77535.6064	66520.4136	56671.4751	47935.8978	40250.6131	33544.8160	27742.3338
60	111602.2177	97504.9293	84625.2250	72950.6788	62452.4619	53087.5510	44801.0826	37528.7698	31199.3037	25736.6682
61	105636.7564	92114.3861	79786.5552	68636.8727	58633.2794	49730.2754	41871.2718	34990.9842	29017.7937	23876.0045
62	99990.1662	87021.8582	75224.5490	64578.1556	55047.6530	46585.3152	39133.0588	32624.8097	26988.8187	22149.8598
63	94645.4026	82210.8698	70923.3876	60759.4435	51681.3000	43639.2433	36573.9139	30418.6417	25101.7132	20548.5089
64	89586.3321	77665.8561	66868.1564	57166.5439	48520.8110	40879.4821	34182.1269	28361.6600	23346.5575	19062.9295
65	84797.6836	73372.1126	63044.7937	53786.1040	45553.5968	38294.2491	31946.7531	26443.7763	21714.1252	17684.7519
66	80265.0021	69315.7481	59440.0418	50605.5602	42767.8379	35872.5072	29857.5637	24655.5846	20195.8356	16406.2113
67	75974.6056	65483.6389	56041.4010	47613.0921	40152.4378	33603.9172	27904.9990	22988.3147	18783.7074	15220.1044
68	71913.5432	61863.3872	52837.0865	44797.5782	37696.9783	31478.7935	26080.1241	21433.7896	17470.3176	14119.7485
69	68069.5563	58443.2806	49815.9872	42148.5546	35391.6786	29488.0635	24374.5888	19984.3852	16248.7624	13098.9441
70	64431.0417	55212.2539	46967.6271	39656.1763	33227.3559	27623.2279	22780.5886	18632.9930	15112.6205	12151.9401
71	60987.0162	52159.8540	44282.1295	37311.1802	31195.3890	25876.3251	21290.8296	17372.9853	14055.9196	11273.4008
72	57727.0838	49276.2055	41750.1822	35104.8512	29287.6839	24239.8972	19898.4949	16198.1822	13073.1050	10458.3766
73	54641.4042	46551.9790	39363.0058	33028.9894	27496.6414	22706.9575	18597.2132	15102.8222	12159.0106	9702.2756
74	51720.6631	43978.3608	37112.3224	31075.8800	25815.1274	21270.9614	17381.0302	14081.5331	11308.8313	9000.8378
75	48956.0441	41547.0248	34990.3277	29238.2642	24236.4437	19925.7783	16244.3806	13129.3059	10518.0980	8350.1114
76	46339.2019	39250.1047	32989.6637	27509.3124	22754.3019	18665.6650	15182.0634	12241.4707	9782.6542	7746.4299
77	43862.2375	37080.1694	31103.3929	25882.5991	21362.7982	17485.2417	14189.2174	11413.6730	9098.6338	7186.3924
78	41517.6741	35030.1987	29324.9746	24352.0785	20056.3897	16379.4688	13261.2996	10641.8530	8462.4414	6666.8434
79	39298.4343	33093.5602	27648.2421	22912.0625	18829.8726	15343.6254	12394.0639	9922.2253	7870.7327	6184.8559
80	37197.8194	31263.9884	26067.3811	21557.1992	17678.3613	14373.2891	11583.5419	9251.2606	7320.3973	5737.7142
81	35209.4883	29535.5642	24576.9100	20282.4533	16597.2688	13464.3172	10826.0248	8625.6681	6808.5423	5322.8992
82	33327.4393	27902.6957	23171.6606	19083.0872	15582.2888	12612.8290	10118.0462	8042.3797	6332.4771	4938.0738
83	31545.9913	26360.0999	21846.7599	17954.6434	14629.3783	11815.1892	9456.3667	7498.5346	5889.6992	4581.0697
84	29859.7668	24902.7864	20597.6140	16892.9281	13734.7416	11067.9925	8837.9583	6991.4657	5477.8811	4249.8758
85	28263.6759	23526.0401	19419.8912	15893.9954	12894.8150	10368.0487	8259.9913	6518.6860	5094.8580	3942.6258
86	26752.9007	22225.4071	18309.5079	14954.1328	12106.2528	9712.3696	7719.8210	6077.8768	4738.6166	3657.5889
87	25322.8808	20996.6793	17262.6136	14069.8473	11365.9138	9098.1559	7214.9757	5666.8761	4407.2843	3393.1591
88	23969.2996	19835.8815	16275.5783	13237.8524	10670.8492	8522.7853	6743.1453	5283.6683	4099.1192	3147.8465
89	22688.0712	18739.2582	15344.9793	12455.0560	10018.2901	7983.8014	6302.1707	4926.3740	3812.5016	2920.2692
90	21475.3282	17703.2616	14467.5897	11718.5488	9405.6373	7478.9029	5890.0340	4593.2407	3545.9248	2709.1448
91	20327.4098	16724.5398	13640.3672	11025.5937	8830.4502	7005.9345	5504.8495	4282.6348	3297.9876	2513.2838
92	19240.8509	15799.9265	12860.4433	10373.6152	8290.4379	6562.8767	5144.8544	3993.0327	3067.3865	2331.5829
93	18212.3718	14926.4303	12125.1137	9760.1902	7783.4491	6147.8380	4808.4016	3723.0142	2852.9095	2163.0183
94	17238.8678	14101.2252	11431.8284	9183.0391	7307.4645	5759.0466	4493.9515	3471.2551	2653.4290	2006.6403
95	16317.4005	13321.6414	10778.1836	8640.0167	6860.5879	5394.8424	4200.0651	3236.5204	2467.8966	1861.5678
96	15445.1883	12585.1567	10161.9126	8129.1050	6441.0394	5053.6707	3925.3977	3017.6591	2295.3370	1726.9835
97	14619.5983	11889.3885	9580.8785	7648.4051	6047.1478	4734.0747	3668.6925	2813.5978	2134.8430	1602.1291
98	13838.1385	11232.0857	9033.0666	7196.1305	5677.3439	4434.6902	3428.7747	2623.3355	1985.5710	1486.3013
99	13098.4499	10611.1218	8516.5772	6770.6004	5330.1548	4154.2388	3204.5466	2445.9393	1846.7364	1378.8473
100	12398.2999	10024.4878	8029.6195	6370.2332	5004.1976	3891.5233	2994.9821	2280.5390	1717.6094	1279.1619
101	11735.5749	9470.2857	7570.5049	5993.5410	4698.1737	3645.4220	2799.1223	2126.3235	1597.5111	1186.6833
102	11108.2745	8946.7226	7137.6414	5639.1238	4410.8642	3414.8842	2616.0710	1982.5364	1485.8103	1100.8906
103	10514.5051	8452.1046	6729.5280	5305.6645	4141.1247	3198.9257	2444.9904	1848.4725	1381.9199	1021.3004
104	9952.4744	7984.8314	6344.7495	4991.9236	3887.8807	2996.6245	2285.0979	1723.4743	1285.2936	947.4642
105	9420.4858	7543.3914	5981.9718	4696.7353	3650.1235	2807.1169	2135.6617	1606.9288	1195.4236	878.9662
106	8916.9336	7126.3563	5639.9368	4419.0023	3426.9059	2629.5938	1995.9980	1498.2645	1111.8375	815.4202
107	8440.2977	6732.3769	5317.4586	4157.6926	3217.3388	2463.2974	1865.4677	1396.9482	1034.0959	756.4684
108	7989.1394	6360.1786	5013.4189	3911.8350	3020.5875	2307.5176	1743.4736	1302.4832	961.7901	701.7786
109	7562.0968	6008.5573	4726.7635	3680.5158	2835.8682	2161.5894	1629.4575	1214.4062	894.5400	651.0427
110	7157.8809	5676.3752	4456.4983	3462.8751	2662.4451	2024.8897	1522.8975	1132.2851	831.9922	603.9748
111	6775.2714	5362.5578	4201.6863	3258.1043	2499.6275	1896.8349	1423.3061	1055.7173	773.8179	560.3097
112	6413.1136	5066.0897	3961.4439	3065.4422	2346.7667	1776.8784	1330.2276	984.3271	719.7112	519.8014
113	6070.3141	4786.0118	3734.9379	2884.1728	2203.2538	1664.5080	1243.2361	917.7646	669.3877	482.2217
114	5745.8383	4521.4180	3521.3830	2713.6225	2068.5173	1559.2439	1161.9334	855.7031	622.5830	447.3589
115	5438.7066	4271.4522	3320.0387	2553.1573	1942.0204	1460.6368	1085.9476	797.8384	579.0509	415.0166
116	5147.9920	4035.3057	3130.2067	2402.1810	1823.2591	1368.2656	1014.9310	743.8867	538.5626	385.0125
117	4872.8169	3812.2145	2951.2289	2260.1324	1711.7606	1281.7360	948.5586	693.5833	500.9054	357.1775
118	4612.3508	3601.4569	2782.4846	2126.4836	1607.0805	1200.6786	886.5267	646.6815	465.8812	331.3549
119	4365.8073	3402.3510	2623.3888	2000.7378	1508.8021	1124.7472	828.5514	602.9513	433.3060	307.3992
120	4132.4423	3214.2526	2473.3896	1882.4278	1416.5336	1053.6178	774.3675	562.1783	403.0084	285.1754
121	3911.5513	3036.5532	2331.9671	1771.1138	1329.9077	986.9866	723.7269	524.1625	374.8294	264.5583
122	3702.4675	2868.6779	2198.6307	1666.3822	1248.5793	924.5693	676.3981	488.7173	348.6207	245.4318
123	3504.5599	2710.0835	2072.9182	1567.8437	1172.2244	866.0992	632.1644	455.6691	324.2445	227.6880
124	3317.2311	2560.2570	1954.3937	1475.1322	1100.5388	811.3268	590.8234	424.8557	301.5728	211.2270
125	3139.9155	2418.7136	1842.6461	1387.9029	1033.2371	760.0182	552.1859	396.1259	280.4863	195.9561
126	2972.0779	2284.9955	1737.2879	1305.8318	970.0511	711.9543	516.0752	369.3389	260.8742	181.7892
127	2813.2118	2158.6699	1637.9539	1228.6138	910.7292	666.9301	482.3259	344.3633	242.6334	168.6465
128	2662.8374	2039.3282	1544.2996	1155.9619	855.0349	624.7532	450.7837	321.0766	225.6680	156.4540
129	2520.5011	1926.5843	1456.0002	1087.6062	802.7466	585.2436	421.3043	299.3647	209.8889	145.1430
130	2385.7730	1820.0734	1372.7496	1023.2926	753.6559	548.2326	393.7527	279.1209	195.2131	134.6497
131	2258.2465	1719.4510	1294.2590	962.7820	707.5673	513.5622	368.0028	260.2461	181.5635	124.9150
132	2137.5367	1624.3914	1220.2563	905.8497	664.2971	481.0843	343.9369	242.6476	168.8682	115.8842
133	2023.2792	1534.5872	1150.4850	852.2839	623.6730	450.6604	321.4448	226.2392	157.0607	107.5062
134	1915.1291	1449.7478	1084.7030	801.8856	585.5333	422.1604	300.4236	210.9404	146.0787	99.7339
135	1812.7599	1369.5988	1022.6822	754.4676	549.7259	395.4629	280.7771	196.6761	135.8646	92.5235
136	1715.8626	1293.8807	964.2077	709.8535	516.1083	370.4537	262.4154	183.3764	126.3648	85.8344
137	1624.1448	1222.3488	909.0766	667.8776	484.5465	347.0260	245.2545	170.9760	117.5291	79.6289
138	1537.3296	1154.7714	857.0977	628.3839	454.9148	325.0800	229.2159	159.4142	109.3113	73.8720
139	1455.1549	1090.9301	808.0909	591.2255	427.0952	304.5218	214.2261	148.6342	101.6680	68.5314
140	1377.3726	1030.6182	761.8862	556.2645	400.9769	285.2637	200.2165	138.5832	94.5592	63.5768
141	1303.7481	973.6407	718.3233	523.3708	376.4558	267.2236	187.1232	129.2119	87.9475	58.9804
142	1234.0590	919.8131	677.2513	492.4222	353.4342	250.3242	174.8861	120.4743	81.7980	54.7164
143	1168.0950	868.9614	638.5277	463.3037	331.8205	234.4937	163.4492	112.3275	76.0786	50.7606
144	1105.6569	820.9210	602.0182	435.9071	311.5285	219.6642	152.7603	104.7317	70.7590	47.0908
145	1046.5563	775.5365	567.5962	410.1305	292.4775	205.7726	142.7704	97.6495	65.8114	43.6863
146	990.6149	732.6611	535.1424	385.8782	274.5915	192.7594	133.4338	91.0462	61.2098	40.5280
147	937.6636	692.1561	504.5442	363.0600	257.7993	180.5692	124.7078	84.8894	56.9299	37.5979
148	887.5428	653.8904	475.6956	341.5911	242.0340	169.1500	116.5524	79.1490	52.9492	34.8797
149	840.1011	617.7401	448.4964	321.3917	227.2328	158.4529	108.9303	73.7967	49.2469	32.3581
150	795.1953	583.5885	422.8525	302.3868	213.3367	148.4323	101.8067	68.8064	45.8035	30.0187
151	752.6898	551.3249	398.6748	284.5057	200.2904	139.0454	95.1490	64.1536	42.6008	27.8485
152	712.4563	520.8450	375.8795	267.6820	188.0420	130.2521	88.9266	59.8153	39.6221	25.8351
153	674.3735	492.0502	354.3876	251.8531	176.5426	122.0149	83.1112	55.7705	36.8517	23.9673
154	638.3263	464.8473	334.1246	236.9602	165.7464	114.2986	77.6760	51.9992	34.2749	22.2346
155	604.2059	439.1483	315.0201	222.9480	155.6104	107.0703	72.5963	48.4828	31.8784	20.6271
156	571.9093	414.8700	297.0080	209.7644	146.0943	100.2992	67.8488	45.2043	29.6494	19.1359
157	541.3391	391.9340	280.0258	197.3603	137.1601	93.9562	63.4118	42.1475	27.5762	17.7524
158	512.4030	370.2660	264.0146	185.6898	128.7723	88.0144	59.2649	39.2974	25.6481	16.4690
159	485.0136	349.7959	248.9188	174.7094	120.8975	82.4483	55.3892	36.6400	23.8547	15.2783
160	459.0882	330.4575	234.6863	164.3782	113.5042	77.2343	51.7670	34.1623	22.1867	14.1738
161	434.5486	312.1882	221.2675	154.6580	106.5630	72.3499	48.3816	31.8522	20.6354	13.1491
162	411.3207	294.9289	208.6159	145.5126	100.0463	67.7745	45.2177	29.6983	19.1925	12.1984
163	389.3344	278.6239	196.6877	136.9080	93.9281	63.4884	42.2606	27.6900	17.8506	11.3165
164	368.5234	263.2202	185.4416	128.8122	88.1841	59.4734	39.4969	25.8175	16.6024	10.4984
165	348.8247	248.6681	174.8385	121.1951	82.7913	55.7123	36.9140	24.0717	15.4416	9.7394
166	330.1790	234.9205	164.8416	114.0285	77.7284	52.1890	34.5000	22.4439	14.3619	9.0353
167	312.5300	221.9330	155.4164	107.2856	72.9750	48.8886	32.2438	20.9262	13.3577	8.3821
168	295.8244	209.6635	146.5300	100.9414	68.5123	45.7968	30.1352	19.5111	12.4237	7.7761
169	280.0117	198.0722	138.1518	94.9725	64.3226	42.9006	28.1645	18.1917	11.5550	7.2139
170	265.0443	187.1219	130.2526	89.3564	60.3890	40.1876	26.3226	16.9616	10.7470	6.6923
171	250.8769	176.7769	122.8051	84.0725	56.6960	37.6461	24.6012	15.8146	9.9956	6.2085
172	237.4668	167.0038	115.7834	79.1010	53.2289	35.2653	22.9924	14.7452	9.2967	5.7597
173	224.7735	157.7710	109.1632	74.4235	49.9737	33.0352	21.4888	13.7480	8.6466	5.3433
174	212.7587	149.0487	102.9215	70.0226	46.9177	30.9460	20.0835	12.8184	8.0420	4.9570
175	201.3861	140.8085	97.0367	65.8820	44.0485	28.9890	18.7701	11.9516	7.4797	4.5986
176	190.6215	133.0240	91.4883	61.9862	41.3548	27.1557	17.5426	11.1434	6.9567	4.2661
177	180.4322	125.6698	86.2572	58.3207	38.8258	25.4384	16.3954	10.3898	6.4703	3.9577
178	170.7876	118.7221	81.3253	54.8720	36.4515	23.8296	15.3232	9.6872	6.0179	3.6716
179	161.6585	112.1586	76.6753	51.6273	34.2223	22.3226	14.3212	9.0322	5.5971	3.4061
180	153.0174	105.9579	72.2912	48.5744	32.1295	20.9109	13.3846	8.4214	5.2058	3.1599
181	144.8382	100.1001	68.1577	45.7020	30.1647	19.5885	12.5093	7.8519	4.8418	2.9314
182	137.0961	94.5660	64.2606	42.9995	28.3200	18.3497	11.6913	7.3210	4.5032	2.7195
183	129.7680	89.3380	60.5864	40.4568	26.5881	17.1893	10.9267	6.8259	4.1883	2.5229
184	122.8315	84.3989	57.1222	38.0645	24.9622	16.1022	10.2121	6.3643	3.8955	2.3405
185	116.2658	79.7330	53.8561	35.8136	23.4357	15.0839	9.5443	5.9339	3.6231	2.1713
186	110.0510	75.3249	50.7767	33.6958	22.0025	14.1300	8.9201	5.5327	3.3698	2.0143
187	104.1685	71.1606	47.8734	31.7033	20.6570	13.2364	8.3368	5.1585	3.1342	1.8687
188	98.6004	67.2265	45.1361	29.8286	19.3937	12.3993	7.7916	4.8097	2.9150	1.7336
189	93.3299	63.5099	42.5553	28.0647	18.2077	11.6152	7.2821	4.4845	2.7112	1.6083
190	88.3412	59.9988	40.1221	26.4052	17.0943	10.8807	6.8058	4.1812	2.5216	1.4920
191	83.6191	56.6817	37.8280	24.8437	16.0489	10.1926	6.3608	3.8985	2.3453	1.3841
192	79.1494	53.5481	35.6651	23.3747	15.0674	9.5480	5.9448	3.6348	2.1813	1.2841
193	74.9186	50.5877	33.6259	21.9924	14.1460	8.9442	5.5560	3.3890	2.0288	1.1912
194	70.9140	47.7910	31.7032	20.6919	13.2809	8.3785	5.1927	3.1599	1.8869	1.1051
195	67.1234	45.1489	29.8905	19.4684	12.4688	7.8487	4.8531	2.9462	1.7550	1.0252
196	63.5355	42.6528	28.1814	18.3171	11.7063	7.3523	4.5357	2.7470	1.6323	0.9511
197	60.1393	40.2948	26.5701	17.2340	10.9904	6.8874	4.2391	2.5612	1.5182	0.8823
198	56.9247	38.0671	25.0509	16.2149	10.3183	6.4518	3.9619	2.3880	1.4120	0.8185
199	53.8819	35.9625	23.6185	15.2561	9.6873	6.0438	3.7028	2.2265	1.3133	0.7594
200	51.0018	33.9744	22.2681	14.3539	9.0949	5.6616	3.4607	2.0760	1.2214	0.7045
201	48.2756	32.0961	20.9948	13.5051	8.5387	5.3035	3.2343	1.9356	1.1360	0.6535
202	45.6951	30.3217	19.7944	12.7065	8.0165	4.9681	3.0228	1.8047	1.0566	0.6063
203	43.2526	28.6453	18.6626	11.9551	7.5263	4.6539	2.8251	1.6827	0.9827	0.5625
204	40.9406	27.0617	17.5955	11.2482	7.0660	4.3596	2.6404	1.5689	0.9140	0.5218
205	38.7522	25.5656	16.5895	10.5831	6.6339	4.0839	2.4677	1.4628	0.8501	0.4841
206	36.6808	24.1522	15.6409	9.9572	6.2282	3.8257	2.3063	1.3639	0.7907	0.4491
207	34.7201	22.8169	14.7466	9.3684	5.8473	3.5837	2.1555	1.2716	0.7354	0.4166
208	32.8642	21.5555	13.9034	8.8145	5.4898	3.3571	2.0146	1.1856	0.6840	0.3865
209	31.1075	20.3638	13.1085	8.2932	5.1540	3.1448	1.8828	1.1055	0.6361	0.3585
210	29.4447	19.2380	12.3589	7.8028	4.8389	2.9459	1.7597	1.0307	0.5917	0.3326
211	27.8708	18.1744	11.6523	7.3414	4.5429	2.7596	1.6446	0.9610	0.5503	0.3086
212	26.3811	17.1697	10.9860	6.9073	4.2651	2.5851	1.5371	0.8960	0.5118	0.2863
213	24.9709	16.2204	10.3579	6.4988	4.0043	2.4216	1.4365	0.8354	0.4760	0.2656
214	23.6361	15.3237	9.7656	6.1145	3.7594	2.2685	1.3426	0.7789	0.4427	0.2464
215	22.3727	14.4765	9.2073	5.7530	3.5295	2.1250	1.2548	0.7263	0.4118	0.2286
216	21.1768	13.6762	8.6808	5.4128	3.3137	1.9906	1.1727	0.6772	0.3830	0.2120
217	20.0449	12.9201	8.1845	5.0927	3.1110	1.8647	1.0960	0.6314	0.3562	0.1967
218	18.9734	12.2058	7.7165	4.7916	2.9208	1.7468	1.0244	0.5887	0.3313	0.1825
219	17.9592	11.5310	7.2753	4.5082	2.7422	1.6363	0.9574	0.5489	0.3081	0.1693
220	16.9993	10.8935	6.8593	4.2416	2.5745	1.5329	0.8948	0.5117	0.2866	0.1571
221	16.0906	10.2913	6.4671	3.9908	2.4170	1.4359	0.8363	0.4771	0.2666	0.1457
222	15.2305	9.7223	6.0973	3.7548	2.2692	1.3451	0.7816	0.4449	0.2479	0.1352
223	14.4164	9.1848	5.7487	3.5328	2.1305	1.2600	0.7305	0.4148	0.2306	0.1254
224	13.6458	8.6771	5.4200	3.3239	2.0002	1.1804	0.6827	0.3867	0.2145	0.1163
225	12.9164	8.1974	5.1101	3.1273	1.8779	1.1057	0.6380	0.3606	0.1995	0.1079
226	12.2260	7.7442	4.8179	2.9424	1.7630	1.0358	0.5963	0.3362	0.1855	0.1001
227	11.5725	7.3160	4.5424	2.7684	1.6552	0.9703	0.5573	0.3135	0.1725	0.0929
228	10.9539	6.9116	4.2827	2.6047	1.5540	0.9089	0.5209	0.2923	0.1605	0.0862
229	10.3684	6.5295	4.0378	2.4507	1.4590	0.8514	0.4868	0.2725	0.1493	0.0799
230	9.8141	6.1685	3.8070	2.3058	1.3697	0.7976	0.4550	0.2541	0.1388	0.0742
231	9.2895	5.8275	3.5893	2.1694	1.2860	0.7472	0.4252	0.2369	0.1291	0.0688
232	8.7930	5.5053	3.3841	2.0411	1.2073	0.6999	0.3974	0.2209	0.1201	0.0638
233	8.3230	5.2009	3.1906	1.9204	1.1335	0.6556	0.3714	0.2059	0.1117	0.0592
234	7.8781	4.9134	3.0081	1.8069	1.0642	0.6142	0.3471	0.1920	0.1039	0.0549
235	7.4570	4.6418	2.8361	1.7000	0.9991	0.5753	0.3244	0.1790	0.0966	0.0510
236	7.0584	4.3851	2.6740	1.5995	0.9380	0.5390	0.3032	0.1669	0.0899	0.0473
237	6.6811	4.1427	2.5211	1.5049	0.8806	0.5049	0.2834	0.1556	0.0836	0.0439
238	6.3240	3.9137	2.3769	1.4159	0.8268	0.4729	0.2649	0.1451	0.0777	0.0407
239	5.9859	3.6973	2.2410	1.3322	0.7762	0.4430	0.2475	0.1353	0.0723	0.0377
240	5.6660	3.4929	2.1129	1.2534	0.7288	0.4150	0.2313	0.1262	0.0672	0.0350
241	5.3631	3.2998	1.9921	1.1793	0.6842	0.3888	0.2162	0.1176	0.0625	0.0325
242	5.0764	3.1174	1.8782	1.1096	0.6423	0.3642	0.2021	0.1097	0.0582	0.0301
243	4.8051	2.9450	1.7708	1.0440	0.6031	0.3412	0.1889	0.1023	0.0541	0.0280
244	4.5482	2.7822	1.6695	0.9822	0.5662	0.3196	0.1765	0.0953	0.0503	0.0259
245	4.3051	2.6284	1.5741	0.9241	0.5316	0.2994	0.1650	0.0889	0.0468	0.0241
246	4.0750	2.4831	1.4841	0.8695	0.4991	0.2804	0.1542	0.0829	0.0435	0.0223
247	3.8572	2.3458	1.3992	0.8181	0.4685	0.2627	0.1441	0.0773	0.0405	0.0207
248	3.6510	2.2161	1.3192	0.7697	0.4399	0.2461	0.1347	0.0720	0.0377	0.0192
249	3.4558	2.0936	1.2438	0.7242	0.4130	0.2305	0.1259	0.0672	0.0350	0.0178
250	3.2711	1.9779	1.1727	0.6814	0.3877	0.2159	0.1176	0.0626	0.0326	0.0165
251	3.0963	1.8685	1.1056	0.6411	0.3640	0.2023	0.1099	0.0584	0.0303	0.0153
252	2.9308	1.7652	1.0424	0.6032	0.3418	0.1895	0.1028	0.0544	0.0282	0.0142
253	2.7741	1.6676	0.9828	0.5675	0.3209	0.1775	0.0960	0.0508	0.0262	0.0132
254	2.6258	1.5754	0.9266	0.5339	0.3012	0.1663	0.0898	0.0473	0.0244	0.0122
255	2.4855	1.4883	0.8736	0.5024	0.2828	0.1558	0.0839	0.0441	0.0227	0.0114
256	2.3526	1.4061	0.8237	0.4727	0.2655	0.1459	0.0784	0.0411	0.0211	0.0105
257	2.2269	1.3283	0.7766	0.4447	0.2493	0.1367	0.0733	0.0384	0.0196	0.0098
258	2.1078	1.2549	0.7322	0.4184	0.2340	0.1280	0.0685	0.0358	0.0182	0.0091
259	1.9952	1.1855	0.6903	0.3937	0.2197	0.1199	0.0640	0.0334	0.0170	0.0084
260	1.8885	1.1200	0.6508	0.3704	0.2063	0.1124	0.0598	0.0311	0.0158	0.0078
261	1.7876	1.0580	0.6136	0.3485	0.1937	0.1053	0.0559	0.0290	0.0147	0.0072
262	1.6920	0.9996	0.5785	0.3279	0.1818	0.0986	0.0522	0.0270	0.0136	0.0067
263	1.6016	0.9443	0.5455	0.3085	0.1707	0.0924	0.0488	0.0252	0.0127	0.0062
264	1.5160	0.8921	0.5143	0.2902	0.1603	0.0865	0.0456	0.0235	0.0118	0.0058
265	1.4349	0.8428	0.4849	0.2731	0.1505	0.0811	0.0427	0.0219	0.0110	0.0054
266	1.3582	0.7962	0.4571	0.2569	0.1413	0.0759	0.0399	0.0204	0.0102	0.0050
267	1.2856	0.7522	0.4310	0.2417	0.1326	0.0711	0.0373	0.0190	0.0095	0.0046
268	1.2169	0.7106	0.4064	0.2274	0.1245	0.0666	0.0348	0.0178	0.0088	0.0043
269	1.1519	0.6713	0.3831	0.2140	0.1169	0.0624	0.0325	0.0166	0.0082	0.0040
270	1.0903	0.6342	0.3612	0.2013	0.1098	0.0585	0.0304	0.0154	0.0076	0.0037
271	1.0320	0.5991	0.3406	0.1894	0.1030	0.0548	0.0284	0.0144	0.0071	0.0034
272	0.9768	0.5660	0.3211	0.1782	0.0967	0.0513	0.0266	0.0134	0.0066	0.0032
273	0.9246	0.5347	0.3027	0.1677	0.0908	0.0481	0.0248	0.0125	0.0061	0.0029
274	0.8752	0.5051	0.2854	0.1578	0.0853	0.0450	0.0232	0.0117	0.0057	0.0027
275	0.8284	0.4772	0.2691	0.1485	0.0801	0.0422	0.0217	0.0109	0.0053	0.0025
276	0.7841	0.4508	0.2537	0.1397	0.0752	0.0395	0.0203	0.0101	0.0049	0.0023
277	0.7422	0.4259	0.2392	0.1314	0.0706	0.0370	0.0189	0.0095	0.0046	0.0022
278	0.7026	0.4024	0.2255	0.1236	0.0662	0.0347	0.0177	0.0088	0.0043	0.0020
279	0.6650	0.3801	0.2126	0.1163	0.0622	0.0325	0.0165	0.0082	0.0040	0.0019
280	0.6295	0.3591	0.2005	0.1095	0.0584	0.0304	0.0155	0.0077	0.0037	0.0017
281	0.5958	0.3393	0.1890	0.1030	0.0548	0.0285	0.0145	0.0071	0.0034	0.0016
282	0.5640	0.3205	0.1782	0.0969	0.0515	0.0267	0.0135	0.0067	0.0032	0.0015
283	0.5338	0.3028	0.1680	0.0912	0.0483	0.0250	0.0126	0.0062	0.0030	0.0014
284	0.5053	0.2860	0.1584	0.0858	0.0454	0.0234	0.0118	0.0058	0.0028	0.0013
285	0.4783	0.2702	0.1494	0.0807	0.0426	0.0219	0.0110	0.0054	0.0026	0.0012
286	0.4527	0.2553	0.1408	0.0759	0.0400	0.0206	0.0103	0.0050	0.0024	0.0011
287	0.4285	0.2412	0.1328	0.0714	0.0375	0.0193	0.0096	0.0047	0.0022	0.0010
288	0.4056	0.2278	0.1252	0.0672	0.0352	0.0180	0.0090	0.0044	0.0021	0.0010
289	0.3839	0.2152	0.1180	0.0632	0.0331	0.0169	0.0084	0.0041	0.0019	0.0009
290	0.3634	0.2033	0.1113	0.0595	0.0311	0.0158	0.0079	0.0038	0.0018	0.0008
291	0.3440	0.1921	0.1049	0.0560	0.0292	0.0148	0.0073	0.0035	0.0017	0.0008
292	0.3256	0.1815	0.0989	0.0527	0.0274	0.0139	0.0069	0.0033	0.0016	0.0007
293	0.3082	0.1714	0.0933	0.0496	0.0257	0.0130	0.0064	0.0031	0.0014	0.0007
294	0.2917	0.1620	0.0879	0.0466	0.0241	0.0122	0.0060	0.0029	0.0013	0.0006
295	0.2761	0.1530	0.0829	0.0439	0.0227	0.0114	0.0056	0.0027	0.0012	0.0006
296	0.2614	0.1446	0.0782	0.0413	0.0213	0.0107	0.0052	0.0025	0.0012	0.0005
297	0.2474	0.1366	0.0737	0.0388	0.0200	0.0100	0.0049	0.0023	0.0011	0.0005
298	0.2342	0.1290	0.0695	0.0365	0.0188	0.0094	0.0046	0.0022	0.0010	0.0005
299	0.2216	0.1219	0.0655	0.0344	0.0176	0.0088	0.0043	0.0020	0.0009	0.0004
300	0.2098	0.1151	0.0618	0.0323	0.0165	0.0082	0.0040	0.0019	0.0009	0.0004
301	0.1986	0.1088	0.0582	0.0304	0.0155	0.0077	0.0037	0.0018	0.0008	0.0004
302	0.1880	0.1028	0.0549	0.0286	0.0146	0.0072	0.0035	0.0016	0.0008	0.0003
303	0.1779	0.0971	0.0518	0.0269	0.0137	0.0068	0.0033	0.0015	0.0007	0.0003
304	0.1684	0.0917	0.0488	0.0253	0.0128	0.0063	0.0031	0.0014	0.0006	0.0003
305	0.1594	0.0866	0.0460	0.0238	0.0121	0.0059	0.0029	0.0013	0.0006	0.0003
306	0.1509	0.0819	0.0434	0.0224	0.0113	0.0056	0.0027	0.0012	0.0006	0.0002
307	0.1428	0.0773	0.0409	0.0211	0.0106	0.0052	0.0025	0.0012	0.0005	0.0002
308	0.1352	0.0731	0.0386	0.0199	0.0100	0.0049	0.0023	0.0011	0.0005	0.0002
309	0.1280	0.0690	0.0364	0.0187	0.0094	0.0046	0.0022	0.0010	0.0005	0.0002
310	0.1211	0.0652	0.0343	0.0176	0.0088	0.0043	0.0020	0.0009	0.0004	0.0002
311	0.1146	0.0616	0.0323	0.0165	0.0083	0.0040	0.0019	0.0009	0.0004	0.0002
312	0.1085	0.0582	0.0305	0.0156	0.0078	0.0038	0.0018	0.0008	0.0004	0.0002
313	0.1027	0.0550	0.0287	0.0146	0.0073	0.0035	0.0017	0.0008	0.0003	0.0001
314	0.0972	0.0519	0.0271	0.0138	0.0068	0.0033	0.0016	0.0007	0.0003	0.0001
315	0.0920	0.0491	0.0255	0.0130	0.0064	0.0031	0.0014	0.0007	0.0003	0.0001
316	0.0871	0.0464	0.0241	0.0122	0.0060	0.0029	0.0014	0.0006	0.0003	0.0001
317	0.0825	0.0438	0.0227	0.0115	0.0057	0.0027	0.0013	0.0006	0.0003	0.0001
318	0.0780	0.0414	0.0214	0.0108	0.0053	0.0025	0.0012	0.0005	0.0002	0.0001
319	0.0739	0.0391	0.0202	0.0102	0.0050	0.0024	0.0011	0.0005	0.0002	0.0001
320	0.0699	0.0369	0.0190	0.0096	0.0047	0.0022	0.0010	0.0005	0.0002	0.0001
321	0.0662	0.0349	0.0179	0.0090	0.0044	0.0021	0.0010	0.0004	0.0002	0.0001
322	0.0627	0.0330	0.0169	0.0085	0.0041	0.0020	0.0009	0.0004	0.0002	0.0001
323	0.0593	0.0311	0.0159	0.0080	0.0039	0.0018	0.0008	0.0004	0.0002	0.0001
324	0.0561	0.0294	0.0150	0.0075	0.0036	0.0017	0.0008	0.0004	0.0002	0.0001
325	0.0531	0.0278	0.0142	0.0070	0.0034	0.0016	0.0007	0.0003	0.0001	0.0001
326	0.0503	0.0262	0.0134	0.0066	0.0032	0.0015	0.0007	0.0003	0.0001	0.0001
327	0.0476	0.0248	0.0126	0.0062	0.0030	0.0014	0.0006	0.0003	0.0001	0.0001
328	0.0451	0.0234	0.0119	0.0059	0.0028	0.0013	0.0006	0.0003	0.0001	0.0000
329	0.0427	0.0221	0.0112	0.0055	0.0027	0.0012	0.0006	0.0002	0.0001	0.0000
330	0.0404	0.0209	0.0106	0.0052	0.0025	0.0012	0.0005	0.0002	0.0001	0.0000
331	0.0382	0.0198	0.0100	0.0049	0.0023	0.0011	0.0005	0.0002	0.0001	0.0000
332	0.0362	0.0187	0.0094	0.0046	0.0022	0.0010	0.0005	0.0002	0.0001	0.0000
333	0.0342	0.0176	0.0088	0.0043	0.0021	0.0010	0.0004	0.0002	0.0001	0.0000
334	0.0324	0.0167	0.0083	0.0041	0.0019	0.0009	0.0004	0.0002	0.0001	0.0000
335	0.0307	0.0157	0.0079	0.0038	0.0018	0.0008	0.0004	0.0002	0.0001	0.0000
336	0.0290	0.0149	0.0074	0.0036	0.0017	0.0008	0.0004	0.0002	0.0001	0.0000
337	0.0275	0.0140	0.0070	0.0034	0.0016	0.0007	0.0003	0.0001	0.0001	0.0000
338	0.0260	0.0133	0.0066	0.0032	0.0015	0.0007	0.0003	0.0001	0.0001	0.0000
339	0.0246	0.0125	0.0062	0.0030	0.0014	0.0006	0.0003	0.0001	0.0001	0.0000
340	0.0233	0.0118	0.0059	0.0028	0.0013	0.0006	0.0003	0.0001	0.0000	0.0000
341	0.0221	0.0112	0.0055	0.0027	0.0012	0.0006	0.0002	0.0001	0.0000	0.0000
342	0.0209	0.0106	0.0052	0.0025	0.0012	0.0005	0.0002	0.0001	0.0000	0.0000
343	0.0198	0.0100	0.0049	0.0024	0.0011	0.0005	0.0002	0.0001	0.0000	0.0000
344	0.0187	0.0094	0.0046	0.0022	0.0010	0.0005	0.0002	0.0001	0.0000	0.0000
345	0.0177	0.0089	0.0044	0.0021	0.0010	0.0004	0.0002	0.0001	0.0000	0.0000
346	0.0168	0.0084	0.0041	0.0020	0.0009	0.0004	0.0002	0.0001	0.0000	0.0000
347	0.0159	0.0080	0.0039	0.0018	0.0009	0.0004	0.0002	0.0001	0.0000	0.0000
348	0.0150	0.0075	0.0037	0.0017	0.0008	0.0004	0.0002	0.0001	0.0000	0.0000
349	0.0142	0.0071	0.0034	0.0016	0.0008	0.0003	0.0001	0.0001	0.0000	0.0000
350	0.0135	0.0067	0.0033	0.0015	0.0007	0.0003	0.0001	0.0001	0.0000	0.0000
351	0.0127	0.0063	0.0031	0.0014	0.0007	0.0003	0.0001	0.0001	0.0000	0.0000
352	0.0121	0.0060	0.0029	0.0014	0.0006	0.0003	0.0001	0.0000	0.0000	0.0000
353	0.0114	0.0057	0.0027	0.0013	0.0006	0.0003	0.0001	0.0000	0.0000	0.0000
354	0.0108	0.0053	0.0026	0.0012	0.0005	0.0002	0.0001	0.0000	0.0000	0.0000
355	0.0102	0.0050	0.0024	0.0011	0.0005	0.0002	0.0001	0.0000	0.0000	0.0000
356	0.0097	0.0048	0.0023	0.0011	0.0005	0.0002	0.0001	0.0000	0.0000	0.0000
357	0.0092	0.0045	0.0022	0.0010	0.0005	0.0002	0.0001	0.0000	0.0000	0.0000
358	0.0087	0.0043	0.0020	0.0009	0.0004	0.0002	0.0001	0.0000	0.0000	0.0000
359	0.0082	0.0040	0.0019	0.0009	0.0004	0.0002	0.0001	0.0000	0.0000	0.0000
360	0.0078	0.0038	0.0018	0.0008	0.0004	0.0002	0.0001	0.0000	0.0000	0.0000
361	0.0074	0.0036	0.0017	0.0008	0.0004	0.0002	0.0001	0.0000	0.0000	0.0000
362	0.0070	0.0034	0.0016	0.0007	0.0003	0.0001	0.0001	0.0000	0.0000	0.0000
363	0.0066	0.0032	0.0015	0.0007	0.0003	0.0001	0.0001	0.0000	0.0000	0.0000
364	0.0062	0.0030	0.0014	0.0007	0.0003	0.0001	0.0001	0.0000	0.0000	0.0000
365	0.0059	0.0029	0.0013	0.0006	0.0003	0.0001	0.0000	0.0000	0.0000	0.0000
366	0.0056	0.0027	0.0013	0.0006	0.0003	0.0001	0.0000	0.0000	0.0000	0.0000
367	0.0053	0.0025	0.0012	0.0005	0.0002	0.0001	0.0000	0.0000	0.0000	0.0000
368	0.0050	0.0024	0.0011	0.0005	0.0002	0.0001	0.0000	0.0000	0.0000	0.0000
369	0.0047	0.0023	0.0011	0.0005	0.0002	0.0001	0.0000	0.0000	0.0000	0.0000
370	0.0045	0.0021	0.0010	0.0005	0.0002	0.0001	0.0000	0.0000	0.0000	0.0000
371	0.0042	0.0020	0.0009	0.0004	0.0002	0.0001	0.0000	0.0000	0.0000	0.0000
372	0.0040	0.0019	0.0009	0.0004	0.0002	0.0001	0.0000	0.0000	0.0000	0.0000
373	0.0038	0.0018	0.0008	0.0004	0.0002	0.0001	0.0000	0.0000	0.0000	0.0000
374	0.0036	0.0017	0.0008	0.0004	0.0002	0.0001	0.0000	0.0000	0.0000	0.0000
375	0.0034	0.0016	0.0007	0.0003	0.0001	0.0001	0.0000	0.0000	0.0000	0.0000
376	0.0032	0.0015	0.0007	0.0003	0.0001	0.0001	0.0000	0.0000	0.0000	0.0000
377	0.0031	0.0014	0.0007	0.0003	0.0001	0.0001	0.0000	0.0000	0.0000	0.0000
378	0.0029	0.0014	0.0006	0.0003	0.0001	0.0001	0.0000	0.0000	0.0000	0.0000
379	0.0027	0.0013	0.0006	0.0003	0.0001	0.0000	0.0000	0.0000	0.0000	0.0000
380	0.0026	0.0012	0.0006	0.0002	0.0001	0.0000	0.0000	0.0000	0.0000	0.0000
381	0.0025	0.0011	0.0005	0.0002	0.0001	0.0000	0.0000	0.0000	0.0000	0.0000
382	0.0023	0.0011	0.0005	0.0002	0.0001	0.0000	0.0000	0.0000	0.0000	0.0000
383	0.0022	0.0010	0.0005	0.0002	0.0001	0.0000	0.0000	0.0000	0.0000	0.0000
384	0.0021	0.0010	0.0004	0.0002	0.0001	0.0000	0.0000	0.0000	0.0000	0.0000
385	0.0020	0.0009	0.0004	0.0002	0.0001	0.0000	0.0000	0.0000	0.0000	0.0000
386	0.0019	0.0009	0.0004	0.0002	0.0001	0.0000	0.0000	0.0000	0.0000	0.0000
387	0.0018	0.0008	0.0004	0.0002	0.0001	0.0000	0.0000	0.0000	0.0000	0.0000
388	0.0017	0.0008	0.0003	0.0002	0.0001	0.0000	0.0000	0.0000	0.0000	0.0000
389	0.0016	0.0007	0.0003	0.0001	0.0001	0.0000	0.0000	0.0000	0.0000	0.0000
390	0.0015	0.0007	0.0003	0.0001	0.0001	0.0000	0.0000	0.0000	0.0000	0.0000
391	0.0014	0.0007	0.0003	0.0001	0.0001	0.0000	0.0000	0.0000	0.0000	0.0000
392	0.0013	0.0006	0.0003	0.0001	0.0000	0.0000	0.0000	0.0000	0.0000	0.0000
393	0.0013	0.0006	0.0003	0.0001	0.0000	0.0000	0.0000	0.0000	0.0000	0.0000
394	0.0012	0.0005	0.0002	0.0001	0.0000	0.0000	0.0000	0.0000	0.0000	0.0000
395	0.0011	0.0005	0.0002	0.0001	0.0000	0.0000	0.0000	0.0000	0.0000	0.0000
396	0.0011	0.0005	0.0002	0.0001	0.0000	0.0000	0.0000	0.0000	0.0000	0.0000
397	0.0010	0.0005	0.0002	0.0001	0.0000	0.0000	0.0000	0.0000	0.0000	0.0000
398	0.0010	0.0004	0.0002	0.0001	0.0000	0.0000	0.0000	0.0000	0.0000	0.0000
399	0.0009	0.0004	0.0002	0.0001	0.0000	0.0000	0.0000	0.0000	0.0000	0.0000
400	0.0009	0.0004	0.0002	0.0001	0.0000	0.0000	0.0000	0.0000	0.0000	0.0000
401	0.0008	0.0004	0.0002	0.0001	0.0000	0.0000	0.0000	0.0000	0.0000	0.0000
402	0.0008	0.0003	0.0002	0.0001	0.0000	0.0000	0.0000	0.0000	0.0000	0.0000
403	0.0007	0.0003	0.0001	0.0001	0.0000	0.0000	0.0000	0.0000	0.0000	0.0000
404	0.0007	0.0003	0.0001	0.0001	0.0000	0.0000	0.0000	0.0000	0.0000	0.0000
405	0.0007	0.0003	0.0001	0.0001	0.0000	0.0000	0.0000	0.0000	0.0000	0.0000
406	0.0006	0.0003	0.0001	0.0001	0.0000	0.0000	0.0000	0.0000	0.0000	0.0000
407	0.0006	0.0003	0.0001	0.0000	0.0000	0.0000	0.0000	0.0000	0.0000	0.0000
408	0.0006	0.0002	0.0001	0.0000	0.0000	0.0000	0.0000	0.0000	0.0000	0.0000
409	0.0005	0.0002	0.0001	0.0000	0.0000	0.0000	0.0000	0.0000	0.0000	0.0000
410	0.0005	0.0002	0.0001	0.0000	0.0000	0.0000	0.0000	0.0000	0.0000	0.0000
411	0.0005	0.0002	0.0001	0.0000	0.0000	0.0000	0.0000	0.0000	0.0000	0.0000
412	0.0004	0.0002	0.0001	0.0000	0.0000	0.0000	0.0000	0.0000	0.0000	0.0000
413	0.0004	0.0002	0.0001	0.0000	0.0000	0.0000	0.0000	0.0000	0.0000	0.0000
414	0.0004	0.0002	0.0001	0.0000	0.0000	0.0000	0.0000	0.0000	0.0000	0.0000
415	0.0004	0.0002	0.0001	0.0000	0.0000	0.0000	0.0000	0.0000	0.0000	0.0000
416	0.0004	0.0002	0.0001	0.0000	0.0000	0.0000	0.0000	0.0000	0.0000	0.0000
417	0.0003	0.0001	0.0001	0.0000	0.0000	0.0000	0.0000	0.0000	0.0000	0.0000
418	0.0003	0.0001	0.0001	0.0000	0.0000	0.0000	0.0000	0.0000	0.0000	0.0000
419	0.0003	0.0001	0.0001	0.0000	0.0000	0.0000	0.0000	0.0000	0.0000	0.0000
420	0.0003	0.0001	0.0001	0.0000	0.0000	0.0000	0.0000	0.0000	0.0000	0.0000
421	0.0003	0.0001	0.0000	0.0000	0.0000	0.0000	0.0000	0.0000	0.0000	0.0000
422	0.0003	0.0001	0.0000	0.0000	0.0000	0.0000	0.0000	0.0000	0.0000	0.0000
423	0.0002	0.0001	0.0000	0.0000	0.0000	0.0000	0.0000	0.0000	0.0000	0.0000
424	0.0002	0.0001	0.0000	0.0000	0.0000	0.0000	0.0000	0.0000	0.0000	0.0000
425	0.0002	0.0001	0.0000	0.0000	0.0000	0.0000	0.0000	0.0000	0.0000	0.0000
426	0.0002	0.0001	0.0000	0.0000	0.0000	0.0000	0.0000	0.0000	0.0000	0.0000
427	0.0002	0.0001	0.0000	0.0000	0.0000	0.0000	0.0000	0.0000	0.0000	0.0000
428	0.0002	0.0001	0.0000	0.0000	0.0000	0.0000	0.0000	0.0000	0.0000	0.0000
429	0.0002	0.0001	0.0000	0.0000	0.0000	0.0000	0.0000	0.0000	0.0000	0.0000
430	0.0002	0.0001	0.0000	0.0000	0.0000	0.0000	0.0000	0.0000	0.0000	0.0000
431	0.0002	0.0001	0.0000	0.0000	0.0000	0.0000	0.0000	0.0000	0.0000	0.0000
432	0.0001	0.0001	0.0000	0.0000	0.0000	0.0000	0.0000	0.0000	0.0000	0.0000
433	0.0001	0.0001	0.0000	0.0000	0.0000	0.0000	0.0000	0.0000	0.0000	0.0000
434	0.0001	0.0001	0.0000	0.0000	0.0000	0.0000	0.0000	0.0000	0.0000	0.0000
435	0.0001	0.0001	0.0000	0.0000	0.0000	0.0000	0.0000	0.0000	0.0000	0.0000
436	0.0001	0.0001	0.0000	0.0000	0.0000	0.0000	0.0000	0.0000	0.0000	0.0000
437	0.0001	0.0000	0.0000	0.0000	0.0000	0.0000	0.0000	0.0000	0.0000	0.0000
438	0.0001	0.0000	0.0000	0.0000	0.0000	0.0000	0.0000	0.0000	0.0000	0.0000
439	0.0001	0.0000	0.0000	0.0000	0.0000	0.0000	0.0000	0.0000	0.0000	0.0000
440	0.0001	0.0000	0.0000	0.0000	0.0000	0.0000	0.0000	0.0000	0.0000	0.0000
441	0.0001	0.0000	0.0000	0.0000	0.0000	0.0000	0.0000	0.0000	0.0000	0.0000
442	0.0001	0.0000	0.0000	0.0000	0.0000	0.0000	0.0000	0.0000	0.0000	0.0000
443	0.0001	0.0000	0.0000	0.0000	0.0000	0.0000	0.0000	0.0000	0.0000	0.0000
444	0.0001	0.0000	0.0000	0.0000	0.0000	0.0000	0.0000	0.0000	0.0000	0.0000
445	0.0001	0.0000	0.0000	0.0000	0.0000	0.0000	0.0000	0.0000	0.0000	0.0000
446	0.0001	0.0000	0.0000	0.0000	0.0000	0.0000	0.0000	0.0000	0.0000	0.0000
447	0.0001	0.0000	0.0000	0.0000	0.0000	0.0000	0.0000	0.0000	0.0000	0.0000
448	0.0001	0.0000	0.0000	0.0000	0.0000	0.0000	0.0000	0.0000	0.0000	0.0000
449	0.0001	0.0000	0.0000	0.0000	0.0000	0.0000	0.0000	0.0000	0.0000	0.0000
450	0.0001	0.0000	0.0000	0.0000	0.0000	0.0000	0.0000	0.0000	0.0000	0.0000
451	0.0001	0.0000	0.0000	0.0000	0.0000	0.0000	0.0000	0.0000	0.0000	0.0000
452	0.0000	0.0000	0.0000	0.0000	0.0000	0.0000	0.0000	0.0000	0.0000	0.0000
453	0.0000	0.0000	0.0000	0.0000	0.0000	0.0000	0.0000	0.0000	0.0000	0.0000
454	0.0000	0.0000	0.0000	0.0000	0.0000	0.0000	0.0000	0.0000	0.0000	0.0000
455	0.0000	0.0000	0.0000	0.0000	0.0000	0.0000	0.0000	0.0000	0.0000	0.0000
456	0.0000	0.0000	0.0000	0.0000	0.0000	0.0000	0.0000	0.0000	0.0000	0.0000
457	0.0000	0.0000	0.0000	0.0000	0.0000	0.0000	0.0000	0.0000	0.0000	0.0000
458	0.0000	0.0000	0.0000	0.0000	0.0000	0.0000	0.0000	0.0000	0.0000	0.0000
459	0.0000	0.0000	0.0000	0.0000	0.0000	0.0000	0.0000	0.0000	0.0000	0.0000
460	0.0000	0.0000	0.0000	0.0000	0.0000	0.0000	0.0000	0.0000	0.0000	0.0000
461	0.0000	0.0000	0.0000	0.0000	0.0000	0.0000	0.0000	0.0000	0.0000	0.0000
462	0.0000	0.0000	0.0000	0.0000	0.0000	0.0000	0.0000	0.0000	0.0000	0.0000
463	0.0000	0.0000	0.0000	0.0000	0.0000	0.0000	0.0000	0.0000	0.0000	0.0000
464	0.0000	0.0000	0.0000	0.0000	0.0000	0.0000	0.0000	0.0000	0.0000	0.0000
465	0.0000	0.0000	0.0000	0.0000	0.0000	0.0000	0.0000	0.0000	0.0000	0.0000
466	0.0000	0.0000	0.0000	0.0000	0.0000	0.0000	0.0000	0.0000	0.0000	0.0000
467	0.0000	0.0000	0.0000	0.0000	0.0000	0.0000	0.0000	0.0000	0.0000	0.0000
468	0.0000	0.0000	0.0000	0.0000	0.0000	0.0000	0.0000	0.0000	0.0000	0.0000
469	0.0000	0.0000	0.0000	0.0000	0.0000	0.0000	0.0000	0.0000	0.0000	0.0000
470	0.0000	0.0000	0.0000	0.0000	0.0000	0.0000	0.0000	0.0000	0.0000	0.0000
471	0.0000	0.0000	0.0000	0.0000	0.0000	0.0000	0.0000	0.0000	0.0000	0.0000
472	0.0000	0.0000	0.0000	0.0000	0.0000	0.0000	0.0000	0.0000	0.0000	0.0000
473	0.0000	0.0000	0.0000	0.0000	0.0000	0.0000	0.0000	0.0000	0.0000	0.0000
474	0.0000	0.0000	0.0000	0.0000	0.0000	0.0000	0.0000	0.0000	0.0000	0.0000
475	0.0000	0.0000	0.0000	0.0000	0.0000	0.0000	0.0000	0.0000	0.0000	0.0000
476	0.0000	0.0000	0.0000	0.0000	0.0000	0.0000	0.0000	0.0000	0.0000	0.0000
477	0.0000	0.0000	0.0000	0.0000	0.0000	0.0000	0.0000	0.0000	0.0000	0.0000
478	0.0000	0.0000	0.0000	0.0000	0.0000	0.0000	0.0000	0.0000	0.0000	0.0000
479	0.0000	0.0000	0.0000	0.0000	0.0000	0.0000	0.0000	0.0000	0.0000	0.0000
480	0.0000	0.0000	0.0000	0.0000	0.0000	0.0000	0.0000	0.0000	0.0000	0.0000
481	0.0000	0.0000	0.0000	0.0000	0.0000	0.0000	0.0000	0.0000	0.0000	0.0000
482	0.0000	0.0000	0.0000	0.0000	0.0000	0.0000	0.0000	0.0000	0.0000	0.0000
483	0.0000	0.0000	0.0000	0.0000	0.0000	0.0000	0.0000	0.0000	0.0000	0.0000
484	0.0000	0.0000	0.0000	0.0000	0.0000	0.0000	0.0000	0.0000	0.0000	0.0000
485	0.0000	0.0000	0.0000	0.0000	0.0000	0.0000	0.0000	0.0000	0.0000	0.0000
486	0.0000	0.0000	0.0000	0.0000	0.0000	0.0000	0.0000	0.0000	0.0000	0.0000
487	0.0000	0.0000	0.0000	0.0000	0.0000	0.0000	0.0000	0.0000	0.0000	0.0000
488	0.0000	0.0000	0.0000	0.0000	0.0000	0.0000	0.0000	0.0000	0.0000	0.0000
489	0.0000	0.0000	0.0000	0.0000	0.0000	0.0000	0.0000	0.0000	0.0000	0.0000
490	0.0000	0.0000	0.0000	0.0000	0.0000	0.0000	0.0000	0.0000	0.0000	0.0000
491	0.0000	0.0000	0.0000	0.0000	0.0000	0.0000	0.0000	0.0000	0.0000	0.0000
492	0.0000	0.0000	0.0000	0.0000	0.0000	0.0000	0.0000	0.0000	0.0000	0.0000
493	0.0000	0.0000	0.0000	0.0000	0.0000	0.0000	0.0000	0.0000	0.0000	0.0000
494	0.0000	0.0000	0.0000	0.0000	0.0000	0.0000	0.0000	0.0000	0.0000	0.0000
495	0.0000	0.0000	0.0000	0.0000	0.0000	0.0000	0.0000	0.0000	0.0000	0.0000
496	0.0000	0.0000	0.0000	0.0000	0.0000	0.0000	0.0000	0.0000	0.0000	0.0000
497	0.0000	0.0000	0.0000	0.0000	0.0000	0.0000	0.0000	0.0000	0.0000	0.0000
498	0.0000	0.0000	0.0000	0.0000	0.0000	0.0000	0.0000	0.0000	0.0000	0.0000
499	0.0000	0.0000	0.0000	0.0000	0.0000	0.0000	0.0000	0.0000	0.0000	0.0000
500	0.0000	0.0000	0.0000	0.0000	0.0000	0.0000	0.0000	0.0000	0.0000	0.0000
501	0.0000	0.0000	0.0000	0.0000	0.0000	0.0000	0.0000	0.0000	0.0000	0.0000
502	0.0000	0.0000	0.0000	0.0000	0.0000	0.0000	0.0000	0.0000	0.0000	0.0000
503	0.0000	0.0000	0.0000	0.0000	0.0000	0.0000	0.0000	0.0000	0.0000	0.0000
504	0.0000	0.0000	0.0000	0.0000	0.0000	0.0000	0.0000	0.0000	0.0000	0.0000
505	0.0000	0.0000	0.0000	0.0000	0.0000	0.0000	0.0000	0.0000	0.0000	0.0000
506	0.0000	0.0000	0.0000	0.0000	0.0000	0.0000	0.0000	0.0000	0.0000	0.0000
507	0.0000	0.0000	0.0000	0.0000	0.0000	0.0000	0.0000	0.0000	0.0000	0.0000
508	0.0000	0.0000	0.0000	0.0000	0.0000	0.0000	0.0000	0.0000	0.0000	0.0000
509	0.0000	0.0000	0.0000	0.0000	0.0000	0.0000	0.0000	0.0000	0.0000	0.0000
510	0.0000	0.0000	0.0000	0.0000	0.0000	0.0000	0.0000	0.0000	0.0000	0.0000
511	0.0000	0.0000	0.0000	0.0000	0.0000	0.0000	0.0000	0.0000	0.0000	0.0000
512	0.0000	0.0000	0.0000	0.0000	0.0000	0.0000	0.0000	0.0000	0.0000	0.0000
513	0.0000	0.0000	0.0000	0.0000	0.0000	0.0000	0.0000	0.0000	0.0000	0.0000
514	0.0000	0.0000	0.0000	0.0000	0.0000	0.0000	0.0000	0.0000	0.0000	0.0000
515	0.0000	0.0000	0.0000	0.0000	0.0000	0.0000	0.0000	0.0000	0.0000	0.0000
516	0.0000	0.0000	0.0000	0.0000	0.0000	0.0000	0.0000	0.0000	0.0000	0.0000
517	0.0000	0.0000	0.0000	0.0000	0.0000	0.0000	0.0000	0.0000	0.0000	0.0000
518	0.0000	0.0000	0.0000	0.0000	0.0000	0.0000	0.0000	0.0000	0.0000	0.0000
519	0.0000	0.0000	0.0000	0.0000	0.0000	0.0000	0.0000	0.0000	0.0000	0.0000
520	0.0000	0.0000	0.0000	0.0000	0.0000	0.0000	0.0000	0.0000	0.0000	0.0000
521	0.0000	0.0000	0.0000	0.0000	0.0000	0.0000	0.0000	0.0000	0.0000	0.0000
522	0.0000	0.0000	0.0000	0.0000	0.0000	0.0000	0.0000	0.0000	0.0000	0.0000
523	0.0000	0.0000	0.0000	0.0000	0.0000	0.0000	0.0000	0.0000	0.0000	0.0000
524	0.0000	0.0000	0.0000	0.0000	0.0000	0.0000	0.0000	0.0000	0.0000	0.0000
525	0.0000	0.0000	0.0000	0.0000	0.0000	0.0000	0.0000	0.0000	0.0000	0.0000
526	0.0000	0.0000	0.0000	0.0000	0.0000	0.0000	0.0000	0.0000	0.0000	0.0000
527	0.0000	0.0000	0.0000	0.0000	0.0000	0.0000	0.0000	0.0000	0.0000	0.0000
528	0.0000	0.0000	0.0000	0.0000	0.0000	0.0000	0.0000	0.0000	0.0000	0.0000
529	0.0000	0.0000	0.0000	0.0000	0.0000	0.0000	0.0000	0.0000	0.0000	0.0000
530	0.0000	0.0000	0.0000	0.0000	0.0000	0.0000	0.0000	0.0000	0.0000	0.0000
531	0.0000	0.0000	0.0000	0.0000	0.0000	0.0000	0.0000	0.0000	0.0000	0.0000
532	0.0000	0.0000	0.0000	0.0000	0.0000	0.0000	0.0000	0.0000	0.0000	0.0000
533	0.0000	0.0000	0.0000	0.0000	0.0000	0.0000	0.0000	0.0000	0.0000	0.0000
534	0.0000	0.0000	0.0000	0.0000	0.0000	0.0000	0.0000	0.0000	0.0000	0.0000
535	0.0000	0.0000	0.0000	0.0000	0.0000	0.0000	0.0000	0.0000	0.0000	0.0000
536	0.0000	0.0000	0.0000	0.0000	0.0000	0.0000	0.0000	0.0000	0.0000	0.0000
537	0.0000	0.0000	0.0000	0.0000	0.0000	0.0000	0.0000	0.0000	0.0000	0.0000
538	0.0000	0.0000	0.0000	0.0000	0.0000	0.0000	0.0000	0.0000	0.0000	0.0000
539	0.0000	0.0000	0.0000	0.0000	0.0000	0.0000	0.0000	0.0000	0.0000	0.0000
540	0.0000	0.0000	0.0000	0.0000	0.0000	0.0000	0.0000	0.0000	0.0000	0.0000
541	0.0000	0.0000	0.0000	0.0000	0.0000	0.0000	0.0000	0.0000	0.0000	0.0000
542	0.0000	0.0000	0.0000	0.0000	0.0000	0.0000	0.0000	0.0000	0.0000	0.0000
543	0.0000	0.0000	0.0000	0.0000	0.0000	0.0000	0.0000	0.0000	0.0000	0.0000
544	0.0000	0.0000	0.0000	0.0000	0.0000	0.0000	0.0000	0.0000	0.0000	0.0000
545	0.0000	0.0000	0.0000	0.0000	0.0000	0.0000	0.0000	0.0000	0.0000	0.0000
546	0.0000	0.0000	0.0000	0.0000	0.0000	0.0000	0.0000	0.0000	0.0000	0.0000
547	0.0000	0.0000	0.0000	0.0000	0.0000	0.0000	0.0000	0.0000	0.0000	0.0000
548	0.0000	0.0000	0.0000	0.0000	0.0000	0.0000	0.0000	0.0000	0.0000	0.0000
549	0.0000	0.0000	0.0000	0.0000	0.0000	0.0000	0.0000	0.0000	0.0000	0.0000
550	0.0000	0.0000	0.0000	0.0000	0.0000	0.0000	0.0000	0.0000	0.0000	0.0000
551	0.0000	0.0000	0.0000	0.0000	0.0000	0.0000	0.0000	0.0000	0.0000	0.0000
552	0.0000	0.0000	0.0000	0.0000	0.0000	0.0000	0.0000	0.0000	0.0000	0.0000
553	0.0000	0.0000	0.0000	0.0000	0.0000	0.0000	0.0000	0.0000	0.0000	0.0000
554	0.0000	0.0000	0.0000	0.0000	0.0000	0.0000	0.0000	0.0000	0.0000	0.0000
555	0.0000	0.0000	0.0000	0.0000	0.0000	0.0000	0.0000	0.0000	0.0000	0.0000
556	0.0000	0.0000	0.0000	0.0000	0.0000	0.0000	0.0000	0.0000	0.0000	0.0000
557	0.0000	0.0000	0.0000	0.0000	0.0000	0.0000	0.0000	0.0000	0.0000	0.0000
558	0.0000	0.0000	0.0000	0.0000	0.0000	0.0000	0.0000	0.0000	0.0000	0.0000
559	0.0000	0.0000	0.0000	0.0000	0.0000	0.0000	0.0000	0.0000	0.0000	0.0000
560	0.0000	0.0000	0.0000	0.0000	0.0000	0.0000	0.0000	0.0000	0.0000	0.0000
561	0.0000	0.0000	0.0000	0.0000	0.0000	0.0000	0.0000	0.0000	0.0000	0.0000
562	0.0000	0.0000	0.0000	0.0000	0.0000	0.0000	0.0000	0.0000	0.0000	0.0000
563	0.0000	0.0000	0.0000	0.0000	0.0000	0.0000	0.0000	0.0000	0.0000	0.0000
564	0.0000	0.0000	0.0000	0.0000	0.0000	0.0000	0.0000	0.0000	0.0000	0.0000
565	0.0000	0.0000	0.0000	0.0000	0.0000	0.0000	0.0000	0.0000	0.0000	0.0000
566	0.0000	0.0000	0.0000	0.0000	0.0000	0.0000	0.0000	0.0000	0.0000	0.0000
567	0.0000	0.0000	0.0000	0.0000	0.0000	0.0000	0.0000	0.0000	0.0000	0.0000
568	0.0000	0.0000	0.0000	0.0000	0.0000	0.0000	0.0000	0.0000	0.0000	0.0000
569	0.0000	0.0000	0.0000	0.0000	0.0000	0.0000	0.0000	0.0000	0.0000	0.0000
570	0.0000	0.0000	0.0000	0.0000	0.0000	0.0000	0.0000	0.0000	0.0000	0.0000
571	0.0000	0.0000	0.0000	0.0000	0.0000	0.0000	0.0000	0.0000	0.0000	0.0000
572	0.0000	0.0000	0.0000	0.0000	0.0000	0.0000	0.0000	0.0000	0.0000	0.0000
573	0.0000	0.0000	0.0000	0.0000	0.0000	0.0000	0.0000	0.0000	0.0000	0.0000
574	0.0000	0.0000	0.0000	0.0000	0.0000	0.0000	0.0000	0.0000	0.0000	0.0000
575	0.0000	0.0000	0.0000	0.0000	0.0000	0.0000	0.0000	0.0000	0.0000	0.0000
576	0.0000	0.0000	0.0000	0.0000	0.0000	0.0000	0.0000	0.0000	0.0000	0.0000
577	0.0000	0.0000	0.0000	0.0000	0.0000	0.0000	0.0000	0.0000	0.0000	0.0000
578	0.0000	0.0000	0.0000	0.0000	0.0000	0.0000	0.0000	0.0000	0.0000	0.0000
579	0.0000	0.0000	0.0000	0.0000	0.0000	0.0000	0.0000	0.0000	0.0000	0.0000
580	0.0000	0.0000	0.0000	0.0000	0.0000	0.0000	0.0000	0.0000	0.0000	0.0000
581	0.0000	0.0000	0.0000	0.0000	0.0000	0.0000	0.0000	0.0000	0.0000	0.0000
582	0.0000	0.0000	0.0000	0.0000	0.0000	0.0000	0.0000	0.0000	0.0000	0.0000
583	0.0000	0.0000	0.0000	0.0000	0.0000	0.0000	0.0000	0.0000	0.0000	0.0000
584	0.0000	0.0000	0.0000	0.0000	0.0000	0.0000	0.0000	0.0000	0.0000	0.0000
585	0.0000	0.0000	0.0000	0.0000	0.0000	0.0000	0.0000	0.0000	0.0000	0.0000
586	0.0000	0.0000	0.0000	0.0000	0.0000	0.0000	0.0000	0.0000	0.0000	0.0000
587	0.0000	0.0000	0.0000	0.0000	0.0000	0.0000	0.0000	0.0000	0.0000	0.0000
588	0.0000	0.0000	0.0000	0.0000	0.0000	0.0000	0.0000	0.0000	0.0000	0.0000
589	0.0000	0.0000	0.0000	0.0000	0.0000	0.0000	0.0000	0.0000	0.0000	0.0000
590	0.0000	0.0000	0.0000	0.0000	0.0000	0.0000	0.0000	0.0000	0.0000	0.0000
591	0.0000	0.0000	0.0000	0.0000	0.0000	0.0000	0.0000	0.0000	0.0000	0.0000
592	0.0000	0.0000	0.0000	0.0000	0.0000	0.0000	0.0000	0.0000	0.0000	0.0000
593	0.0000	0.0000	0.0000	0.0000	0.0000	0.0000	0.0000	0.0000	0.0000	0.0000
594	0.0000	0.0000	0.0000	0.0000	0.0000	0.0000	0.0000	0.0000	0.0000	0.0000
595	0.0000	0.0000	0.0000	0.0000	0.0000	0.0000	0.0000	0.0000	0.0000	0.0000
596	0.0000	0.0000	0.0000	0.0000	0.0000	0.0000	0.0000	0.0000	0.0000	0.0000
597	0.0000	0.0000	0.0000	0.0000	0.0000	0.0000	0.0000	0.0000	0.0000	0.0000
598	0.0000	0.0000	0.0000	0.0000	0.0000	0.0000	0.0000	0.0000	0.0000	0.0000
599	0.0000	0.0000	0.0000	0.0000	0.0000	0.0000	0.0000	0.0000	0.0000	0.0000
600	0.0000	0.0000	0.0000	0.0000	0.0000	0.0000	0.0000	0.0000	0.0000	0.0000
601	0.0000	0.0000	0.0000	0.0000	0.0000	0.0000	0.0000	0.0000	0.0000	0.0000
602	0.0000	0.0000	0.0000	0.0000	0.0000	0.0000	0.0000	0.0000	0.0000	0.0000
603	0.0000	0.0000	0.0000	0.0000	0.0000	0.0000	0.0000	0.0000	0.0000	0.0000
604	0.0000	0.0000	0.0000	0.0000	0.0000	0.0000	0.0000	0.0000	0.0000	0.0000
605	0.0000	0.0000	0.0000	0.0000	0.0000	0.0000	0.0000	0.0000	0.0000	0.0000
606	0.0000	0.0000	0.0000	0.0000	0.0000	0.0000	0.0000	0.0000	0.0000	0.0000
607	0.0000	0.0000	0.0000	0.0000	0.0000	0.0000	0.0000	0.0000	0.0000	0.0000
608	0.0000	0.0000	0.0000	0.0000	0.0000	0.0000	0.0000	0.0000	0.0000	0.0000
609	0.0000	0.0000	0.0000	0.0000	0.0000	0.0000	0.0000	0.0000	0.0000	0.0000
610	0.0000	0.0000	0.0000	0.0000	0.0000	0.0000	0.0000	0.0000	0.0000	0.0000
611	0.0000	0.0000	0.0000	0.0000	0.0000	0.0000	0.0000	0.0000	0.0000	0.0000
612	0.0000	0.0000	0.0000	0.0000	0.0000	0.0000	0.0000	0.0000	0.0000	0.0000
613	0.0000	0.0000	0.0000	0.0000	0.0000	0.0000	0.0000	0.0000	0.0000	0.0000
614	0.0000	0.0000	0.0000	0.0000	0.0000	0.0000	0.0000	0.0000	0.0000	0.0000
615	0.0000	0.0000	0.0000	0.0000	0.0000	0.0000	0.0000	0.0000	0.0000	0.0000
616	0.0000	0.0000	0.0000	0.0000	0.0000	0.0000	0.0000	0.0000	0.0000	0.0000
617	0.0000	0.0000	0.0000	0.0000	0.0000	0.0000	0.0000	0.0000	0.0000	0.0000
618	0.0000	0.0000	0.0000	0.0000	0.0000	0.0000	0.0000	0.0000	0.0000	0.0000
619	0.0000	0.0000	0.0000	0.0000	0.0000	0.0000	0.0000	0.0000	0.0000	0.0000
620	0.0000	0.0000	0.0000	0.0000	0.0000	0.0000	0.0000	0.0000	0.0000	0.0000
621	0.0000	0.0000	0.0000	0.0000	0.0000	0.0000	0.0000	0.0000	0.0000	0.0000
622	0.0000	0.0000	0.0000	0.0000	0.0000	0.0000	0.0000	0.0000	0.0000	0.0000
623	0.0000	0.0000	0.0000	0.0000	0.0000	0.0000	0.0000	0.0000	0.0000	0.0000
624	0.0000	0.0000	0.0000	0.0000	0.0000	0.0000	0.0000	0.0000	0.0000	0.0000
625	0.0000	0.0000	0.0000	0.0000	0.0000	0.0000	0.0000	0.0000	0.0000	0.0000
626	0.0000	0.0000	0.0000	0.0000	0.0000	0.0000	0.0000	0.0000	0.0000	0.0000
627	0.0000	0.0000	0.0000	0.0000	0.0000	0.0000	0.0000	0.0000	0.0000	0.0000
628	0.0000	0.0000	0.0000	0.0000	0.0000	0.0000	0.0000	0.0000	0.0000	0.0000
629	0.0000	0.0000	0.0000	0.0000	0.0000	0.0000	0.0000	0.0000	0.0000	0.0000
630	0.0000	0.0000	0.0000	0.0000	0.0000	0.0000	0.0000	0.0000	0.0000	0.0000
631	0.0000	0.0000	0.0000	0.0000	0.0000	0.0000	0.0000	0.0000	0.0000	0.0000
632	0.0000	0.0000	0.0000	0.0000	0.0000	0.0000	0.0000	0.0000	0.0000	0.0000
633	0.0000	0.0000	0.0000	0.0000	0.0000	0.0000	0.0000	0.0000	0.0000	0.0000
634	0.0000	0.0000	0.0000	0.0000	0.0000	0.0000	0.0000	0.0000	0.0000	0.0000
635	0.0000	0.0000	0.0000	0.0000	0.0000	0.0000	0.0000	0.0000	0.0000	0.0000
636	0.0000	0.0000	0.0000	0.0000	0.0000	0.0000	0.0000	0.0000	0.0000	0.0000
637	0.0000	0.0000	0.0000	0.0000	0.0000	0.0000	0.0000	0.0000	0.0000	0.0000
638	0.0000	0.0000	0.0000	0.0000	0.0000	0.0000	0.0000	0.0000	0.0000	0.0000
639	0.0000	0.0000	0.0000	0.0000	0.0000	0.0000	0.0000	0.0000	0.0000	0.0000
640	0.0000	0.0000	0.0000	0.0000	0.0000	0.0000	0.0000	0.0000	0.0000	0.0000
641	0.0000	0.0000	0.0000	0.0000	0.0000	0.0000	0.0000	0.0000	0.0000	0.0000
642	0.0000	0.0000	0.0000	0.0000	0.0000	0.0000	0.0000	0.0000	0.0000	0.0000
643	0.0000	0.0000	0.0000	0.0000	0.0000	0.0000	0.0000	0.0000	0.0000	0.0000
644	0.0000	0.0000	0.0000	0.0000	0.0000	0.0000	0.0000	0.0000	0.0000	0.0000
645	0.0000	0.0000	0.0000	0.0000	0.0000	0.0000	0.0000	0.0000	0.0000	0.0000
646	0.0000	0.0000	0.0000	0.0000	0.0000	0.0000	0.0000	0.0000	0.0000	0.0000
647	0.0000	0.0000	0.0000	0.0000	0.0000	0.0000	0.0000	0.0000	0.0000	0.0000
648	0.0000	0.0000	0.0000	0.0000	0.0000	0.0000	0.0000	0.0000	0.0000	0.0000
649	0.0000	0.0000	0.0000	0.0000	0.0000	0.0000	0.0000	0.0000	0.0000	0.0000
650	0.0000	0.0000	0.0000	0.0000	0.0000	0.0000	0.0000	0.0000	0.0000	0.0000
651	0.0000	0.0000	0.0000	0.0000	0.0000	0.0000	0.0000	0.0000	0.0000	0.0000
652	0.0000	0.0000	0.0000	0.0000	0.0000	0.0000	0.0000	0.0000	0.0000	0.0000
653	0.0000	0.0000	0.0000	0.0000	0.0000	0.0000	0.0000	0.0000	0.0000	0.0000
654	0.0000	0.0000	0.0000	0.0000	0.0000	0.0000	0.0000	0.0000	0.0000	0.0000
655	0.0000	0.0000	0.0000	0.0000	0.0000	0.0000	0.0000	0.0000	0.0000	0.0000
656	0.0000	0.0000	0.0000	0.0000	0.0000	0.0000	0.0000	0.0000	0.0000	0.0000
657	0.0000	0.0000	0.0000	0.0000	0.0000	0.0000	0.0000	0.0000	0.0000	0.0000
658	0.0000	0.0000	0.0000	0.0000	0.0000	0.0000	0.0000	0.0000	0.0000	0.0000
659	0.0000	0.0000	0.0000	0.0000	0.0000	0.0000	0.0000	0.0000	0.0000	0.0000
660	0.0000	0.0000	0.0000	0.0000	0.0000	0.0000	0.0000	0.0000	0.0000	0.0000
661	0.0000	0.0000	0.0000	0.0000	0.0000	0.0000	0.0000	0.0000	0.0000	0.0000
662	0.0000	0.0000	0.0000	0.0000	0.0000	0.0000	0.0000	0.0000	0.0000	0.0000
663	0.0000	0.0000	0.0000	0.0000	0.0000	0.0000	0.0000	0.0000	0.0000	0.0000
664	0.0000	0.0000	0.0000	0.0000	0.0000	0.0000	0.0000	0.0000	0.0000	0.0000
665	0.0000	0.0000	0.0000	0.0000	0.0000	0.0000	0.0000	0.0000	0.0000	0.0000
666	0.0000	0.0000	0.0000	0.0000	0.0000	0.0000	0.0000	0.0000	0.0000	0.0000
667	0.0000	0.0000	0.0000	0.0000	0.0000	0.0000	0.0000	0.0000	0.0000	0.0000
668	0.0000	0.0000	0.0000	0.0000	0.0000	0.0000	0.0000	0.0000	0.0000	0.0000
669	0.0000	0.0000	0.0000	0.0000	0.0000	0.0000	0.0000	0.0000	0.0000	0.0000
670	0.0000	0.0000	0.0000	0.0000	0.0000	0.0000	0.0000	0.0000	0.0000	0.0000
671	0.0000	0.0000	0.0000	0.0000	0.0000	0.0000	0.0000	0.0000	0.0000	0.0000
672	0.0000	0.0000	0.0000	0.0000	0.0000	0.0000	0.0000	0.0000	0.0000	0.0000
673	0.0000	0.0000	0.0000	0.0000	0.0000	0.0000	0.0000	0.0000	0.0000	0.0000
674	0.0000	0.0000	0.0000	0.0000	0.0000	0.0000	0.0000	0.0000	0.0000	0.0000
675	0.0000	0.0000	0.0000	0.0000	0.0000	0.0000	0.0000	0.0000	0.0000	0.0000
676	0.0000	0.0000	0.0000	0.0000	0.0000	0.0000	0.0000	0.0000	0.0000	0.0000
677	0.0000	0.0000	0.0000	0.0000	0.0000	0.0000	0.0000	0.0000	0.0000	0.0000
678	0.0000	0.0000	0.0000	0.0000	0.0000	0.0000	0.0000	0.0000	0.0000	0.0000
679	0.0000	0.0000	0.0000	0.0000	0.0000	0.0000	0.0000	0.0000	0.0000	0.0000
680	0.0000	0.0000	0.0000	0.0000	0.0000	0.0000	0.0000	0.0000	0.0000	0.0000
681	0.0000	0.0000	0.0000	0.0000	0.0000	0.0000	0.0000	0.0000	0.0000	0.0000
682	0.0000	0.0000	0.0000	0.0000	0.0000	0.0000	0.0000	0.0000	0.0000	0.0000
683	0.0000	0.0000	0.0000	0.0000	0.0000	0.0000	0.0000	0.0000	0.0000	0.0000
684	0.0000	0.0000	0.0000	0.0000	0.0000	0.0000	0.0000	0.0000	0.0000	0.0000
685	0.0000	0.0000	0.0000	0.0000	0.0000	0.0000	0.0000	0.0000	0.0000	0.0000
686	0.0000	0.0000	0.0000	0.0000	0.0000	0.0000	0.0000	0.0000	0.0000	0.0000
687	0.0000	0.0000	0.0000	0.0000	0.0000	0.0000	0.0000	0.0000	0.0000	0.0000
688	0.0000	0.0000	0.0000	0.0000	0.0000	0.0000	0.0000	0.0000	0.0000	0.0000
689	0.0000	0.0000	0.0000	0.0000	0.0000	0.0000	0.0000	0.0000	0.0000	0.0000
690	0.0000	0.0000	0.0000	0.0000	0.0000	0.0000	0.0000	0.0000	0.0000	0.0000
691	0.0000	0.0000	0.0000	0.0000	0.0000	0.0000	0.0000	0.0000	0.0000	0.0000
692	0.0000	0.0000	0.0000	0.0000	0.0000	0.0000	0.0000	0.0000	0.0000	0.0000
693	0.0000	0.0000	0.0000	0.0000	0.0000	0.0000	0.0000	0.0000	0.0000	0.0000
694	0.0000	0.0000	0.0000	0.0000	0.0000	0.0000	0.0000	0.0000	0.0000	0.0000
695	0.0000	0.0000	0.0000	0.0000	0.0000	0.0000	0.0000	0.0000	0.0000	0.0000
696	0.0000	0.0000	0.0000	0.0000	0.0000	0.0000	0.0000	0.0000	0.0000	0.0000
697	0.0000	0.0000	0.0000	0.0000	0.0000	0.0000	0.0000	0.0000	0.0000	0.0000
698	0.0000	0.0000	0.0000	0.0000	0.0000	0.0000	0.0000	0.0000	0.0000	0.0000
699	0.0000	0.0000	0.0000	0.0000	0.0000	0.0000	0.0000	0.0000	0.0000	0.0000
700	0.0000	0.0000	0.0000	0.0000	0.0000	0.0000	0.0000	0.0000	0.0000	0.0000
701	0.0000	0.0000	0.0000	0.0000	0.0000	0.0000	0.0000	0.0000	0.0000	0.0000
702	0.0000	0.0000	0.0000	0.0000	0.0000	0.0000	0.0000	0.0000	0.0000	0.0000
703	0.0000	0.0000	0.0000	0.0000	0.0000	0.0000	0.0000	0.0000	0.0000	0.0000
704	0.0000	0.0000	0.0000	0.0000	0.0000	0.0000	0.0000	0.0000	0.0000	0.0000
705	0.0000	0.0000	0.0000	0.0000	0.0000	0.0000	0.0000	0.0000	0.0000	0.0000
706	0.0000	0.0000	0.0000	0.0000	0.0000	0.0000	0.0000	0.0000	0.0000	0.0000
707	0.0000	0.0000	0.0000	0.0000	0.0000	0.0000	0.0000	0.0000	0.0000	0.0000
708	0.0000	0.0000	0.0000	0.0000	0.0000	0.0000	0.0000	0.0000	0.0000	0.0000
709	0.0000	0.0000	0.0000	0.0000	0.0000	0.0000	0.0000	0.0000	0.0000	0.0000
710	0.0000	0.0000	0.0000	0.0000	0.0000	0.0000	0.0000	0.0000	0.0000	0.0000
711	0.0000	0.0000	0.0000	0.0000	0.0000	0.0000	0.0000	0.0000	0.0000	0.0000
712	0.0000	0.0000	0.0000	0.0000	0.0000	0.0000	0.0000	0.0000	0.0000	0.0000
713	0.0000	0.0000	0.0000	0.0000	0.0000	0.0000	0.0000	0.0000	0.0000	0.0000
714	0.0000	0.0000	0.0000	0.0000	0.0000	0.0000	0.0000	0.0000	0.0000	0.0000
715	0.0000	0.0000	0.0000	0.0000	0.0000	0.0000	0.0000	0.0000	0.0000	0.0000
716	0.0000	0.0000	0.0000	0.0000	0.0000	0.0000	0.0000	0.0000	0.0000	0.0000
717	0.0000	0.0000	0.0000	0.0000	0.0000	0.0000	0.0000	0.0000	0.0000	0.0000
718	0.0000	0.0000	0.0000	0.0000	0.0000	0.0000	0.0000	0.0000	0.0000	0.0000
719	0.0000	0.0000	0.0000	0.0000	0.0000	0.0000	0.0000	0.0000	0.0000	0.0000
720	0.0000	0.0000	0.0000	0.0000	0.0000	0.0000	0.0000	0.0000	0.0000	0.0000
721	0.0000	0.0000	0.0000	0.0000	0.0000	0.0000	0.0000	0.0000	0.0000	0.0000
722	0.0000	0.0000	0.0000	0.0000	0.0000	0.0000	0.0000	0.0000	0.0000	0.0000
723	0.0000	0.0000	0.0000	0.0000	0.0000	0.0000	0.0000	0.0000	0.0000	0.0000
724	0.0000	0.0000	0.0000	0.0000	0.0000	0.0000	0.0000	0.0000	0.0000	0.0000
725	0.0000	0.0000	0.0000	0.0000	0.0000	0.0000	0.0000	0.0000	0.0000	0.0000
726	0.0000	0.0000	0.0000	0.0000	0.0000	0.0000	0.0000	0.0000	0.0000	0.0000
727	0.0000	0.0000	0.0000	0.0000	0.0000	0.0000	0.0000	0.0000	0.0000	0.0000
728	0.0000	0.0000	0.0000	0.0000	0.0000	0.0000	0.0000	0.0000	0.0000	0.0000
729	0.0000	0.0000	0.0000	0.0000	0.0000	0.0000	0.0000	0.0000	0.0000	0.0000
730	0.0000	0.0000	0.0000	0.0000	0.0000	0.0000	0.0000	0.0000	0.0000	0.0000
731	0.0000	0.0000	0.0000	0.0000	0.0000	0.0000	0.0000	0.0000	0.0000	0.0000
732	0.0000	0.0000	0.0000	0.0000	0.0000	0.0000	0.0000	0.0000	0.0000	0.0000
733	0.0000	0.0000	0.0000	0.0000	0.0000	0.0000	0.0000	0.0000	0.0000	0.0000
734	0.0000	0.0000	0.0000	0.0000	0.0000	0.0000	0.0000	0.0000	0.0000	0.0000
735	0.0000	0.0000	0.0000	0.0000	0.0000	0.0000	0.0000	0.0000	0.0000	0.0000
736	0.0000	0.0000	0.0000	0.0000	0.0000	0.0000	0.0000	0.0000	0.0000	0.0000
737	0.0000	0.0000	0.0000	0.0000	0.0000	0.0000	0.0000	0.0000	0.0000	0.0000
738	0.0000	0.0000	0.0000	0.0000	0.0000	0.0000	0.0000	0.0000	0.0000	0.0000
739	0.0000	0.0000	0.0000	0.0000	0.0000	0.0000	0.0000	0.0000	0.0000	0.0000
740	0.0000	0.0000	0.0000	0.0000	0.0000	0.0000	0.0000	0.0000	0.0000	0.0000
741	0.0000	0.0000	0.0000	0.0000	0.0000	0.0000	0.0000	0.0000	0.0000	0.0000
742	0.0000	0.0000	0.0000	0.0000	0.0000	0.0000	0.0000	0.0000	0.0000	0.0000
743	0.0000	0.0000	0.0000	0.0000	0.0000	0.0000	0.0000	0.0000	0.0000	0.0000
744	0.0000	0.0000	0.0000	0.0000	0.0000	0.0000	0.0000	0.0000	0.0000	0.0000
745	0.0000	0.0000	0.0000	0.0000	0.0000	0.0000	0.0000	0.0000	0.0000	0.0000
746	0.0000	0.0000	0.0000	0.0000	0.0000	0.0000	0.0000	0.0000	0.0000	0.0000
747	0.0000	0.0000	0.0000	0.0000	0.0000	0.0000	0.0000	0.0000	0.0000	0.0000
748	0.0000	0.0000	0.0000	0.0000	0.0000	0.0000	0.0000	0.0000	0.0000	0.0000
749	0.0000	0.0000	0.0000	0.0000	0.0000	0.0000	0.0000	0.0000	0.0000	0.0000
750	0.0000	0.0000	0.0000	0.0000	0.0000	0.0000	0.0000	0.0000	0.0000	0.0000
751	0.0000	0.0000	0.0000	0.0000	0.0000	0.0000	0.0000	0.0000	0.0000	0.0000
752	0.0000	0.0000	0.0000	0.0000	0.0000	0.0000	0.0000	0.0000	0.0000	0.0000
753	0.0000	0.0000	0.0000	0.0000	0.0000	0.0000	0.0000	0.0000	0.0000	0.0000
754	0.0000	0.0000	0.0000	0.0000	0.0000	0.0000	0.0000	0.0000	0.0000	0.0000
755	0.0000	0.0000	0.0000	0.0000	0.0000	0.0000	0.0000	0.0000	0.0000	0.0000
756	0.0000	0.0000	0.0000	0.0000	0.0000	0.0000	0.0000	0.0000	0.0000	0.0000
757	0.0000	0.0000	0.0000	0.0000	0.0000	0.0000	0.0000	0.0000	0.0000	0.0000
758	0.0000	0.0000	0.0000	0.0000	0.0000	0.0000	0.0000	0.0000	0.0000	0.0000
759	0.0000	0.0000	0.0000	0.0000	0.0000	0.0000	0.0000	0.0000	0.0000	0.0000
760	0.0000	0.0000	0.0000	0.0000	0.0000	0.0000	0.0000	0.0000	0.0000	0.0000
761	0.0000	0.0000	0.0000	0.0000	0.0000	0.0000	0.0000	0.0000	0.0000	0.0000
762	0.0000	0.0000	0.0000	0.0000	0.0000	0.0000	0.0000	0.0000	0.0000	0.0000
763	0.0000	0.0000	0.0000	0.0000	0.0000	0.0000	0.0000	0.0000	0.0000	0.0000
764	0.0000	0.0000	0.0000	0.0000	0.0000	0.0000	0.0000	0.0000	0.0000	0.0000
765	0.0000	0.0000	0.0000	0.0000	0.0000	0.0000	0.0000	0.0000	0.0000	0.0000
766	0.0000	0.0000	0.0000	0.0000	0.0000	0.0000	0.0000	0.0000	0.0000	0.0000
767	0.0000	0.0000	0.0000	0.0000	0.0000	0.0000	0.0000	0.0000	0.0000	0.0000
768	0.0000	0.0000	0.0000	0.0000	0.0000	0.0000	0.0000	0.0000	0.0000	0.0000
769	0.0000	0.0000	0.0000	0.0000	0.0000	0.0000	0.0000	0.0000	0.0000	0.0000
770	0.0000	0.0000	0.0000	0.0000	0.0000	0.0000	0.0000	0.0000	0.0000	0.0000
771	0.0000	0.0000	0.0000	0.0000	0.0000	0.0000	0.0000	0.0000	0.0000	0.0000
772	0.0000	0.0000	0.0000	0.0000	0.0000	0.0000	0.0000	0.0000	0.0000	0.0000
773	0.0000	0.0000	0.0000	0.0000	0.0000	0.0000	0.0000	0.0000	0.0000	0.0000
774	0.0000	0.0000	0.0000	0.0000	0.0000	0.0000	0.0000	0.0000	0.0000	0.0000
775	0.0000	0.0000	0.0000	0.0000	0.0000	0.0000	0.0000	0.0000	0.0000	0.0000
776	0.0000	0.0000	0.0000	0.0000	0.0000	0.0000	0.0000	0.0000	0.0000	0.0000
777	0.0000	0.0000	0.0000	0.0000	0.0000	0.0000	0.0000	0.0000	0.0000	0.0000
778	0.0000	0.0000	0.0000	0.0000	0.0000	0.0000	0.0000	0.0000	0.0000	0.0000
779	0.0000	0.0000	0.0000	0.0000	0.0000	0.0000	0.0000	0.0000	0.0000	0.0000
780	0.0000	0.0000	0.0000	0.0000	0.0000	0.0000	0.0000	0.0000	0.0000	0.0000
781	0.0000	0.0000	0.0000	0.0000	0.0000	0.0000	0.0000	0.0000	0.0000	0.0000
782	0.0000	0.0000	0.0000	0.0000	0.0000	0.0000	0.0000	0.0000	0.0000	0.0000
783	0.0000	0.0000	0.0000	0.0000	0.0000	0.0000	0.0000	0.0000	0.0000	0.0000
784	0.0000	0.0000	0.0000	0.0000	0.0000	0.0000	0.0000	0.0000	0.0000	0.0000
785	0.0000	0.0000	0.0000	0.0000	0.0000	0.0000	0.0000	0.0000	0.0000	0.0000
786	0.0000	0.0000	0.0000	0.0000	0.0000	0.0000	0.0000	0.0000	0.0000	0.0000
787	0.0000	0.0000	0.0000	0.0000	0.0000	0.0000	0.0000	0.0000	0.0000	0.0000
788	0.0000	0.0000	0.0000	0.0000	0.0000	0.0000	0.0000	0.0000	0.0000	0.0000
789	0.0000	0.0000	0.0000	0.0000	0.0000	0.0000	0.0000	0.0000	0.0000	0.0000
790	0.0000	0.0000	0.0000	0.0000	0.0000	0.0000	0.0000	0.0000	0.0000	0.0000
791	0.0000	0.0000	0.0000	0.0000	0.0000	0.0000	0.0000	0.0000	0.0000	0.0000
792	0.0000	0.0000	0.0000	0.0000	0.0000	0.0000	0.0000	0.0000	0.0000	0.0000
793	0.0000	0.0000	0.0000	0.0000	0.0000	0.0000	0.0000	0.0000	0.0000	0.0000
794	0.0000	0.0000	0.0000	0.0000	0.0000	0.0000	0.0000	0.0000	0.0000	0.0000
795	0.0000	0.0000	0.0000	0.0000	0.0000	0.0000	0.0000	0.0000	0.0000	0.0000
796	0.0000	0.0000	0.0000	0.0000	0.0000	0.0000	0.0000	0.0000	0.0000	0.0000
797	0.0000	0.0000	0.0000	0.0000	0.0000	0.0000	0.0000	0.0000	0.0000	0.0000
798	0.0000	0.0000	0.0000	0.0000	0.0000	0.0000	0.0000	0.0000	0.0000	0.0000
799	0.0000	0.0000	0.0000	0.0000	0.0000	0.0000	0.0000	0.0000	0.0000	0.0000
800	0.0000	0.0000	0.0000	0.0000	0.0000	0.0000	0.0000	0.0000	0.0000	0.0000
801	0.0000	0.0000	0.0000	0.0000	0.0000	0.0000	0.0000	0.0000	0.0000	0.0000
802	0.0000	0.0000	0.0000	0.0000	0.0000	0.0000	0.0000	0.0000	0.0000	0.0000
803	0.0000	0.0000	0.0000	0.0000	0.0000	0.0000	0.0000	0.0000	0.0000	0.0000
804	0.0000	0.0000	0.0000	0.0000	0.0000	0.0000	0.0000	0.0000	0.0000	0.0000
805	0.0000	0.0000	0.0000	0.0000	0.0000	0.0000	0.0000	0.0000	0.0000	0.0000
806	0.0000	0.0000	0.0000	0.0000	0.0000	0.0000	0.0000	0.0000	0.0000	0.0000
807	0.0000	0.0000	0.0000	0.0000	0.0000	0.0000	0.0000	0.0000	0.0000	0.0000
808	0.0000	0.0000	0.0000	0.0000	0.0000	0.0000	0.0000	0.0000	0.0000	0.0000
809	0.0000	0.0000	0.0000	0.0000	0.0000	0.0000	0.0000	0.0000	0.0000	0.0000
810	0.0000	0.0000	0.0000	0.0000	0.0000	0.0000	0.0000	0.0000	0.0000	0.0000
811	0.0000	0.0000	0.0000	0.0000	0.0000	0.0000	0.0000	0.0000	0.0000	0.0000
812	0.0000	0.0000	0.0000	0.0000	0.0000	0.0000	0.0000	0.0000	0.0000	0.0000
813	0.0000	0.0000	0.0000	0.0000	0.0000	0.0000	0.0000	0.0000	0.0000	0.0000
814	0.0000	0.0000	0.0000	0.0000	0.0000	0.0000	0.0000	0.0000	0.0000	0.0000
815	0.0000	0.0000	0.0000	0.0000	0.0000	0.0000	0.0000	0.0000	0.0000	0.0000
816	0.0000	0.0000	0.0000	0.0000	0.0000	0.0000	0.0000	0.0000	0.0000	0.0000
817	0.0000	0.0000	0.0000	0.0000	0.0000	0.0000	0.0000	0.0000	0.0000	0.0000
818	0.0000	0.0000	0.0000	0.0000	0.0000	0.0000	0.0000	0.0000	0.0000	0.0000
819	0.0000	0.0000	0.0000	0.0000	0.0000	0.0000	0.0000	0.0000	0.0000	0.0000
820	0.0000	0.0000	0.0000	0.0000	0.0000	0.0000	0.0000	0.0000	0.0000	0.0000
821	0.0000	0.0000	0.0000	0.0000	0.0000	0.0000	0.0000	0.0000	0.0000	0.0000
822	0.0000	0.0000	0.0000	0.0000	0.0000	0.0000	0.0000	0.0000	0.0000	0.0000
823	0.0000	0.0000	0.0000	0.0000	0.0000	0.0000	0.0000	0.0000	0.0000	0.0000
824	0.0000	0.0000	0.0000	0.0000	0.0000	0.0000	0.0000	0.0000	0.0000	0.0000
825	0.0000	0.0000	0.0000	0.0000	0.0000	0.0000	0.0000	0.0000	0.0000	0.0000
826	0.0000	0.0000	0.0000	0.0000	0.0000	0.0000	0.0000	0.0000	0.0000	0.0000
827	0.0000	0.0000	0.0000	0.0000	0.0000	0.0000	0.0000	0.0000	0.0000	0.0000
828	0.0000	0.0000	0.0000	0.0000	0.0000	0.0000	0.0000	0.0000	0.0000	0.0000
829	0.0000	0.0000	0.0000	0.0000	0.0000	0.0000	0.0000	0.0000	0.0000	0.0000
830	0.0000	0.0000	0.0000	0.0000	0.0000	0.0000	0.0000	0.0000	0.0000	0.0000
831	0.0000	0.0000	0.0000	0.0000	0.0000	0.0000	0.0000	0.0000	0.0000	0.0000
832	0.0000	0.0000	0.0000	0.0000	0.0000	0.0000	0.0000	0.0000	0.0000	0.0000
833	0.0000	0.0000	0.0000	0.0000	0.0000	0.0000	0.0000	0.0000	0.0000	0.0000
834	0.0000	0.0000	0.0000	0.0000	0.0000	0.0000	0.0000	0.0000	0.0000	0.0000
835	0.0000	0.0000	0.0000	0.0000	0.0000	0.0000	0.0000	0.0000	0.0000	0.0000
836	0.0000	0.0000	0.0000	0.0000	0.0000	0.0000	0.0000	0.0000	0.0000	0.0000
837	0.0000	0.0000	0.0000	0.0000	0.0000	0.0000	0.0000	0.0000	0.0000	0.0000
838	0.0000	0.0000	0.0000	0.0000	0.0000	0.0000	0.0000	0.0000	0.0000	0.0000
839	0.0000	0.0000	0.0000	0.0000	0.0000	0.0000	0.0000	0.0000	0.0000	0.0000
840	0.0000	0.0000	0.0000	0.0000	0.0000	0.0000	0.0000	0.0000	0.0000	0.0000
841	0.0000	0.0000	0.0000	0.0000	0.0000	0.0000	0.0000	0.0000	0.0000	0.0000
842	0.0000	0.0000	0.0000	0.0000	0.0000	0.0000	0.0000	0.0000	0.0000	0.0000
843	0.0000	0.0000	0.0000	0.0000	0.0000	0.0000	0.0000	0.0000	0.0000	0.0000
844	0.0000	0.0000	0.0000	0.0000	0.0000	0.0000	0.0000	0.0000	0.0000	0.0000
845	0.0000	0.0000	0.0000	0.0000	0.0000	0.0000	0.0000	0.0000	0.0000	0.0000
846	0.0000	0.0000	0.0000	0.0000	0.0000	0.0000	0.0000	0.0000	0.0000	0.0000
847	0.0000	0.0000	0.0000	0.0000	0.0000	0.0000	0.0000	0.0000	0.0000	0.0000
848	0.0000	0.0000	0.0000	0.0000	0.0000	0.0000	0.0000	0.0000	0.0000	0.0000
849	0.0000	0.0000	0.0000	0.0000	0.0000	0.0000	0.0000	0.0000	0.0000	0.0000
850	0.0000	0.0000	0.0000	0.0000	0.0000	0.0000	0.0000	0.0000	0.0000	0.0000
851	0.0000	0.0000	0.0000	0.0000	0.0000	0.0000	0.0000	0.0000	0.0000	0.0000
852	0.0000	0.0000	0.0000	0.0000	0.0000	0.0000	0.0000	0.0000	0.0000	0.0000
853	0.0000	0.0000	0.0000	0.0000	0.0000	0.0000	0.0000	0.0000	0.0000	0.0000
854	0.0000	0.0000	0.0000	0.0000	0.0000	0.0000	0.0000	0.0000	0.0000	0.0000
855	0.0000	0.0000	0.0000	0.0000	0.0000	0.0000	0.0000	0.0000	0.0000	0.0000
856	0.0000	0.0000	0.0000	0.0000	0.0000	0.0000	0.0000	0.0000	0.0000	0.0000
857	0.0000	0.0000	0.0000	0.0000	0.0000	0.0000	0.0000	0.0000	0.0000	0.0000
858	0.0000	0.0000	0.0000	0.0000	0.0000	0.0000	0.0000	0.0000	0.0000	0.0000
859	0.0000	0.0000	0.0000	0.0000	0.0000	0.0000	0.0000	0.0000	0.0000	0.0000
860	0.0000	0.0000	0.0000	0.0000	0.0000	0.0000	0.0000	0.0000	0.0000	0.0000
861	0.0000	0.0000	0.0000	0.0000	0.0000	0.0000	0.0000	0.0000	0.0000	0.0000
862	0.0000	0.0000	0.0000	0.0000	0.0000	0.0000	0.0000	0.0000	0.0000	0.0000
863	0.0000	0.0000	0.0000	0.0000	0.0000	0.0000	0.0000	0.0000	0.0000	0.0000
864	0.0000	0.0000	0.0000	0.0000	0.0000	0.0000	0.0000	0.0000	0.0000	0.0000
865	0.0000	0.0000	0.0000	0.0000	0.0000	0.0000	0.0000	0.0000	0.0000	0.0000
866	0.0000	0.0000	0.0000	0.0000	0.0000	0.0000	0.0000	0.0000	0.0000	0.0000
867	0.0000	0.0000	0.0000	0.0000	0.0000	0.0000	0.0000	0.0000	0.0000	0.0000
868	0.0000	0.0000	0.0000	0.0000	0.0000	0.0000	0.0000	0.0000	0.0000	0.0000
869	0.0000	0.0000	0.0000	0.0000	0.0000	0.0000	0.0000	0.0000	0.0000	0.0000
870	0.0000	0.0000	0.0000	0.0000	0.0000	0.0000	0.0000	0.0000	0.0000	0.0000
871	0.0000	0.0000	0.0000	0.0000	0.0000	0.0000	0.0000	0.0000	0.0000	0.0000
872	0.0000	0.0000	0.0000	0.0000	0.0000	0.0000	0.0000	0.0000	0.0000	0.0000
873	0.0000	0.0000	0.0000	0.0000	0.0000	0.0000	0.0000	0.0000	0.0000	0.0000
874	0.0000	0.0000	0.0000	0.0000	0.0000	0.0000	0.0000	0.0000	0.0000	0.0000
875	0.0000	0.0000	0.0000	0.0000	0.0000	0.0000	0.0000	0.0000	0.0000	0.0000
876	0.0000	0.0000	0.0000	0.0000	0.0000	0.0000	0.0000	0.0000	0.0000	0.0000
877	0.0000	0.0000	0.0000	0.0000	0.0000	0.0000	0.0000	0.0000	0.0000	0.0000
878	0.0000	0.0000	0.0000	0.0000	0.0000	0.0000	0.0000	0.0000	0.0000	0.0000
879	0.0000	0.0000	0.0000	0.0000	0.0000	0.0000	0.0000	0.0000	0.0000	0.0000
880	0.0000	0.0000	0.0000	0.0000	0.0000	0.0000	0.0000	0.0000	0.0000	0.0000
881	0.0000	0.0000	0.0000	0.0000	0.0000	0.0000	0.0000	0.0000	0.0000	0.0000
882	0.0000	0.0000	0.0000	0.0000	0.0000	0.0000	0.0000	0.0000	0.0000	0.0000
883	0.0000	0.0000	0.0000	0.0000	0.0000	0.0000	0.0000	0.0000	0.0000	0.0000
884	0.0000	0.0000	0.0000	0.0000	0.0000	0.0000	0.0000	0.0000	0.0000	0.0000
885	0.0000	0.0000	0.0000	0.0000	0.0000	0.0000	0.0000	0.0000	0.0000	0.0000
886	0.0000	0.0000	0.0000	0.0000	0.0000	0.0000	0.0000	0.0000	0.0000	0.0000
887	0.0000	0.0000	0.0000	0.0000	0.0000	0.0000	0.0000	0.0000	0.0000	0.0000
888	0.0000	0.0000	0.0000	0.0000	0.0000	0.0000	0.0000	0.0000	0.0000	0.0000
889	0.0000	0.0000	0.0000	0.0000	0.0000	0.0000	0.0000	0.0000	0.0000	0.0000
890	0.0000	0.0000	0.0000	0.0000	0.0000	0.0000	0.0000	0.0000	0.0000	0.0000
891	0.0000	0.0000	0.0000	0.0000	0.0000	0.0000	0.0000	0.0000	0.0000	0.0000
892	0.0000	0.0000	0.0000	0.0000	0.0000	0.0000	0.0000	0.0000	0.0000	0.0000
893	0.0000	0.0000	0.0000	0.0000	0.0000	0.0000	0.0000	0.0000	0.0000	0.0000
894	0.0000	0.0000	0.0000	0.0000	0.0000	0.0000	0.0000	0.0000	0.0000	0.0000
895	0.0000	0.0000	0.0000	0.0000	0.0000	0.0000	0.0000	0.0000	0.0000	0.0000
896	0.0000	0.0000	0.0000	0.0000	0.0000	0.0000	0.0000	0.0000	0.0000	0.0000
897	0.0000	0.0000	0.0000	0.0000	0.0000	0.0000	0.0000	0.0000	0.0000	0.0000
898	0.0000	0.0000	0.0000	0.0000	0.0000	0.0000	0.0000	0.0000	0.0000	0.0000
899	0.0000	0.0000	0.0000	0.0000	0.0000	0.0000	0.0000	0.0000	0.0000	0.0000
900	0.0000	0.0000	0.0000	0.0000	0.0000	0.0000	0.0000	0.0000	0.0000	0.0000
901	0.0000	0.0000	0.0000	0.0000	0.0000	0.0000	0.0000	0.0000	0.0000	0.0000
902	0.0000	0.0000	0.0000	0.0000	0.0000	0.0000	0.0000	0.0000	0.0000	0.0000
903	0.0000	0.0000	0.0000	0.0000	0.0000	0.0000	0.0000	0.0000	0.0000	0.0000
904	0.0000	0.0000	0.0000	0.0000	0.0000	0.0000	0.0000	0.0000	0.0000	0.0000
905	0.0000	0.0000	0.0000	0.0000	0.0000	0.0000	0.0000	0.0000	0.0000	0.0000
906	0.0000	0.0000	0.0000	0.0000	0.0000	0.0000	0.0000	0.0000	0.0000	0.0000
907	0.0000	0.0000	0.0000	0.0000	0.0000	0.0000	0.0000	0.0000	0.0000	0.0000
908	0.0000	0.0000	0.0000	0.0000	0.0000	0.0000	0.0000	0.0000	0.0000	0.0000
909	0.0000	0.0000	0.0000	0.0000	0.0000	0.0000	0.0000	0.0000	0.0000	0.0000
910	0.0000	0.0000	0.0000	0.0000	0.0000	0.0000	0.0000	0.0000	0.0000	0.0000
911	0.0000	0.0000	0.0000	0.0000	0.0000	0.0000	0.0000	0.0000	0.0000	0.0000
912	0.0000	0.0000	0.0000	0.0000	0.0000	0.0000	0.0000	0.0000	0.0000	0.0000
913	0.0000	0.0000	0.0000	0.0000	0.0000	0.0000	0.0000	0.0000	0.0000	0.0000
914	0.0000	0.0000	0.0000	0.0000	0.0000	0.0000	0.0000	0.0000	0.0000	0.0000
915	0.0000	0.0000	0.0000	0.0000	0.0000	0.0000	0.0000	0.0000	0.0000	0.0000
916	0.0000	0.0000	0.0000	0.0000	0.0000	0.0000	0.0000	0.0000	0.0000	0.0000
917	0.0000	0.0000	0.0000	0.0000	0.0000	0.0000	0.0000	0.0000	0.0000	0.0000
918	0.0000	0.0000	0.0000	0.0000	0.0000	0.0000	0.0000	0.0000	0.0000	0.0000
919	0.0000	0.0000	0.0000	0.0000	0.0000	0.0000	0.0000	0.0000	0.0000	0.0000
920	0.0000	0.0000	0.0000	0.0000	0.0000	0.0000	0.0000	0.0000	0.0000	0.0000
921	0.0000	0.0000	0.0000	0.0000	0.0000	0.0000	0.0000	0.0000	0.0000	0.0000
922	0.0000	0.0000	0.0000	0.0000	0.0000	0.0000	0.0000	0.0000	0.0000	0.0000
923	0.0000	0.0000	0.0000	0.0000	0.0000	0.0000	0.0000	0.0000	0.0000	0.0000
924	0.0000	0.0000	0.0000	0.0000	0.0000	0.0000	0.0000	0.0000	0.0000	0.0000
925	0.0000	0.0000	0.0000	0.0000	0.0000	0.0000	0.0000	0.0000	0.0000	0.0000
926	0.0000	0.0000	0.0000	0.0000	0.0000	0.0000	0.0000	0.0000	0.0000	0.0000
927	0.0000	0.0000	0.0000	0.0000	0.0000	0.0000	0.0000	0.0000	0.0000	0.0000
928	0.0000	0.0000	0.0000	0.0000	0.0000	0.0000	0.0000	0.0000	0.0000	0.0000
929	0.0000	0.0000	0.0000	0.0000	0.0000	0.0000	0.0000	0.0000	0.0000	0.0000
930	0.0000	0.0000	0.0000	0.0000	0.0000	0.0000	0.0000	0.0000	0.0000	0.0000
931	0.0000	0.0000	0.0000	0.0000	0.0000	0.0000	0.0000	0.0000	0.0000	0.0000
932	0.0000	0.0000	0.0000	0.0000	0.0000	0.0000	0.0000	0.0000	0.0000	0.0000
933	0.0000	0.0000	0.0000	0.0000	0.0000	0.0000	0.0000	0.0000	0.0000	0.0000
934	0.0000	0.0000	0.0000	0.0000	0.0000	0.0000	0.0000	0.0000	0.0000	0.0000
935	0.0000	0.0000	0.0000	0.0000	0.0000	0.0000	0.0000	0.0000	0.0000	0.0000
936	0.0000	0.0000	0.0000	0.0000	0.0000	0.0000	0.0000	0.0000	0.0000	0.0000
937	0.0000	0.0000	0.0000	0.0000	0.0000	0.0000	0.0000	0.0000	0.0000	0.0000
938	0.0000	0.0000	0.0000	0.0000	0.0000	0.0000	0.0000	0.0000	0.0000	0.0000
939	0.0000	0.0000	0.0000	0.0000	0.0000	0.0000	0.0000	0.0000	0.0000	0.0000
940	0.0000	0.0000	0.0000	0.0000	0.0000	0.0000	0.0000	0.0000	0.0000	0.0000
941	0.0000	0.0000	0.0000	0.0000	0.0000	0.0000	0.0000	0.0000	0.0000	0.0000
942	0.0000	0.0000	0.0000	0.0000	0.0000	0.0000	0.0000	0.0000	0.0000	0.0000
943	0.0000	0.0000	0.0000	0.0000	0.0000	0.0000	0.0000	0.0000	0.0000	0.0000
944	0.0000	0.0000	0.0000	0.0000	0.0000	0.0000	0.0000	0.0000	0.0000	0.0000
945	0.0000	0.0000	0.0000	0.0000	0.0000	0.0000	0.0000	0.0000	0.0000	0.0000
946	0.0000	0.0000	0.0000	0.0000	0.0000	0.0000	0.0000	0.0000	0.0000	0.0000
947	0.0000	0.0000	0.0000	0.0000	0.0000	0.0000	0.0000	0.0000	0.0000	0.0000
948	0.0000	0.0000	0.0000	0.0000	0.0000	0.0000	0.0000	0.0000	0.0000	0.0000
949	0.0000	0.0000	0.0000	0.0000	0.0000	0.0000	0.0000	0.0000	0.0000	0.0000
950	0.0000	0.0000	0.0000	0.0000	0.0000	0.0000	0.0000	0.0000	0.0000	0.0000
951	0.0000	0.0000	0.0000	0.0000	0.0000	0.0000	0.0000	0.0000	0.0000	0.0000
952	0.0000	0.0000	0.0000	0.0000	0.0000	0.0000	0.0000	0.0000	0.0000	0.0000
953	0.0000	0.0000	0.0000	0.0000	0.0000	0.0000	0.0000	0.0000	0.0000	0.0000
954	0.0000	0.0000	0.0000	0.0000	0.0000	0.0000	0.0000	0.0000	0.0000	0.0000
955	0.0000	0.0000	0.0000	0.0000	0.0000	0.0000	0.0000	0.0000	0.0000	0.0000
956	0.0000	0.0000	0.0000	0.0000	0.0000	0.0000	0.0000	0.0000	0.0000	0.0000
957	0.0000	0.0000	0.0000	0.0000	0.0000	0.0000	0.0000	0.0000	0.0000	0.0000
958	0.0000	0.0000	0.0000	0.0000	0.0000	0.0000	0.0000	0.0000	0.0000	0.0000
959	0.0000	0.0000	0.0000	0.0000	0.0000	0.0000	0.0000	0.0000	0.0000	0.0000
960	0.0000	0.0000	0.0000	0.0000	0.0000	0.0000	0.0000	0.0000	0.0000	0.0000
961	0.0000	0.0000	0.0000	0.0000	0.0000	0.0000	0.0000	0.0000	0.0000	0.0000
962	0.0000	0.0000	0.0000	0.0000	0.0000	0.0000	0.0000	0.0000	0.0000	0.0000
963	0.0000	0.0000	0.0000	0.0000	0.0000	0.0000	0.0000	0.0000	0.0000	0.0000
964	0.0000	0.0000	0.0000	0.0000	0.0000	0.0000	0.0000	0.0000	0.0000	0.0000
965	0.0000	0.0000	0.0000	0.0000	0.0000	0.0000	0.0000	0.0000	0.0000	0.0000
966	0.0000	0.0000	0.0000	0.0000	0.0000	0.0000	0.0000	0.0000	0.0000	0.0000
967	0.0000	0.0000	0.0000	0.0000	0.0000	0.0000	0.0000	0.0000	0.0000	0.0000
968	0.0000	0.0000	0.0000	0.0000	0.0000	0.0000	0.0000	0.0000	0.0000	0.0000
969	0.0000	0.0000	0.0000	0.0000	0.0000	0.0000	0.0000	0.0000	0.0000	0.0000
970	0.0000	0.0000	0.0000	0.0000	0.0000	0.0000	0.0000	0.0000	0.0000	0.0000
971	0.0000	0.0000	0.0000	0.0000	0.0000	0.0000	0.0000	0.0000	0.0000	0.0000
972	0.0000	0.0000	0.0000	0.0000	0.0000	0.0000	0.0000	0.0000	0.0000	0.0000
973	0.0000	0.0000	0.0000	0.0000	0.0000	0.0000	0.0000	0.0000	0.0000	0.0000
974	0.0000	0.0000	0.0000	0.0000	0.0000	0.0000	0.0000	0.0000	0.0000	0.0000
975	0.0000	0.0000	0.0000	0.0000	0.0000	0.0000	0.0000	0.0000	0.0000	0.0000
976	0.0000	0.0000	0.0000	0.0000	0.0000	0.0000	0.0000	0.0000	0.0000	0.0000
977	0.0000	0.0000	0.0000	0.0000	0.0000	0.0000	0.0000	0.0000	0.0000	0.0000
978	0.0000	0.0000	0.0000	0.0000	0.0000	0.0000	0.0000	0.0000	0.0000	0.0000
979	0.0000	0.0000	0.0000	0.0000	0.0000	0.0000	0.0000	0.0000	0.0000	0.0000
980	0.0000	0.0000	0.0000	0.0000	0.0000	0.0000	0.0000	0.0000	0.0000	0.0000
981	0.0000	0.0000	0.0000	0.0000	0.0000	0.0000	0.0000	0.0000	0.0000	0.0000
982	0.0000	0.0000	0.0000	0.0000	0.0000	0.0000	0.0000	0.0000	0.0000	0.0000
983	0.0000	0.0000	0.0000	0.0000	0.0000	0.0000	0.0000	0.0000	0.0000	0.0000
984	0.0000	0.0000	0.0000	0.0000	0.0000	0.0000	0.0000	0.0000	0.0000	0.0000
985	0.0000	0.0000	0.0000	0.0000	0.0000	0.0000	0.0000	0.0000	0.0000	0.0000
986	0.0000	0.0000	0.0000	0.0000	0.0000	0.0000	0.0000	0.0000	0.0000	0.0000
987	0.0000	0.0000	0.0000	0.0000	0.0000	0.0000	0.0000	0.0000	0.0000	0.0000
988	0.0000	0.0000	0.0000	0.0000	0.0000	0.0000	0.0000	0.0000	0.0000	0.0000
989	0.0000	0.0000	0.0000	0.0000	0.0000	0.0000	0.0000	0.0000	0.0000	0.0000
990	0.0000	0.0000	0.0000	0.0000	0.0000	0.0000	0.0000	0.0000	0.0000	0.0000
991	0.0000	0.0000	0.0000	0.0000	0.0000	0.0000	0.0000	0.0000	0.0000	0.0000
992	0.0000	0.0000	0.0000	0.0000	0.0000	0.0000	0.0000	0.0000	0.0000	0.0000
993	0.0000	0.0000	0.0000	0.0000	0.0000	0.0000	0.0000	0.0000	0.0000	0.0000
994	0.0000	0.0000	0.0000	0.0000	0.0000	0.0000	0.0000	0.0000	0.0000	0.0000
995	0.0000	0.0000	0.0000	0.0000	0.0000	0.0000	0.0000	0.0000	0.0000	0.0000
996	0.0000	0.0000	0.0000	0.0000	0.0000	0.0000	0.0000	0.0000	0.0000	0.0000
997	0.0000	0.0000	0.0000	0.0000	0.0000	0.0000	0.0000	0.0000	0.0000	0.0000
998	0.0000	0.0000	0.0000	0.0000	0.0000	0.0000	0.0000	0.0000	0.0000	0.0000
999	0.0000	0.0000	0.0000	0.0000	0.0000	0.0000	0.0000	0.0000	0.0000	0.0000
