source	x	y	z	R	time
0	3.8895	-6.3843	1399.5812	102.4801	1.1983
1	18.1651	-30.2118	1495.4875	184.6418	3.6592
2	39.3766	-65.7107	1586.4852	250.3269	6.8065
3	65.8434	-107.1562	1673.5312	312.6040	10.2684
4	96.9282	-152.5136	1757.0351	375.1333	13.9346
5	132.3172	-200.8444	1837.0898	438.3061	17.7582
6	171.8018	-251.5156	1913.7107	501.6834	21.7078
7	215.1825	-304.0156	1986.9194	564.6673	25.7577
8	262.2227	-357.9043	2056.7853	626.3987	29.8857
9	312.5251	-412.7291	2123.5865	686.4041	34.0736
10	365.7522	-468.0627	2187.6479	744.6650	38.3082
11	421.6471	-523.5956	2249.2176	801.3177	42.5799
12	480.0019	-579.0992	2308.4900	856.4527	46.8819
13	540.6418	-634.3991	2365.6211	910.1334	51.2086
14	603.4163	-689.3602	2420.7388	962.4067	55.5558
15	668.1927	-743.8760	2473.9498	1013.3084	59.9198
16	734.8525	-797.8621	2525.3446	1062.8665	64.2979
17	803.2880	-851.2511	2575.0001	1111.1037	68.6877
18	873.4009	-903.9895	2622.9831	1158.0382	73.0871
19	945.1003	-956.0349	2669.3515	1203.6852	77.4946
20	1018.3017	-1007.3544	2714.1560	1248.0567	81.9088
21	1092.9265	-1057.9227	2757.4411	1291.1628	86.3283
22	1168.9005	-1107.7214	2799.2463	1333.0116	90.7523
23	1246.1540	-1156.7376	2839.6066	1373.6095	95.1800
24	1324.6212	-1204.9637	2878.5530	1412.9614	99.6105
25	1404.2394	-1252.3962	2916.1133	1451.0711	104.0433
26	1484.9495	-1299.0354	2952.3125	1487.9412	108.4778
27	1566.6946	-1344.8853	2987.1727	1523.5735	112.9137
28	1649.4209	-1389.9527	3020.7142	1557.9689	117.3505
29	1733.0767	-1434.2472	3052.9546	1591.1472	121.7880
30	1817.5335	-1477.9368	3083.9079	1622.1240	126.2258
31	1902.5467	-1521.4239	3113.5972	1653.0769	130.6631
32	1988.0750	-1564.7273	3142.0504	1682.9184	135.0989
33	2074.0884	-1607.8470	3169.2948	1711.6573	139.5325
34	2160.5584	-1650.7843	3195.3560	1739.3033	143.9632
35	2247.4581	-1693.5412	3220.2591	1765.8668	148.3905
36	2334.7620	-1736.1203	3244.0275	1791.3586	152.8139
37	2422.4455	-1778.5252	3266.6839	1815.7895	157.2331
38	2510.4856	-1820.7596	3288.2495	1839.1704	161.6478
39	2598.8603	-1862.8282	3308.7448	1861.5124	166.0579
40	2687.5484	-1904.7358	3328.1888	1882.8262	170.4633
41	2776.5299	-1946.4878	3346.6000	1903.1222	174.8638
42	2865.7855	-1988.0899	3363.9955	1922.4107	179.2595
43	2955.2969	-2029.5483	3380.3917	1940.7017	183.6503
44	3045.0463	-2070.8692	3395.8041	1958.0048	188.0364
45	3135.0168	-2112.0593	3410.2474	1974.3292	192.4178
46	3225.1920	-2153.1253	3423.7353	1989.6839	196.7946
47	3315.5563	-2194.0744	3436.2809	2004.0775	201.1669
48	3406.0944	-2234.9137	3447.8967	2017.5182	205.5350
49	3496.7917	-2275.6505	3458.5943	2030.0141	209.8990
50	3587.6340	-2316.2924	3468.3848	2041.5727	214.2591
51	3678.6074	-2356.8469	3477.2787	2052.2013	218.6155
52	3769.6986	-2397.3217	3485.2858	2061.9071	222.9684
53	3860.8946	-2437.7246	3492.4154	2070.6967	227.3180
54	3952.1827	-2478.0634	3498.6765	2078.5766	231.6647
55	4043.5506	-2518.3460	3504.0773	2085.5531	236.0086
56	4134.9861	-2558.5803	3508.6258	2091.6323	240.3499
57	4226.4774	-2598.7744	3512.3295	2096.8199	244.6890
58	4318.0130	-2638.9360	3515.1954	2101.1216	249.0261
59	4409.5815	-2679.0734	3517.2303	2104.5428	253.3615
60	4501.1719	-2719.1943	3518.4406	2107.0889	257.6953
61	4592.7730	-2759.3070	3518.8322	2108.7651	262.0280
62	4684.3759	-2799.4181	3518.8322	2108.7651	266.1991
63	4775.9789	-2839.5292	3518.8322	2108.7651	269.9369
64	4867.5818	-2879.6403	3518.8322	2108.7651	273.6748
65	4959.1848	-2919.7514	3518.8322	2108.7651	277.4126
66	5050.7877	-2959.8625	3518.8322	2108.7651	281.1505
67	5142.3907	-2999.9736	3518.8322	2108.7651	284.8883
68	5233.9936	-3040.0847	3518.8322	2108.7651	288.6262
69	5325.5965	-3080.1958	3518.8322	2108.7651	292.3640
70	5417.1995	-3120.3069	3518.8322	2108.7651	296.1019
71	5508.8024	-3160.4181	3518.8322	2108.7651	299.8397
72	5600.4054	-3200.5292	3518.8322	2108.7651	303.5776
73	5692.0083	-3240.6403	3518.8322	2108.7651	307.3154
74	5783.6112	-3280.7514	3518.8322	2108.7651	311.0533
75	5875.2142	-3320.8625	3518.8322	2108.7651	314.7911
76	5966.8171	-3360.9736	3518.8322	2108.7651	318.5290
77	6058.4201	-3401.0847	3518.8322	2108.7651	322.2668
78	6150.0230	-3441.1958	3518.8322	2108.7651	326.0047
79	6241.6260	-3481.3069	3518.8322	2108.7651	329.7425
80	6333.2289	-3521.4180	3518.8322	2108.7651	333.4804
81	6424.8318	-3561.5291	3518.8322	2108.7651	337.2182
82	6516.4348	-3601.6403	3518.8322	2108.7651	340.9561
83	6608.0377	-3641.7514	3518.8322	2108.7651	344.6939
84	6699.6407	-3681.8625	3518.8322	2108.7651	348.4318
85	6791.2436	-3721.9736	3518.8322	2108.7651	352.1696
86	6882.8466	-3762.0847	3518.8322	2108.7651	355.9075
87	6974.4495	-3802.1958	3518.8322	2108.7651	359.6453
88	7066.0524	-3842.3069	3518.8322	2108.7651	363.3832
89	7157.6554	-3882.4180	3518.8322	2108.7651	367.1210
90	7249.2583	-3922.5291	3518.8322	2108.7651	370.8589
91	7340.8613	-3962.6402	3518.8322	2108.7651	374.5967
92	7432.4642	-4002.7513	3518.8322	2108.7651	378.3346
93	7524.0671	-4042.8624	3518.8322	2108.7651	382.0724
94	7615.6701	-4082.9736	3518.8322	2108.7651	385.8103
95	7707.2730	-4123.0847	3518.8322	2108.7651	389.5481
96	7798.8760	-4163.1958	3518.8322	2108.7651	393.2860
97	7890.4789	-4203.3069	3518.8322	2108.7651	397.0238
98	7982.0819	-4243.4180	3518.8322	2108.7651	400.7617
99	8073.6848	-4283.5291	3518.8322	2108.7651	404.4995
100	8165.2877	-4323.6402	3518.8322	2108.7651	408.2374
101	8256.8907	-4363.7513	3518.8322	2108.7651	411.9752
102	8348.4936	-4403.8624	3518.8322	2108.7651	415.7131
103	8440.0966	-4443.9735	3518.8322	2108.7651	419.4509
104	8531.6995	-4484.0846	3518.8322	2108.7651	423.1888
105	8623.3024	-4524.1958	3518.8322	2108.7651	426.9266
106	8714.9054	-4564.3069	3518.8322	2108.7651	430.6645
107	8806.5083	-4604.4180	3518.8322	2108.7651	434.4023
108	8898.1113	-4644.5291	3518.8322	2108.7651	438.1402
109	8989.7142	-4684.6402	3518.8322	2108.7651	441.8780
110	9081.3172	-4724.7513	3518.8322	2108.7651	445.6159
111	9172.9201	-4764.8624	3518.8322	2108.7651	449.3537
112	9264.5230	-4804.9735	3518.8322	2108.7651	453.0916
113	9356.1260	-4845.0846	3518.8322	2108.7651	456.8294
114	9447.7289	-4885.1957	3518.8322	2108.7651	460.5673
115	9539.3319	-4925.3068	3518.8322	2108.7651	464.3051
116	9630.9348	-4965.4179	3518.8322	2108.7651	468.0430
117	9722.5378	-5005.5291	3518.8322	2108.7651	471.7808
118	9814.1407	-5045.6402	3518.8322	2108.7651	475.5187
119	9905.7436	-5085.7513	3518.8322	2108.7651	479.2565
120	9997.3466	-5125.8624	3518.8322	2108.7651	482.9944
121	10088.9495	-5165.9735	3518.8322	2108.7651	486.7322
122	10180.5525	-5206.0846	3518.8322	2108.7651	490.4701
123	10272.1554	-5246.1957	3518.8322	2108.7651	494.2079
124	10363.7583	-5286.3068	3518.8322	2108.7651	497.9458
125	10455.3613	-5326.4179	3518.8322	2108.7651	501.6836
126	10546.9642	-5366.5290	3518.8322	2108.7651	505.4215
127	10638.5672	-5406.6401	3518.8322	2108.7651	509.1593
128	10730.1701	-5446.7512	3518.8322	2108.7651	512.8972
129	10821.7731	-5486.8624	3518.8322	2108.7651	516.6350
130	10913.3760	-5526.9735	3518.8322	2108.7651	520.3729
131	11004.9789	-5567.0846	3518.8322	2108.7651	524.1107
132	11096.5819	-5607.1957	3518.8322	2108.7651	527.8486
133	11188.1848	-5647.3068	3518.8322	2108.7651	531.5864
134	11279.7878	-5687.4179	3518.8322	2108.7651	535.3243
135	11371.3907	-5727.5290	3518.8322	2108.7651	539.0621
136	11462.9936	-5767.6401	3518.8322	2108.7651	542.8000
137	11554.5966	-5807.7512	3518.8322	2108.7651	546.5378
138	11646.1995	-5847.8623	3518.8322	2108.7651	550.2757
139	11737.8025	-5887.9734	3518.8322	2108.7651	554.0135
140	11829.4054	-5928.0846	3518.8322	2108.7651	557.7514
141	11921.0084	-5968.1957	3518.8322	2108.7651	561.4892
142	12012.6113	-6008.3068	3518.8322	2108.7651	565.2271
143	12104.2142	-6048.4179	3518.8322	2108.7651	568.9649
144	12195.8172	-6088.5290	3518.8322	2108.7651	572.7028
145	12287.4201	-6128.6401	3518.8322	2108.7651	576.4406
146	12379.0231	-6168.7512	3518.8322	2108.7651	580.1785
147	12470.6260	-6208.8623	3518.8322	2108.7651	583.9163
148	12562.2289	-6248.9734	3518.8322	2108.7651	587.6542
149	12653.8319	-6289.0845	3518.8322	2108.7651	591.3920
150	12745.4348	-6329.1956	3518.8322	2108.7651	595.1299
151	12837.0378	-6369.3067	3518.8322	2108.7651	598.8677
152	12928.6407	-6409.4179	3518.8322	2108.7651	602.6056
153	13020.2437	-6449.5290	3518.8322	2108.7651	606.3434
154	13111.8466	-6489.6401	3518.8322	2108.7651	610.0813
155	13203.4495	-6529.7512	3518.8322	2108.7651	613.8191
156	13295.0525	-6569.8623	3518.8322	2108.7651	617.5570
157	13386.6554	-6609.9734	3518.8322	2108.7651	621.2948
158	13478.2584	-6650.0845	3518.8322	2108.7651	625.0327
159	13569.8613	-6690.1956	3518.8322	2108.7651	628.7706
160	13661.4643	-6730.3067	3518.8322	2108.7651	632.5084
161	13753.0672	-6770.4178	3518.8322	2108.7651	636.2463
162	13844.6701	-6810.5289	3518.8322	2108.7651	639.9841
163	13936.2731	-6850.6401	3518.8322	2108.7651	643.7220
164	14027.8760	-6890.7512	3518.8322	2108.7651	647.4598
165	14119.4790	-6930.8623	3518.8322	2108.7651	651.1977
166	14211.0819	-6970.9734	3518.8322	2108.7651	654.9355
167	14302.6848	-7011.0845	3518.8322	2108.7651	658.6734
168	14394.2878	-7051.1956	3518.8322	2108.7651	662.4112
169	14485.8907	-7091.3067	3518.8322	2108.7651	666.1491
170	14577.4937	-7131.4178	3518.8322	2108.7651	669.8869
171	14669.0966	-7171.5289	3518.8322	2108.7651	673.6248
172	14760.6996	-7211.6400	3518.8322	2108.7651	677.3626
173	14852.3025	-7251.7511	3518.8322	2108.7651	681.1005
174	14943.9054	-7291.8622	3518.8322	2108.7651	684.8383
175	15035.5084	-7331.9734	3518.8322	2108.7651	688.5762
176	15127.1113	-7372.0845	3518.8322	2108.7651	692.3140
177	15218.7143	-7412.1956	3518.8322	2108.7651	696.0519
178	15310.3172	-7452.3067	3518.8322	2108.7651	699.7897
179	15401.9201	-7492.4178	3518.8322	2108.7651	703.5276
180	15493.5231	-7532.5289	3518.8322	2108.7651	707.2654
181	15585.1260	-7572.6400	3518.8322	2108.7651	711.0033
182	15676.7290	-7612.7511	3518.8322	2108.7651	714.7411
183	15768.3319	-7652.8622	3518.8322	2108.7651	718.4790
184	15859.9349	-7692.9733	3518.8322	2108.7651	722.2168
185	15951.5378	-7733.0844	3518.8322	2108.7651	725.9547
186	16043.1407	-7773.1955	3518.8322	2108.7651	729.6925
187	16134.7437	-7813.3067	3518.8322	2108.7651	733.4304
188	16226.3466	-7853.4178	3518.8322	2108.7651	737.1682
189	16317.9496	-7893.5289	3518.8322	2108.7651	740.9061
190	16409.5525	-7933.6400	3518.8322	2108.7651	744.6439
191	16501.1555	-7973.7511	3518.8322	2108.7651	748.3818
192	16592.7584	-8013.8622	3518.8322	2108.7651	752.1196
193	16684.3613	-8053.9733	3518.8322	2108.7651	755.8575
194	16775.9643	-8094.0844	3518.8322	2108.7651	759.5953
195	16867.5672	-8134.1955	3518.8322	2108.7651	763.3332
196	16959.1702	-8174.3066	3518.8322	2108.7651	767.0710
197	17050.7731	-8214.4177	3518.8322	2108.7651	770.8089
198	17142.3760	-8254.5289	3518.8322	2108.7651	774.5467
199	17233.9790	-8294.6400	3518.8322	2108.7651	778.2846
200	17325.5819	-8334.7511	3518.8322	2108.7651	782.0224
201	17417.1849	-8374.8622	3518.8322	2108.7651	785.7603
202	17508.7878	-8414.9733	3518.8322	2108.7651	789.4981
203	17600.3908	-8455.0844	3518.8322	2108.7651	793.2360
204	17691.9937	-8495.1955	3518.8322	2108.7651	796.9738
205	17783.5966	-8535.3066	3518.8322	2108.7651	800.7117
206	17875.1996	-8575.4177	3518.8322	2108.7651	804.4495
207	17966.8025	-8615.5288	3518.8322	2108.7651	808.1874
208	18058.4055	-8655.6399	3518.8322	2108.7651	811.9252
209	18150.0084	-8695.7510	3518.8322	2108.7651	815.6631
210	18241.6113	-8735.8622	3518.8322	2108.7651	819.4009
211	18333.2143	-8775.9733	3518.8322	2108.7651	823.1388
212	18424.8172	-8816.0844	3518.8322	2108.7651	826.8766
213	18516.4202	-8856.1955	3518.8322	2108.7651	830.6145
214	18608.0231	-8896.3066	3518.8322	2108.7651	834.3523
215	18699.6261	-8936.4177	3518.8322	2108.7651	838.0902
216	18791.2290	-8976.5288	3518.8322	2108.7651	841.8280
217	18882.8319	-9016.6399	3518.8322	2108.7651	845.5659
218	18974.4349	-9056.7510	3518.8322	2108.7651	849.3037
219	19066.0378	-9096.8621	3518.8322	2108.7651	853.0416
220	19157.6408	-9136.9732	3518.8322	2108.7651	856.7794
221	19249.2437	-9177.0843	3518.8322	2108.7651	860.5173
222	19340.8467	-9217.1955	3518.8322	2108.7651	864.2551
223	19432.4496	-9257.3066	3518.8322	2108.7651	867.9930
224	19524.0525	-9297.4177	3518.8322	2108.7651	871.7308
225	19615.6555	-9337.5288	3518.8322	2108.7651	875.4687
226	19707.2584	-9377.6399	3518.8322	2108.7651	879.2065
227	19798.8614	-9417.7510	3518.8322	2108.7651	882.9444
228	19890.4643	-9457.8621	3518.8322	2108.7651	886.6822
229	19982.0672	-9497.9732	3518.8322	2108.7651	890.4201
230	20073.6702	-9538.0843	3518.8322	2108.7651	894.1579
231	20165.2731	-9578.1954	3518.8322	2108.7651	897.8958
232	20256.8761	-9618.3065	3518.8322	2108.7651	901.6336
233	20348.4790	-9658.4177	3518.8322	2108.7651	905.3715
234	20440.0820	-9698.5288	3518.8322	2108.7651	909.1093
235	20531.6849	-9738.6399	3518.8322	2108.7651	912.8472
236	20623.2878	-9778.7510	3518.8322	2108.7651	916.5850
237	20714.8908	-9818.8621	3518.8322	2108.7651	920.3229
238	20806.4937	-9858.9732	3518.8322	2108.7651	924.0607
239	20898.0967	-9899.0843	3518.8322	2108.7651	927.7986
240	20989.6996	-9939.1954	3518.8322	2108.7651	931.5364
241	21081.3025	-9979.3065	3518.8322	2108.7651	935.2743
242	21172.9055	-10019.4176	3518.8322	2108.7651	939.0121
243	21264.5084	-10059.5287	3518.8322	2108.7651	942.7500
244	21356.1114	-10099.6398	3518.8322	2108.7651	946.4878
245	21447.7143	-10139.7510	3518.8322	2108.7651	950.2257
246	21539.3173	-10179.8621	3518.8322	2108.7651	953.9635
247	21630.9202	-10219.9732	3518.8322	2108.7651	957.7014
248	21722.5231	-10260.0843	3518.8322	2108.7651	961.4392
249	21814.1261	-10300.1954	3518.8322	2108.7651	965.1771
250	21905.7290	-10340.3065	3518.8322	2108.7651	968.9149
251	21997.3320	-10380.4176	3518.8322	2108.7651	972.6528
252	22088.9349	-10420.5287	3518.8322	2108.7651	976.3906
253	22180.5378	-10460.6398	3518.8322	2108.7651	980.1285
254	22272.1408	-10500.7509	3518.8322	2108.7651	983.8663
255	22363.7437	-10540.8620	3518.8322	2108.7651	987.6042
256	22455.3467	-10580.9732	3518.8322	2108.7651	991.3420
257	22546.9496	-10621.0843	3518.8322	2108.7651	995.0799
258	22638.5526	-10661.1954	3518.8322	2108.7651	998.8177
259	22730.1555	-10701.3065	3518.8322	2108.7651	1002.5556
260	22821.7584	-10741.4176	3518.8322	2108.7651	1006.2934
261	22913.3614	-10781.5287	3518.8322	2108.7651	1010.0313
262	23004.9643	-10821.6398	3518.8322	2108.7651	1013.7691
263	23096.5673	-10861.7509	3518.8322	2108.7651	1017.5070
264	23188.1702	-10901.8620	3518.8322	2108.7651	1021.2448
265	23279.7732	-10941.9731	3518.8322	2108.7651	1024.9827
266	23371.3761	-10982.0842	3518.8322	2108.7651	1028.7205
267	23462.9790	-11022.1953	3518.8322	2108.7651	1032.4584
268	23554.5820	-11062.3065	3518.8322	2108.7651	1036.1962
269	23646.1849	-11102.4176	3518.8322	2108.7651	1039.9341
270	23737.7879	-11142.5287	3518.8322	2108.7651	1043.6719
271	23829.3908	-11182.6398	3518.8322	2108.7651	1047.4098
272	23920.9937	-11222.7509	3518.8322	2108.7651	1051.1476
273	24012.5967	-11262.8620	3518.8322	2108.7651	1054.8855
274	24104.1996	-11302.9731	3518.8322	2108.7651	1058.6233
275	24195.8026	-11343.0842	3518.8322	2108.7651	1062.3612
276	24287.4055	-11383.1953	3518.8322	2108.7651	1066.0990
277	24379.0085	-11423.3064	3518.8322	2108.7651	1069.8369
278	24470.6114	-11463.4175	3518.8322	2108.7651	1073.5747
279	24562.2143	-11503.5286	3518.8322	2108.7651	1077.3126
280	24653.8173	-11543.6398	3518.8322	2108.7651	1081.0504
281	24745.4202	-11583.7509	3518.8322	2108.7651	1084.7883
282	24837.0232	-11623.8620	3518.8322	2108.7651	1088.5261
283	24928.6261	-11663.9731	3518.8322	2108.7651	1092.2640
284	25020.2290	-11704.0842	3518.8322	2108.7651	1096.0018
285	25111.8320	-11744.1953	3518.8322	2108.7651	1099.7397
286	25203.4349	-11784.3064	3518.8322	2108.7651	1103.4775
287	25295.0379	-11824.4175	3518.8322	2108.7651	1107.2154
288	25386.6408	-11864.5286	3518.8322	2108.7651	1110.9533
289	25478.2438	-11904.6397	3518.8322	2108.7651	1114.6911
290	25569.8467	-11944.7508	3518.8322	2108.7651	1118.4290
291	25661.4496	-11984.8620	3518.8322	2108.7651	1122.1668
292	25753.0526	-12024.9731	3518.8322	2108.7651	1125.9047
293	25844.6555	-12065.0842	3518.8322	2108.7651	1129.6425
294	25936.2585	-12105.1953	3518.8322	2108.7651	1133.3804
295	26027.8614	-12145.3064	3518.8322	2108.7651	1137.1182
296	26119.4644	-12185.4175	3518.8322	2108.7651	1140.8561
297	26211.0673	-12225.5286	3518.8322	2108.7651	1144.5939
298	26302.6702	-12265.6397	3518.8322	2108.7651	1148.3318
299	26394.2732	-12305.7508	3518.8322	2108.7651	1152.0696
300	26485.8761	-12345.8619	3518.8322	2108.7651	1155.8075
301	26577.4791	-12385.9730	3518.8322	2108.7651	1159.5453
302	26669.0820	-12426.0841	3518.8322	2108.7651	1163.2832
303	26760.6849	-12466.1953	3518.8322	2108.7651	1167.0210
304	26852.2879	-12506.3064	3518.8322	2108.7651	1170.7589
305	26943.8908	-12546.4175	3518.8322	2108.7651	1174.4967
306	27035.4938	-12586.5286	3518.8322	2108.7651	1178.2346
307	27127.0967	-12626.6397	3518.8322	2108.7651	1181.9724
308	27218.6997	-12666.7508	3518.8322	2108.7651	1185.7103
309	27310.3026	-12706.8619	3518.8322	2108.7651	1189.4481
310	27401.9055	-12746.9730	3518.8322	2108.7651	1193.1860
311	27493.5085	-12787.0841	3518.8322	2108.7651	1196.9238
312	27585.1114	-12827.1952	3518.8322	2108.7651	1200.6617
313	27676.7144	-12867.3063	3518.8322	2108.7651	1204.3995
314	27768.3173	-12907.4175	3518.8322	2108.7651	1208.1374
315	27859.9202	-12947.5286	3518.8322	2108.7651	1211.8752
316	27951.5232	-12987.6397	3518.8322	2108.7651	1215.6131
317	28043.1261	-13027.7508	3518.8322	2108.7651	1219.3509
318	28134.7291	-13067.8619	3518.8322	2108.7651	1223.0888
319	28226.3320	-13107.9730	3518.8322	2108.7651	1226.8266
320	28317.9350	-13148.0841	3518.8322	2108.7651	1230.5645
321	28409.5379	-13188.1952	3518.8322	2108.7651	1234.3023
322	28501.1408	-13228.3063	3518.8322	2108.7651	1238.0402
323	28592.7438	-13268.4174	3518.8322	2108.7651	1241.7780
324	28684.3467	-13308.5285	3518.8322	2108.7651	1245.5159
325	28775.9497	-13348.6396	3518.8322	2108.7651	1249.2537
326	28867.5526	-13388.7508	3518.8322	2108.7651	1252.9916
327	28959.1556	-13428.8619	3518.8322	2108.7651	1256.7294
328	29050.7585	-13468.9730	3518.8322	2108.7651	1260.4673
329	29142.3614	-13509.0841	3518.8322	2108.7651	1264.2051
330	29233.9644	-13549.1952	3518.8322	2108.7651	1267.9430
331	29325.5673	-13589.3063	3518.8322	2108.7651	1271.6808
332	29417.1703	-13629.4174	3518.8322	2108.7651	1275.4187
333	29508.7732	-13669.5285	3518.8322	2108.7651	1279.1565
334	29600.3761	-13709.6396	3518.8322	2108.7651	1282.8944
335	29691.9791	-13749.7507	3518.8322	2108.7651	1286.6322
336	29783.5820	-13789.8618	3518.8322	2108.7651	1290.3701
337	29875.1850	-13829.9729	3518.8322	2108.7651	1294.1079
338	29966.7879	-13870.0841	3518.8322	2108.7651	1297.8458
339	30058.3909	-13910.1952	3518.8322	2108.7651	1301.5836
340	30149.9938	-13950.3063	3518.8322	2108.7651	1305.3215
341	30241.5967	-13990.4174	3518.8322	2108.7651	1309.0593
342	30333.1997	-14030.5285	3518.8322	2108.7651	1312.7972
343	30424.8026	-14070.6396	3518.8322	2108.7651	1316.5350
344	30516.4056	-14110.7507	3518.8322	2108.7651	1320.2729
345	30608.0085	-14150.8618	3518.8322	2108.7651	1324.0107
346	30699.6114	-14190.9729	3518.8322	2108.7651	1327.7486
347	30791.2144	-14231.0840	3518.8322	2108.7651	1331.4864
348	30882.8173	-14271.1951	3518.8322	2108.7651	1335.2243
349	30974.4203	-14311.3063	3518.8322	2108.7651	1338.9621
350	31066.0232	-14351.4174	3518.8322	2108.7651	1342.7000
351	31157.6262	-14391.5285	3518.8322	2108.7651	1346.4378
352	31249.2291	-14431.6396	3518.8322	2108.7651	1350.1757
353	31340.8320	-14471.7507	3518.8322	2108.7651	1353.9135
354	31432.4350	-14511.8618	3518.8322	2108.7651	1357.6514
355	31524.0379	-14551.9729	3518.8322	2108.7651	1361.3892
356	31615.6409	-14592.0840	3518.8322	2108.7651	1365.1271
357	31707.2438	-14632.1951	3518.8322	2108.7651	1368.8649
358	31798.8468	-14672.3062	3518.8322	2108.7651	1372.6028
359	31890.4497	-14712.4173	3518.8322	2108.7651	1376.3406
360	31982.0526	-14752.5284	3518.8322	2108.7651	1380.0785
361	32073.6556	-14792.6396	3518.8322	2108.7651	1383.8163
362	32165.2585	-14832.7507	3518.8322	2108.7651	1387.5542
363	32256.8615	-14872.8618	3518.8322	2108.7651	1391.2920
364	32348.4644	-14912.9729	3518.8322	2108.7651	1395.0299
365	32440.0673	-14953.0840	3518.8322	2108.7651	1398.7677
366	32531.6703	-14993.1951	3518.8322	2108.7651	1402.5056
367	32623.2732	-15033.3062	3518.8322	2108.7651	1406.2434
368	32714.8762	-15073.4173	3518.8322	2108.7651	1409.9813
369	32806.4791	-15113.5284	3518.8322	2108.7651	1413.7191
370	32898.0821	-15153.6395	3518.8322	2108.7651	1417.4570
371	32989.6850	-15193.7506	3518.8322	2108.7651	1421.1948
372	33081.2879	-15233.8618	3518.8322	2108.7651	1424.9327
373	33172.8909	-15273.9729	3518.8322	2108.7651	1428.6705
374	33264.4938	-15314.0840	3518.8322	2108.7651	1432.4084
375	33356.0968	-15354.1951	3518.8322	2108.7651	1436.1462
376	33447.6997	-15394.3062	3518.8322	2108.7651	1439.8841
377	33539.3026	-15434.4173	3518.8322	2108.7651	1443.6219
378	33630.9056	-15474.5284	3518.8322	2108.7651	1447.3598
379	33722.5085	-15514.6395	3518.8322	2108.7651	1451.0976
380	33814.1115	-15554.7506	3518.8322	2108.7651	1454.8355
381	33905.7144	-15594.8617	3518.8322	2108.7651	1458.5733
382	33997.3174	-15634.9728	3518.8322	2108.7651	1462.3112
383	34088.9203	-15675.0839	3518.8322	2108.7651	1466.0490
384	34180.5232	-15715.1951	3518.8322	2108.7651	1469.7869
385	34272.1262	-15755.3062	3518.8322	2108.7651	1473.5247
386	34363.7291	-15795.4173	3518.8322	2108.7651	1477.2626
387	34455.3321	-15835.5284	3518.8322	2108.7651	1481.0004
388	34546.9350	-15875.6395	3518.8322	2108.7651	1484.7383
389	34638.5379	-15915.7506	3518.8322	2108.7651	1488.4761
390	34730.1409	-15955.8617	3518.8322	2108.7651	1492.2140
391	34821.7438	-15995.9728	3518.8322	2108.7651	1495.9518
392	34913.3468	-16036.0839	3518.8322	2108.7651	1499.6897
393	35004.9497	-16076.1950	3518.8322	2108.7651	1503.4275
394	35096.5527	-16116.3061	3518.8322	2108.7651	1507.1654
395	35188.1556	-16156.4172	3518.8322	2108.7651	1510.9032
396	35279.7585	-16196.5284	3518.8322	2108.7651	1514.6411
397	35371.3615	-16236.6395	3518.8322	2108.7651	1518.3789
398	35462.9644	-16276.7506	3518.8322	2108.7651	1522.1168
399	35554.5674	-16316.8617	3518.8322	2108.7651	1525.8546
400	35646.1703	-16356.9728	3518.8322	2108.7651	1529.5925
401	35737.7733	-16397.0839	3518.8322	2108.7651	1533.3303
402	35829.3762	-16437.1950	3518.8322	2108.7651	1537.0682
403	35920.9791	-16477.3061	3518.8322	2108.7651	1540.8060
404	36012.5821	-16517.4172	3518.8322	2108.7651	1544.5439
405	36104.1850	-16557.5283	3518.8322	2108.7651	1548.2817
406	36195.7880	-16597.6394	3518.8322	2108.7651	1552.0196
407	36287.3909	-16637.7506	3518.8322	2108.7651	1555.7574
408	36378.9938	-16677.8617	3518.8322	2108.7651	1559.4953
409	36470.5968	-16717.9728	3518.8322	2108.7651	1563.2331
410	36562.1997	-16758.0839	3518.8322	2108.7651	1566.9710
411	36653.8027	-16798.1950	3518.8322	2108.7651	1570.7088
412	36745.4056	-16838.3061	3518.8322	2108.7651	1574.4467
413	36837.0086	-16878.4172	3518.8322	2108.7651	1578.1845
414	36928.6115	-16918.5283	3518.8322	2108.7651	1581.9224
415	37020.2144	-16958.6394	3518.8322	2108.7651	1585.6602
416	37111.8174	-16998.7505	3518.8322	2108.7651	1589.3981
417	37203.4203	-17038.8616	3518.8322	2108.7651	1593.1360
418	37295.0233	-17078.9727	3518.8322	2108.7651	1596.8738
419	37386.6262	-17119.0839	3518.8322	2108.7651	1600.6117
420	37478.2291	-17159.1950	3518.8322	2108.7651	1604.3495
421	37569.8321	-17199.3061	3518.8322	2108.7651	1608.0874
422	37661.4350	-17239.4172	3518.8322	2108.7651	1611.8252
423	37753.0380	-17279.5283	3518.8322	2108.7651	1615.5631
424	37844.6409	-17319.6394	3518.8322	2108.7651	1619.3009
425	37936.2439	-17359.7505	3518.8322	2108.7651	1623.0388
426	38027.8468	-17399.8616	3518.8322	2108.7651	1626.7766
427	38119.4497	-17439.9727	3518.8322	2108.7651	1630.5145
428	38211.0527	-17480.0838	3518.8322	2108.7651	1634.2523
429	38302.6556	-17520.1949	3518.8322	2108.7651	1637.9902
430	38394.2586	-17560.3060	3518.8322	2108.7651	1641.7280
431	38485.8615	-17600.4172	3518.8322	2108.7651	1645.4659
432	38577.4645	-17640.5283	3518.8322	2108.7651	1649.2037
433	38669.0674	-17680.6394	3518.8322	2108.7651	1652.9416
434	38760.6703	-17720.7505	3518.8322	2108.7651	1656.6794
435	38852.2733	-17760.8616	3518.8322	2108.7651	1660.4173
436	38943.8762	-17800.9727	3518.8322	2108.7651	1664.1551
437	39035.4792	-17841.0838	3518.8322	2108.7651	1667.8930
438	39127.0821	-17881.1949	3518.8322	2108.7651	1671.6308
439	39218.6850	-17921.3060	3518.8322	2108.7651	1675.3687
440	39310.2880	-17961.4171	3518.8322	2108.7651	1679.1065
441	39401.8909	-18001.5282	3518.8322	2108.7651	1682.8444
442	39493.4939	-18041.6394	3518.8322	2108.7651	1686.5822
443	39585.0968	-18081.7505	3518.8322	2108.7651	1690.3201
444	39676.6998	-18121.8616	3518.8322	2108.7651	1694.0579
445	39768.3027	-18161.9727	3518.8322	2108.7651	1697.7958
446	39859.9056	-18202.0838	3518.8322	2108.7651	1701.5336
447	39951.5086	-18242.1949	3518.8322	2108.7651	1705.2715
448	40043.1115	-18282.3060	3518.8322	2108.7651	1709.0093
449	40134.7145	-18322.4171	3518.8322	2108.7651	1712.7472
450	40226.3174	-18362.5282	3518.8322	2108.7651	1716.4850
451	40317.9203	-18402.6393	3518.8322	2108.7651	1720.2229
452	40409.5233	-18442.7504	3518.8322	2108.7651	1723.9607
453	40501.1262	-18482.8615	3518.8322	2108.7651	1727.6986
454	40592.7292	-18522.9727	3518.8322	2108.7651	1731.4364
455	40684.3321	-18563.0838	3518.8322	2108.7651	1735.1743
456	40775.9351	-18603.1949	3518.8322	2108.7651	1738.9121
457	40867.5380	-18643.3060	3518.8322	2108.7651	1742.6500
458	40959.1409	-18683.4171	3518.8322	2108.7651	1746.3878
459	41050.7439	-18723.5282	3518.8322	2108.7651	1750.1257
460	41142.3468	-18763.6393	3518.8322	2108.7651	1753.8635
461	41233.9498	-18803.7504	3518.8322	2108.7651	1757.6014
462	41325.5527	-18843.8615	3518.8322	2108.7651	1761.3392
463	41417.1557	-18883.9726	3518.8322	2108.7651	1765.0771
464	41508.7586	-18924.0837	3518.8322	2108.7651	1768.8149
465	41600.3615	-18964.1949	3518.8322	2108.7651	1772.5528
466	41691.9645	-19004.3060	3518.8322	2108.7651	1776.2906
467	41783.5674	-19044.4171	3518.8322	2108.7651	1780.0285
468	41875.1704	-19084.5282	3518.8322	2108.7651	1783.7663
469	41966.7733	-19124.6393	3518.8322	2108.7651	1787.5042
470	42058.3762	-19164.7504	3518.8322	2108.7651	1791.2420
471	42149.9792	-19204.8615	3518.8322	2108.7651	1794.9799
472	42241.5821	-19244.9726	3518.8322	2108.7651	1798.7177
473	42333.1851	-19285.0837	3518.8322	2108.7651	1802.4556
474	42424.7880	-19325.1948	3518.8322	2108.7651	1806.1934
475	42516.3910	-19365.3059	3518.8322	2108.7651	1809.9313
476	42607.9939	-19405.4170	3518.8322	2108.7651	1813.6691
477	42699.5968	-19445.5282	3518.8322	2108.7651	1817.4070
478	42791.1998	-19485.6393	3518.8322	2108.7651	1821.1448
479	42882.8027	-19525.7504	3518.8322	2108.7651	1824.8827
480	42974.4057	-19565.8615	3518.8322	2108.7651	1828.6205
481	43066.0086	-19605.9726	3518.8322	2108.7651	1832.3584
482	43157.6115	-19646.0837	3518.8322	2108.7651	1836.0962
483	43249.2145	-19686.1948	3518.8322	2108.7651	1839.8341
484	43340.8174	-19726.3059	3518.8322	2108.7651	1843.5719
485	43432.4204	-19766.4170	3518.8322	2108.7651	1847.3098
486	43524.0233	-19806.5281	3518.8322	2108.7651	1851.0476
487	43615.6263	-19846.6392	3518.8322	2108.7651	1854.7855
488	43707.2292	-19886.7503	3518.8322	2108.7651	1858.5233
489	43798.8321	-19926.8615	3518.8322	2108.7651	1862.2612
490	43890.4351	-19966.9726	3518.8322	2108.7651	1865.9990
491	43982.0380	-20007.0837	3518.8322	2108.7651	1869.7369
492	44073.6410	-20047.1948	3518.8322	2108.7651	1873.4747
493	44165.2439	-20087.3059	3518.8322	2108.7651	1877.2126
494	44256.8468	-20127.4170	3518.8322	2108.7651	1880.9504
495	44348.4498	-20167.5281	3518.8322	2108.7651	1884.6883
496	44440.0527	-20207.6392	3518.8322	2108.7651	1888.4261
497	44531.6557	-20247.7503	3518.8322	2108.7651	1892.1640
498	44623.2586	-20287.8614	3518.8322	2108.7651	1895.9018
499	44714.8616	-20327.9725	3518.8322	2108.7651	1899.6397
500	44806.4645	-20368.0837	3518.8322	2108.7651	1903.3775
501	44898.0674	-20408.1948	3518.8322	2108.7651	1907.1154
502	44989.6704	-20448.3059	3518.8322	2108.7651	1910.8532
503	45081.2733	-20488.4170	3518.8322	2108.7651	1914.5911
504	45172.8763	-20528.5281	3518.8322	2108.7651	1918.3289
505	45264.4792	-20568.6392	3518.8322	2108.7651	1922.0668
506	45356.0822	-20608.7503	3518.8322	2108.7651	1925.8046
507	45447.6851	-20648.8614	3518.8322	2108.7651	1929.5425
508	45539.2880	-20688.9725	3518.8322	2108.7651	1933.2803
509	45630.8910	-20729.0836	3518.8322	2108.7651	1937.0182
510	45722.4939	-20769.1947	3518.8322	2108.7651	1940.7560
511	45814.0969	-20809.3058	3518.8322	2108.7651	1944.4939
512	45905.6998	-20849.4170	3518.8322	2108.7651	1948.2317
513	45997.3027	-20889.5281	3518.8322	2108.7651	1951.9696
514	46088.9057	-20929.6392	3518.8322	2108.7651	1955.7074
515	46180.5086	-20969.7503	3518.8322	2108.7651	1959.4453
516	46272.1116	-21009.8614	3518.8322	2108.7651	1963.1831
517	46363.7145	-21049.9725	3518.8322	2108.7651	1966.9210
518	46455.3175	-21090.0836	3518.8322	2108.7651	1970.6588
519	46546.9204	-21130.1947	3518.8322	2108.7651	1974.3967
520	46638.5233	-21170.3058	3518.8322	2108.7651	1978.1345
521	46730.1263	-21210.4169	3518.8322	2108.7651	1981.8724
522	46821.7292	-21250.5280	3518.8322	2108.7651	1985.6102
523	46913.3322	-21290.6392	3518.8322	2108.7651	1989.3481
524	47004.9351	-21330.7503	3518.8322	2108.7651	1993.0859
525	47096.5380	-21370.8614	3518.8322	2108.7651	1996.8238
526	47188.1410	-21410.9725	3518.8322	2108.7651	2000.5616
527	47279.7439	-21451.0836	3518.8322	2108.7651	2004.2995
528	47371.3469	-21491.1947	3518.8322	2108.7651	2008.0373
529	47462.9498	-21531.3058	3518.8322	2108.7651	2011.7752
530	47554.5528	-21571.4169	3518.8322	2108.7651	2015.5130
531	47646.1557	-21611.5280	3518.8322	2108.7651	2019.2509
532	47737.7586	-21651.6391	3518.8322	2108.7651	2022.9887
533	47829.3616	-21691.7502	3518.8322	2108.7651	2026.7266
534	47920.9645	-21731.8613	3518.8322	2108.7651	2030.4644
535	48012.5675	-21771.9725	3518.8322	2108.7651	2034.2023
536	48104.1704	-21812.0836	3518.8322	2108.7651	2037.9401
537	48195.7734	-21852.1947	3518.8322	2108.7651	2041.6780
538	48287.3763	-21892.3058	3518.8322	2108.7651	2045.4158
539	48378.9792	-21932.4169	3518.8322	2108.7651	2049.1537
540	48470.5822	-21972.5280	3518.8322	2108.7651	2052.8915
541	48562.1851	-22012.6391	3518.8322	2108.7651	2056.6294
542	48653.7881	-22052.7502	3518.8322	2108.7651	2060.3672
543	48745.3910	-22092.8613	3518.8322	2108.7651	2064.1051
544	48836.9939	-22132.9724	3518.8322	2108.7651	2067.8429
545	48928.5969	-22173.0835	3518.8322	2108.7651	2071.5808
546	49020.1998	-22213.1946	3518.8322	2108.7651	2075.3187
547	49111.8028	-22253.3058	3518.8322	2108.7651	2079.0565
548	49203.4057	-22293.4169	3518.8322	2108.7651	2082.7944
549	49295.0087	-22333.5280	3518.8322	2108.7651	2086.5322
550	49386.6116	-22373.6391	3518.8322	2108.7651	2090.2701
551	49478.2145	-22413.7502	3518.8322	2108.7651	2094.0079
552	49569.8175	-22453.8613	3518.8322	2108.7651	2097.7458
553	49661.4204	-22493.9724	3518.8322	2108.7651	2101.4836
554	49753.0234	-22534.0835	3518.8322	2108.7651	2105.2215
555	49844.6263	-22574.1946	3518.8322	2108.7651	2108.9593
556	49936.2292	-22614.3057	3518.8322	2108.7651	2112.6972
557	50027.8322	-22654.4168	3518.8322	2108.7651	2116.4350
558	50119.4351	-22694.5280	3518.8322	2108.7651	2120.1729
559	50211.0381	-22734.6391	3518.8322	2108.7651	2123.9107
560	50302.6410	-22774.7502	3518.8322	2108.7651	2127.6486
561	50394.2440	-22814.8613	3518.8322	2108.7651	2131.3864
562	50485.8469	-22854.9724	3518.8322	2108.7651	2135.1243
563	50577.4498	-22895.0835	3518.8322	2108.7651	2138.8621
564	50669.0528	-22935.1946	3518.8322	2108.7651	2142.6000
565	50760.6557	-22975.3057	3518.8322	2108.7651	2146.3378
566	50852.2587	-23015.4168	3518.8322	2108.7651	2150.0757
567	50943.8616	-23055.5279	3518.8322	2108.7651	2153.8135
568	51035.4646	-23095.6390	3518.8322	2108.7651	2157.5514
569	51127.0675	-23135.7501	3518.8322	2108.7651	2161.2892
570	51218.6704	-23175.8613	3518.8322	2108.7651	2165.0271
571	51310.2734	-23215.9724	3518.8322	2108.7651	2168.7649
572	51401.8763	-23256.0835	3518.8322	2108.7651	2172.5028
573	51493.4793	-23296.1946	3518.8322	2108.7651	2176.2406
574	51585.0822	-23336.3057	3518.8322	2108.7651	2179.9785
575	51676.6851	-23376.4168	3518.8322	2108.7651	2183.7163
576	51768.2881	-23416.5279	3518.8322	2108.7651	2187.4542
577	51859.8910	-23456.6390	3518.8322	2108.7651	2191.1920
578	51951.4940	-23496.7501	3518.8322	2108.7651	2194.9299
579	52043.0969	-23536.8612	3518.8322	2108.7651	2198.6677
580	52134.6999	-23576.9723	3518.8322	2108.7651	2202.4056
581	52226.3028	-23617.0834	3518.8322	2108.7651	2206.1434
582	52317.9057	-23657.1946	3518.8322	2108.7651	2209.8813
583	52409.5087	-23697.3057	3518.8322	2108.7651	2213.6191
584	52501.1116	-23737.4168	3518.8322	2108.7651	2217.3570
585	52592.7146	-23777.5279	3518.8322	2108.7651	2221.0948
586	52684.3175	-23817.6390	3518.8322	2108.7651	2224.8327
587	52775.9204	-23857.7501	3518.8322	2108.7651	2228.5705
588	52867.5234	-23897.8612	3518.8322	2108.7651	2232.3084
589	52959.1263	-23937.9723	3518.8322	2108.7651	2236.0462
590	53050.7293	-23978.0834	3518.8322	2108.7651	2239.7841
591	53142.3322	-24018.1945	3518.8322	2108.7651	2243.5219
592	53233.9352	-24058.3056	3518.8322	2108.7651	2247.2598
593	53325.5381	-24098.4168	3518.8322	2108.7651	2250.9976
594	53417.1410	-24138.5279	3518.8322	2108.7651	2254.7355
595	53508.7440	-24178.6390	3518.8322	2108.7651	2258.4733
596	53600.3469	-24218.7501	3518.8322	2108.7651	2262.2112
597	53691.9499	-24258.8612	3518.8322	2108.7651	2265.9490
598	53783.5528	-24298.9723	3518.8322	2108.7651	2269.6869
599	53875.1557	-24339.0834	3518.8322	2108.7651	2273.4247
600	53966.7587	-24379.1945	3518.8322	2108.7651	2277.1626
601	54058.3616	-24419.3056	3518.8322	2108.7651	2280.9004
602	54149.9646	-24459.4167	3518.8322	2108.7651	2284.6383
603	54241.5675	-24499.5278	3518.8322	2108.7651	2288.3761
604	54333.1705	-24539.6389	3518.8322	2108.7651	2292.1140
605	54424.7734	-24579.7501	3518.8322	2108.7651	2295.8518
606	54516.3763	-24619.8612	3518.8322	2108.7651	2299.5897
607	54607.9793	-24659.9723	3518.8322	2108.7651	2303.3275
608	54699.5822	-24700.0834	3518.8322	2108.7651	2307.0654
609	54791.1852	-24740.1945	3518.8322	2108.7651	2310.8032
610	54882.7881	-24780.3056	3518.8322	2108.7651	2314.5411
611	54974.3911	-24820.4167	3518.8322	2108.7651	2318.2789
612	55065.9940	-24860.5278	3518.8322	2108.7651	2322.0168
613	55157.5969	-24900.6389	3518.8322	2108.7651	2325.7546
614	55249.1999	-24940.7500	3518.8322	2108.7651	2329.4925
615	55340.8028	-24980.8611	3518.8322	2108.7651	2333.2303
616	55432.4058	-25020.9723	3518.8322	2108.7651	2336.9682
617	55524.0087	-25061.0834	3518.8322	2108.7651	2340.7060
618	55615.6116	-25101.1945	3518.8322	2108.7651	2344.4439
619	55707.2146	-25141.3056	3518.8322	2108.7651	2348.1817
620	55798.8175	-25181.4167	3518.8322	2108.7651	2351.9196
621	55890.4205	-25221.5278	3518.8322	2108.7651	2355.6574
622	55982.0234	-25261.6389	3518.8322	2108.7651	2359.3953
623	56073.6264	-25301.7500	3518.8322	2108.7651	2363.1331
624	56165.2293	-25341.8611	3518.8322	2108.7651	2366.8710
625	56256.8322	-25381.9722	3518.8322	2108.7651	2370.6088
626	56348.4352	-25422.0833	3518.8322	2108.7651	2374.3467
627	56440.0381	-25462.1944	3518.8322	2108.7651	2378.0845
628	56531.6411	-25502.3056	3518.8322	2108.7651	2381.8224
629	56623.2440	-25542.4167	3518.8322	2108.7651	2385.5602
630	56714.8469	-25582.5278	3518.8322	2108.7651	2389.2981
631	56806.4499	-25622.6389	3518.8322	2108.7651	2393.0359
632	56898.0528	-25662.7500	3518.8322	2108.7651	2396.7738
633	56989.6558	-25702.8611	3518.8322	2108.7651	2400.5116
634	57081.2587	-25742.9722	3518.8322	2108.7651	2404.2495
635	57172.8617	-25783.0833	3518.8322	2108.7651	2407.9873
636	57264.4646	-25823.1944	3518.8322	2108.7651	2411.7252
637	57356.0675	-25863.3055	3518.8322	2108.7651	2415.4630
638	57447.6705	-25903.4166	3518.8322	2108.7651	2419.2009
639	57539.2734	-25943.5277	3518.8322	2108.7651	2422.9387
640	57630.8764	-25983.6389	3518.8322	2108.7651	2426.6766
641	57722.4793	-26023.7500	3518.8322	2108.7651	2430.4144
642	57814.0823	-26063.8611	3518.8322	2108.7651	2434.1523
643	57905.6852	-26103.9722	3518.8322	2108.7651	2437.8901
644	57997.2881	-26144.0833	3518.8322	2108.7651	2441.6280
645	58088.8911	-26184.1944	3518.8322	2108.7651	2445.3658
646	58180.4940	-26224.3055	3518.8322	2108.7651	2449.1037
647	58272.0970	-26264.4166	3518.8322	2108.7651	2452.8415
648	58363.6999	-26304.5277	3518.8322	2108.7651	2456.5794
649	58455.3028	-26344.6388	3518.8322	2108.7651	2460.3172
650	58546.9058	-26384.7499	3518.8322	2108.7651	2464.0551
651	58638.5087	-26424.8611	3518.8322	2108.7651	2467.7929
652	58730.1117	-26464.9722	3518.8322	2108.7651	2471.5308
653	58821.7146	-26505.0833	3518.8322	2108.7651	2475.2686
654	58913.3176	-26545.1944	3518.8322	2108.7651	2479.0065
655	59004.9205	-26585.3055	3518.8322	2108.7651	2482.7443
656	59096.5234	-26625.4166	3518.8322	2108.7651	2486.4822
657	59188.1264	-26665.5277	3518.8322	2108.7651	2490.2200
658	59279.7293	-26705.6388	3518.8322	2108.7651	2493.9579
659	59371.3323	-26745.7499	3518.8322	2108.7651	2497.6957
660	59462.9352	-26785.8610	3518.8322	2108.7651	2501.4336
661	59554.5381	-26825.9721	3518.8322	2108.7651	2505.1714
662	59646.1411	-26866.0832	3518.8322	2108.7651	2508.9093
663	59737.7440	-26906.1944	3518.8322	2108.7651	2512.6471
664	59829.3470	-26946.3055	3518.8322	2108.7651	2516.3850
665	59920.9499	-26986.4166	3518.8322	2108.7651	2520.1228
666	60012.5529	-27026.5277	3518.8322	2108.7651	2523.8607
667	60104.1558	-27066.6388	3518.8322	2108.7651	2527.5985
668	60195.7587	-27106.7499	3518.8322	2108.7651	2531.3364
669	60287.3617	-27146.8610	3518.8322	2108.7651	2535.0742
670	60378.9646	-27186.9721	3518.8322	2108.7651	2538.8121
671	60470.5676	-27227.0832	3518.8322	2108.7651	2542.5499
672	60562.1705	-27267.1943	3518.8322	2108.7651	2546.2878
673	60653.7735	-27307.3054	3518.8322	2108.7651	2550.0256
674	60745.3764	-27347.4166	3518.8322	2108.7651	2553.7635
675	60836.9793	-27387.5277	3518.8322	2108.7651	2557.5014
676	60928.5823	-27427.6388	3518.8322	2108.7651	2561.2392
677	61020.1852	-27467.7499	3518.8322	2108.7651	2564.9771
678	61111.7882	-27507.8610	3518.8322	2108.7651	2568.7149
679	61203.3911	-27547.9721	3518.8322	2108.7651	2572.4528
680	61294.9940	-27588.0832	3518.8322	2108.7651	2576.1906
681	61386.5970	-27628.1943	3518.8322	2108.7651	2579.9285
682	61478.1999	-27668.3054	3518.8322	2108.7651	2583.6663
683	61569.8029	-27708.4165	3518.8322	2108.7651	2587.4042
684	61661.4058	-27748.5276	3518.8322	2108.7651	2591.1420
685	61753.0088	-27788.6387	3518.8322	2108.7651	2594.8799
686	61844.6117	-27828.7499	3518.8322	2108.7651	2598.6177
687	61936.2146	-27868.8610	3518.8322	2108.7651	2602.3556
688	62027.8176	-27908.9721	3518.8322	2108.7651	2606.0934
689	62119.4205	-27949.0832	3518.8322	2108.7651	2609.8313
690	62211.0235	-27989.1943	3518.8322	2108.7651	2613.5691
691	62302.6264	-28029.3054	3518.8322	2108.7651	2617.3070
692	62394.2293	-28069.4165	3518.8322	2108.7651	2621.0448
693	62485.8323	-28109.5276	3518.8322	2108.7651	2624.7827
694	62577.4352	-28149.6387	3518.8322	2108.7651	2628.5205
695	62669.0382	-28189.7498	3518.8322	2108.7651	2632.2584
696	62760.6411	-28229.8609	3518.8322	2108.7651	2635.9962
697	62852.2441	-28269.9720	3518.8322	2108.7651	2639.7341
698	62943.8470	-28310.0832	3518.8322	2108.7651	2643.4719
699	63035.4499	-28350.1943	3518.8322	2108.7651	2647.2098
700	63127.0529	-28390.3054	3518.8322	2108.7651	2650.9476
701	63218.6558	-28430.4165	3518.8322	2108.7651	2654.6855
702	63310.2588	-28470.5276	3518.8322	2108.7651	2658.4233
703	63401.8617	-28510.6387	3518.8322	2108.7651	2662.1612
704	63493.4647	-28550.7498	3518.8322	2108.7651	2665.8990
705	63585.0676	-28590.8609	3518.8322	2108.7651	2669.6369
706	63676.6705	-28630.9720	3518.8322	2108.7651	2673.3747
707	63768.2735	-28671.0831	3518.8322	2108.7651	2677.1126
708	63859.8764	-28711.1942	3518.8322	2108.7651	2680.8504
709	63951.4794	-28751.3054	3518.8322	2108.7651	2684.5883
710	64043.0823	-28791.4165	3518.8322	2108.7651	2688.3261
711	64134.6852	-28831.5276	3518.8322	2108.7651	2692.0640
712	64226.2882	-28871.6387	3518.8322	2108.7651	2695.8018
713	64317.8911	-28911.7498	3518.8322	2108.7651	2699.5397
714	64409.4941	-28951.8609	3518.8322	2108.7651	2703.2775
715	64501.0970	-28991.9720	3518.8322	2108.7651	2707.0154
716	64592.7000	-29032.0831	3518.8322	2108.7651	2710.7532
717	64684.3029	-29072.1942	3518.8322	2108.7651	2714.4911
718	64775.9058	-29112.3053	3518.8322	2108.7651	2718.2289
719	64867.5088	-29152.4164	3518.8322	2108.7651	2721.9668
720	64959.1117	-29192.5275	3518.8322	2108.7651	2725.7046
721	65050.7147	-29232.6387	3518.8322	2108.7651	2729.4425
722	65142.3176	-29272.7498	3518.8322	2108.7651	2733.1803
723	65233.9205	-29312.8609	3518.8322	2108.7651	2736.9182
724	65325.5235	-29352.9720	3518.8322	2108.7651	2740.6560
725	65417.1264	-29393.0831	3518.8322	2108.7651	2744.3939
726	65508.7294	-29433.1942	3518.8322	2108.7651	2748.1317
727	65600.3323	-29473.3053	3518.8322	2108.7651	2751.8696
728	65691.9353	-29513.4164	3518.8322	2108.7651	2755.6074
729	65783.5382	-29553.5275	3518.8322	2108.7651	2759.3453
730	65875.1411	-29593.6386	3518.8322	2108.7651	2763.0831
731	65966.7441	-29633.7497	3518.8322	2108.7651	2766.8210
732	66058.3470	-29673.8609	3518.8322	2108.7651	2770.5588
733	66149.9500	-29713.9720	3518.8322	2108.7651	2774.2967
734	66241.5529	-29754.0831	3518.8322	2108.7651	2778.0345
735	66333.1558	-29794.1942	3518.8322	2108.7651	2781.7724
736	66424.7588	-29834.3053	3518.8322	2108.7651	2785.5102
737	66516.3617	-29874.4164	3518.8322	2108.7651	2789.2481
738	66607.9647	-29914.5275	3518.8322	2108.7651	2792.9859
739	66699.5676	-29954.6386	3518.8322	2108.7651	2796.7238
740	66791.1706	-29994.7497	3518.8322	2108.7651	2800.4616
741	66882.7735	-30034.8608	3518.8322	2108.7651	2804.1995
742	66974.3764	-30074.9719	3518.8322	2108.7651	2807.9373
743	67065.9794	-30115.0830	3518.8322	2108.7651	2811.6752
744	67157.5823	-30155.1942	3518.8322	2108.7651	2815.4130
745	67249.1853	-30195.3053	3518.8322	2108.7651	2819.1509
746	67340.7882	-30235.4164	3518.8322	2108.7651	2822.8887
747	67432.3912	-30275.5275	3518.8322	2108.7651	2826.6266
748	67523.9941	-30315.6386	3518.8322	2108.7651	2830.3644
749	67615.5970	-30355.7497	3518.8322	2108.7651	2834.1023
750	67707.2000	-30395.8608	3518.8322	2108.7651	2837.8401
751	67798.8029	-30435.9719	3518.8322	2108.7651	2841.5780
752	67890.4059	-30476.0830	3518.8322	2108.7651	2845.3158
753	67982.0088	-30516.1941	3518.8322	2108.7651	2849.0537
754	68073.6117	-30556.3052	3518.8322	2108.7651	2852.7915
755	68165.2147	-30596.4163	3518.8322	2108.7651	2856.5294
756	68256.8176	-30636.5275	3518.8322	2108.7651	2860.2672
757	68348.4206	-30676.6386	3518.8322	2108.7651	2864.0051
758	68440.0235	-30716.7497	3518.8322	2108.7651	2867.7429
759	68531.6265	-30756.8608	3518.8322	2108.7651	2871.4808
760	68623.2294	-30796.9719	3518.8322	2108.7651	2875.2186
761	68714.8323	-30837.0830	3518.8322	2108.7651	2878.9565
762	68806.4353	-30877.1941	3518.8322	2108.7651	2882.6943
763	68898.0382	-30917.3052	3518.8322	2108.7651	2886.4322
764	68989.6412	-30957.4163	3518.8322	2108.7651	2890.1700
765	69081.2441	-30997.5274	3518.8322	2108.7651	2893.9079
766	69172.8470	-31037.6385	3518.8322	2108.7651	2897.6457
767	69264.4500	-31077.7497	3518.8322	2108.7651	2901.3836
768	69356.0529	-31117.8608	3518.8322	2108.7651	2905.1214
769	69447.6559	-31157.9719	3518.8322	2108.7651	2908.8593
770	69539.2588	-31198.0830	3518.8322	2108.7651	2912.5971
771	69630.8618	-31238.1941	3518.8322	2108.7651	2916.3350
772	69722.4647	-31278.3052	3518.8322	2108.7651	2920.0728
773	69814.0676	-31318.4163	3518.8322	2108.7651	2923.8107
774	69905.6706	-31358.5274	3518.8322	2108.7651	2927.5485
775	69997.2735	-31398.6385	3518.8322	2108.7651	2931.2864
776	70088.8765	-31438.7496	3518.8322	2108.7651	2935.0242
777	70180.4794	-31478.8607	3518.8322	2108.7651	2938.7621
778	70272.0824	-31518.9718	3518.8322	2108.7651	2942.4999
779	70363.6853	-31559.0830	3518.8322	2108.7651	2946.2378
780	70455.2882	-31599.1941	3518.8322	2108.7651	2949.9756
781	70546.8912	-31639.3052	3518.8322	2108.7651	2953.7135
782	70638.4941	-31679.4163	3518.8322	2108.7651	2957.4513
783	70730.0971	-31719.5274	3518.8322	2108.7651	2961.1892
784	70821.7000	-31759.6385	3518.8322	2108.7651	2964.9270
785	70913.3029	-31799.7496	3518.8322	2108.7651	2968.6649
786	71004.9059	-31839.8607	3518.8322	2108.7651	2972.4027
787	71096.5088	-31879.9718	3518.8322	2108.7651	2976.1406
788	71188.1118	-31920.0829	3518.8322	2108.7651	2979.8784
789	71279.7147	-31960.1940	3518.8322	2108.7651	2983.6163
790	71371.3177	-32000.3051	3518.8322	2108.7651	2987.3541
791	71462.9206	-32040.4163	3518.8322	2108.7651	2991.0920
792	71554.5235	-32080.5274	3518.8322	2108.7651	2994.8298
793	71646.1265	-32120.6385	3518.8322	2108.7651	2998.5677
794	71737.7294	-32160.7496	3518.8322	2108.7651	3002.3055
795	71829.3324	-32200.8607	3518.8322	2108.7651	3006.0434
796	71920.9353	-32240.9718	3518.8322	2108.7651	3009.7812
797	72012.5382	-32281.0829	3518.8322	2108.7651	3013.5191
798	72104.1412	-32321.1940	3518.8322	2108.7651	3017.2569
799	72195.7441	-32361.3051	3518.8322	2108.7651	3020.9948
800	72287.3471	-32401.4162	3518.8322	2108.7651	3024.7326
801	72378.9500	-32441.5273	3518.8322	2108.7651	3028.4705
802	72470.5530	-32481.6385	3518.8322	2108.7651	3032.2083
803	72562.1559	-32521.7496	3518.8322	2108.7651	3035.9462
804	72653.7588	-32561.8607	3518.8322	2108.7651	3039.6840
805	72745.3618	-32601.9718	3518.8322	2108.7651	3043.4219
806	72836.9647	-32642.0829	3518.8322	2108.7651	3047.1598
807	72928.5677	-32682.1940	3518.8322	2108.7651	3050.8976
808	73020.1706	-32722.3051	3518.8322	2108.7651	3054.6355
809	73111.7736	-32762.4162	3518.8322	2108.7651	3058.3733
810	73203.3765	-32802.5273	3518.8322	2108.7651	3062.1112
811	73294.9794	-32842.6384	3518.8322	2108.7651	3065.8490
812	73386.5824	-32882.7495	3518.8322	2108.7651	3069.5869
813	73478.1853	-32922.8606	3518.8322	2108.7651	3073.3247
814	73569.7883	-32962.9718	3518.8322	2108.7651	3077.0626
815	73661.3912	-33003.0829	3518.8322	2108.7651	3080.8004
816	73752.9941	-33043.1940	3518.8322	2108.7651	3084.5383
817	73844.5971	-33083.3051	3518.8322	2108.7651	3088.2761
818	73936.2000	-33123.4162	3518.8322	2108.7651	3092.0140
819	74027.8030	-33163.5273	3518.8322	2108.7651	3095.7518
820	74119.4059	-33203.6384	3518.8322	2108.7651	3099.4897
821	74211.0089	-33243.7495	3518.8322	2108.7651	3103.2275
822	74302.6118	-33283.8606	3518.8322	2108.7651	3106.9654
823	74394.2147	-33323.9717	3518.8322	2108.7651	3110.7032
824	74485.8177	-33364.0828	3518.8322	2108.7651	3114.4411
825	74577.4206	-33404.1940	3518.8322	2108.7651	3118.1789
826	74669.0236	-33444.3051	3518.8322	2108.7651	3121.9168
827	74760.6265	-33484.4162	3518.8322	2108.7651	3125.6546
828	74852.2294	-33524.5273	3518.8322	2108.7651	3129.3925
829	74943.8324	-33564.6384	3518.8322	2108.7651	3133.1303
830	75035.4353	-33604.7495	3518.8322	2108.7651	3136.8682
831	75127.0383	-33644.8606	3518.8322	2108.7651	3140.6060
832	75218.6412	-33684.9717	3518.8322	2108.7651	3144.3439
833	75310.2442	-33725.0828	3518.8322	2108.7651	3148.0817
834	75401.8471	-33765.1939	3518.8322	2108.7651	3151.8196
835	75493.4500	-33805.3050	3518.8322	2108.7651	3155.5574
836	75585.0530	-33845.4161	3518.8322	2108.7651	3159.2953
837	75676.6559	-33885.5273	3518.8322	2108.7651	3163.0331
838	75768.2589	-33925.6384	3518.8322	2108.7651	3166.7710
839	75859.8618	-33965.7495	3518.8322	2108.7651	3170.5088
840	75951.4647	-34005.8606	3518.8322	2108.7651	3174.2467
841	76043.0677	-34045.9717	3518.8322	2108.7651	3177.9845
842	76134.6706	-34086.0828	3518.8322	2108.7651	3181.7224
843	76226.2736	-34126.1939	3518.8322	2108.7651	3185.4602
844	76317.8765	-34166.3050	3518.8322	2108.7651	3189.1981
845	76409.4795	-34206.4161	3518.8322	2108.7651	3192.9359
846	76501.0824	-34246.5272	3518.8322	2108.7651	3196.6738
847	76592.6853	-34286.6383	3518.8322	2108.7651	3200.4116
848	76684.2883	-34326.7494	3518.8322	2108.7651	3204.1495
849	76775.8912	-34366.8606	3518.8322	2108.7651	3207.8873
850	76867.4942	-34406.9717	3518.8322	2108.7651	3211.6252
851	76959.0971	-34447.0828	3518.8322	2108.7651	3215.3630
852	77050.7001	-34487.1939	3518.8322	2108.7651	3219.1009
853	77142.3030	-34527.3050	3518.8322	2108.7651	3222.8387
854	77233.9059	-34567.4161	3518.8322	2108.7651	3226.5766
855	77325.5089	-34607.5272	3518.8322	2108.7651	3230.3144
856	77417.1118	-34647.6383	3518.8322	2108.7651	3234.0523
857	77508.7148	-34687.7494	3518.8322	2108.7651	3237.7901
858	77600.3177	-34727.8605	3518.8322	2108.7651	3241.5280
859	77691.9206	-34767.9716	3518.8322	2108.7651	3245.2658
860	77783.5236	-34808.0828	3518.8322	2108.7651	3249.0037
861	77875.1265	-34848.1939	3518.8322	2108.7651	3252.7415
862	77966.7295	-34888.3050	3518.8322	2108.7651	3256.4794
863	78058.3324	-34928.4161	3518.8322	2108.7651	3260.2172
864	78149.9354	-34968.5272	3518.8322	2108.7651	3263.9551
865	78241.5383	-35008.6383	3518.8322	2108.7651	3267.6929
866	78333.1412	-35048.7494	3518.8322	2108.7651	3271.4308
867	78424.7442	-35088.8605	3518.8322	2108.7651	3275.1686
868	78516.3471	-35128.9716	3518.8322	2108.7651	3278.9065
869	78607.9501	-35169.0827	3518.8322	2108.7651	3282.6443
870	78699.5530	-35209.1938	3518.8322	2108.7651	3286.3822
871	78791.1559	-35249.3049	3518.8322	2108.7651	3290.1200
872	78882.7589	-35289.4161	3518.8322	2108.7651	3293.8579
873	78974.3618	-35329.5272	3518.8322	2108.7651	3297.5957
874	79065.9648	-35369.6383	3518.8322	2108.7651	3301.3336
875	79157.5677	-35409.7494	3518.8322	2108.7651	3305.0714
876	79249.1707	-35449.8605	3518.8322	2108.7651	3308.8093
877	79340.7736	-35489.9716	3518.8322	2108.7651	3312.5471
878	79432.3765	-35530.0827	3518.8322	2108.7651	3316.2850
879	79523.9795	-35570.1938	3518.8322	2108.7651	3320.0228
880	79615.5824	-35610.3049	3518.8322	2108.7651	3323.7607
881	79707.1854	-35650.4160	3518.8322	2108.7651	3327.4985
882	79798.7883	-35690.5271	3518.8322	2108.7651	3331.2364
883	79890.3913	-35730.6383	3518.8322	2108.7651	3334.9742
884	79981.9942	-35770.7494	3518.8322	2108.7651	3338.7121
885	80073.5971	-35810.8605	3518.8322	2108.7651	3342.4499
886	80165.2001	-35850.9716	3518.8322	2108.7651	3346.1878
887	80256.8030	-35891.0827	3518.8322	2108.7651	3349.9256
888	80348.4060	-35931.1938	3518.8322	2108.7651	3353.6635
889	80440.0089	-35971.3049	3518.8322	2108.7651	3357.4013
890	80531.6118	-36011.4160	3518.8322	2108.7651	3361.1392
891	80623.2148	-36051.5271	3518.8322	2108.7651	3364.8770
892	80714.8177	-36091.6382	3518.8322	2108.7651	3368.6149
893	80806.4207	-36131.7493	3518.8322	2108.7651	3372.3527
894	80898.0236	-36171.8604	3518.8322	2108.7651	3376.0906
895	80989.6266	-36211.9716	3518.8322	2108.7651	3379.8284
896	81081.2295	-36252.0827	3518.8322	2108.7651	3383.5663
897	81172.8324	-36292.1938	3518.8322	2108.7651	3387.3041
898	81264.4354	-36332.3049	3518.8322	2108.7651	3391.0420
899	81356.0383	-36372.4160	3518.8322	2108.7651	3394.7798
900	81447.6413	-36412.5271	3518.8322	2108.7651	3398.5177
901	81539.2442	-36452.6382	3518.8322	2108.7651	3402.2555
902	81630.8471	-36492.7493	3518.8322	2108.7651	3405.9934
903	81722.4501	-36532.8604	3518.8322	2108.7651	3409.7312
904	81814.0530	-36572.9715	3518.8322	2108.7651	3413.4691
905	81905.6560	-36613.0826	3518.8322	2108.7651	3417.2069
906	81997.2589	-36653.1937	3518.8322	2108.7651	3420.9448
907	82088.8619	-36693.3049	3518.8322	2108.7651	3424.6826
908	82180.4648	-36733.4160	3518.8322	2108.7651	3428.4205
909	82272.0677	-36773.5271	3518.8322	2108.7651	3432.1583
910	82363.6707	-36813.6382	3518.8322	2108.7651	3435.8962
911	82455.2736	-36853.7493	3518.8322	2108.7651	3439.6340
912	82546.8766	-36893.8604	3518.8322	2108.7651	3443.3719
913	82638.4795	-36933.9715	3518.8322	2108.7651	3447.1097
914	82730.0825	-36974.0826	3518.8322	2108.7651	3450.8476
915	82821.6854	-37014.1937	3518.8322	2108.7651	3454.5854
916	82913.2883	-37054.3048	3518.8322	2108.7651	3458.3233
917	83004.8913	-37094.4159	3518.8322	2108.7651	3462.0611
918	83096.4942	-37134.5271	3518.8322	2108.7651	3465.7990
919	83188.0972	-37174.6382	3518.8322	2108.7651	3469.5368
920	83279.7001	-37214.7493	3518.8322	2108.7651	3473.2747
921	83371.3030	-37254.8604	3518.8322	2108.7651	3477.0125
922	83462.9060	-37294.9715	3518.8322	2108.7651	3480.7504
923	83554.5089	-37335.0826	3518.8322	2108.7651	3484.4882
924	83646.1119	-37375.1937	3518.8322	2108.7651	3488.2261
925	83737.7148	-37415.3048	3518.8322	2108.7651	3491.9639
926	83829.3178	-37455.4159	3518.8322	2108.7651	3495.7018
927	83920.9207	-37495.5270	3518.8322	2108.7651	3499.4396
928	84012.5236	-37535.6381	3518.8322	2108.7651	3503.1775
929	84104.1266	-37575.7492	3518.8322	2108.7651	3506.9153
930	84195.7295	-37615.8604	3518.8322	2108.7651	3510.6532
931	84287.3325	-37655.9715	3518.8322	2108.7651	3514.3910
932	84378.9354	-37696.0826	3518.8322	2108.7651	3518.1289
933	84470.5383	-37736.1937	3518.8322	2108.7651	3521.8667
934	84562.1413	-37776.3048	3518.8322	2108.7651	3525.6046
935	84653.7442	-37816.4159	3518.8322	2108.7651	3529.3425
936	84745.3472	-37856.5270	3518.8322	2108.7651	3533.0803
937	84836.9501	-37896.6381	3518.8322	2108.7651	3536.8182
938	84928.5531	-37936.7492	3518.8322	2108.7651	3540.5560
939	85020.1560	-37976.8603	3518.8322	2108.7651	3544.2939
940	85111.7589	-38016.9714	3518.8322	2108.7651	3548.0317
941	85203.3619	-38057.0825	3518.8322	2108.7651	3551.7696
942	85294.9648	-38097.1937	3518.8322	2108.7651	3555.5074
943	85386.5678	-38137.3048	3518.8322	2108.7651	3559.2453
944	85478.1707	-38177.4159	3518.8322	2108.7651	3562.9831
945	85569.7736	-38217.5270	3518.8322	2108.7651	3566.7210
946	85661.3766	-38257.6381	3518.8322	2108.7651	3570.4588
947	85752.9795	-38297.7492	3518.8322	2108.7651	3574.1967
948	85844.5825	-38337.8603	3518.8322	2108.7651	3577.9345
949	85936.1854	-38377.9714	3518.8322	2108.7651	3581.6724
950	86027.7884	-38418.0825	3518.8322	2108.7651	3585.4102
951	86119.3913	-38458.1936	3518.8322	2108.7651	3589.1481
952	86210.9942	-38498.3047	3518.8322	2108.7651	3592.8859
953	86302.5972	-38538.4159	3518.8322	2108.7651	3596.6238
954	86394.2001	-38578.5270	3518.8322	2108.7651	3600.3616
955	86485.8031	-38618.6381	3518.8322	2108.7651	3604.0995
956	86577.4060	-38658.7492	3518.8322	2108.7651	3607.8373
957	86669.0090	-38698.8603	3518.8322	2108.7651	3611.5752
958	86760.6119	-38738.9714	3518.8322	2108.7651	3615.3130
959	86852.2148	-38779.0825	3518.8322	2108.7651	3619.0509
960	86943.8178	-38819.1936	3518.8322	2108.7651	3622.7887
961	87035.4207	-38859.3047	3518.8322	2108.7651	3626.5266
962	87127.0237	-38899.4158	3518.8322	2108.7651	3630.2644
963	87218.6266	-38939.5269	3518.8322	2108.7651	3634.0023
964	87310.2295	-38979.6380	3518.8322	2108.7651	3637.7401
965	87401.8325	-39019.7492	3518.8322	2108.7651	3641.4780
966	87493.4354	-39059.8603	3518.8322	2108.7651	3645.2158
967	87585.0384	-39099.9714	3518.8322	2108.7651	3648.9537
968	87676.6413	-39140.0825	3518.8322	2108.7651	3652.6915
969	87768.2443	-39180.1936	3518.8322	2108.7651	3656.4294
970	87859.8472	-39220.3047	3518.8322	2108.7651	3660.1672
971	87951.4501	-39260.4158	3518.8322	2108.7651	3663.9051
972	88043.0531	-39300.5269	3518.8322	2108.7651	3667.6429
973	88134.6560	-39340.6380	3518.8322	2108.7651	3671.3808
974	88226.2590	-39380.7491	3518.8322	2108.7651	3675.1186
975	88317.8619	-39420.8602	3518.8322	2108.7651	3678.8565
976	88409.4648	-39460.9714	3518.8322	2108.7651	3682.5943
977	88501.0678	-39501.0825	3518.8322	2108.7651	3686.3322
978	88592.6707	-39541.1936	3518.8322	2108.7651	3690.0700
979	88684.2737	-39581.3047	3518.8322	2108.7651	3693.8079
980	88775.8766	-39621.4158	3518.8322	2108.7651	3697.5457
981	88867.4796	-39661.5269	3518.8322	2108.7651	3701.2836
982	88959.0825	-39701.6380	3518.8322	2108.7651	3705.0214
983	89050.6854	-39741.7491	3518.8322	2108.7651	3708.7593
984	89142.2884	-39781.8602	3518.8322	2108.7651	3712.4971
985	89233.8913	-39821.9713	3518.8322	2108.7651	3716.2350
986	89325.4943	-39862.0824	3518.8322	2108.7651	3719.9728
987	89417.0972	-39902.1935	3518.8322	2108.7651	3723.7107
988	89508.7002	-39942.3047	3518.8322	2108.7651	3727.4485
989	89600.3031	-39982.4158	3518.8322	2108.7651	3731.1864
990	89691.9060	-40022.5269	3518.8322	2108.7651	3734.9242
991	89783.5090	-40062.6380	3518.8322	2108.7651	3738.6621
992	89875.1119	-40102.7491	3518.8322	2108.7651	3742.3999
993	89966.7149	-40142.8602	3518.8322	2108.7651	3746.1378
994	90058.3178	-40182.9713	3518.8322	2108.7651	3749.8756
995	90149.9207	-40223.0824	3518.8322	2108.7651	3753.6135
996	90241.5237	-40263.1935	3518.8322	2108.7651	3757.3513
997	90333.1266	-40303.3046	3518.8322	2108.7651	3761.0892
998	90424.7296	-40343.4157	3518.8322	2108.7651	3764.8270
999	90516.3325	-40383.5268	3518.8322	2108.7651	3768.5649
